time,I,II,III,aVR,aVL,aVF,V1,V2,V3,V4,V5,V6
0.0,-0.054,-0.078,-0.024,0.068,-0.015,-0.054,0.034,-0.024,-0.005,-0.059,-0.02,-0.01
0.002,-0.049,-0.073,-0.024,0.063,-0.015,-0.049,0.039,-0.02,-0.005,-0.059,-0.015,-0.005
0.004,-0.078,-0.083,-0.005,0.083,-0.039,-0.044,0.029,-0.039,-0.02,-0.073,-0.024,-0.01
0.006,-0.098,-0.098,0.0,0.098,-0.049,-0.049,0.02,-0.063,-0.044,-0.088,-0.049,-0.02
0.008,-0.107,-0.107,0.0,0.107,-0.054,-0.054,0.01,-0.078,-0.059,-0.098,-0.044,-0.024
0.01,-0.112,-0.112,0.0,0.112,-0.059,-0.059,-0.015,-0.098,-0.083,-0.102,-0.063,-0.039
0.012,-0.112,-0.117,-0.005,0.117,-0.054,-0.063,-0.015,-0.093,-0.078,-0.093,-0.068,-0.034
0.014,-0.117,-0.122,-0.005,0.122,-0.059,-0.063,0.0,-0.078,-0.073,-0.102,-0.068,-0.049
0.016,-0.117,-0.117,0.0,0.117,-0.059,-0.059,0.015,-0.059,-0.049,-0.088,-0.054,-0.039
0.018,-0.102,-0.107,-0.005,0.107,-0.049,-0.059,0.029,-0.044,-0.029,-0.073,-0.034,-0.029
0.02,-0.098,-0.132,-0.034,0.117,-0.034,-0.083,0.044,-0.029,-0.01,-0.059,-0.02,-0.02
0.022,-0.102,-0.117,-0.015,0.112,-0.044,-0.068,0.044,-0.039,-0.015,-0.063,-0.02,-0.02
0.024,-0.093,-0.102,-0.01,0.098,-0.044,-0.059,0.024,-0.054,-0.039,-0.088,-0.034,-0.034
0.026,-0.107,-0.122,-0.015,0.117,-0.049,-0.068,0.005,-0.078,-0.063,-0.112,-0.059,-0.054
0.028,-0.137,-0.127,0.01,0.132,-0.073,-0.059,0.0,-0.083,-0.073,-0.117,-0.068,-0.059
0.03,-0.161,-0.142,0.02,0.151,-0.093,-0.063,-0.015,-0.098,-0.093,-0.132,-0.088,-0.068
0.032,-0.171,-0.137,0.034,0.156,-0.102,-0.054,-0.015,-0.102,-0.093,-0.117,-0.088,-0.059
0.034,-0.166,-0.127,0.039,0.146,-0.102,-0.044,-0.005,-0.088,-0.083,-0.107,-0.078,-0.059
0.036,-0.137,-0.122,0.015,0.132,-0.078,-0.054,0.0,-0.088,-0.083,-0.122,-0.083,-0.063
0.038,-0.122,-0.122,0.0,0.122,-0.063,-0.063,0.015,-0.073,-0.068,-0.112,-0.073,-0.059
0.04,-0.117,-0.127,-0.01,0.122,-0.054,-0.068,0.029,-0.059,-0.044,-0.112,-0.068,-0.063
0.042,-0.117,-0.127,-0.01,0.122,-0.054,-0.068,0.039,-0.054,-0.044,-0.107,-0.063,-0.059
0.044,-0.127,-0.122,0.005,0.127,-0.068,-0.059,0.029,-0.059,-0.049,-0.117,-0.063,-0.063
0.046,-0.127,-0.122,0.005,0.127,-0.068,-0.059,0.029,-0.063,-0.049,-0.117,-0.068,-0.063
0.048,-0.122,-0.117,0.005,0.122,-0.063,-0.059,0.01,-0.073,-0.059,-0.117,-0.078,-0.063
0.05,-0.151,-0.122,0.029,0.137,-0.093,-0.049,-0.01,-0.093,-0.078,-0.127,-0.088,-0.063
0.052,-0.151,-0.127,0.024,0.142,-0.088,-0.054,-0.024,-0.112,-0.098,-0.132,-0.093,-0.068
0.054,-0.142,-0.122,0.02,0.132,-0.083,-0.054,-0.01,-0.098,-0.088,-0.117,-0.083,-0.054
0.056,-0.156,-0.137,0.02,0.146,-0.088,-0.059,0.01,-0.078,-0.073,-0.117,-0.078,-0.054
0.058,-0.142,-0.142,0.0,0.142,-0.073,-0.073,0.015,-0.073,-0.063,-0.117,-0.083,-0.054
0.06,-0.107,-0.122,-0.015,0.117,-0.049,-0.068,0.029,-0.059,-0.059,-0.107,-0.078,-0.063
0.062,-0.102,-0.122,-0.02,0.112,-0.044,-0.073,0.034,-0.044,-0.044,-0.098,-0.068,-0.059
0.064,-0.112,-0.127,-0.015,0.122,-0.049,-0.073,0.034,-0.054,-0.049,-0.102,-0.078,-0.063
0.066,-0.112,-0.127,-0.015,0.122,-0.049,-0.073,0.02,-0.068,-0.063,-0.112,-0.098,-0.068
0.068,-0.127,-0.137,-0.01,0.132,-0.059,-0.073,0.01,-0.083,-0.073,-0.112,-0.098,-0.068
0.07,-0.127,-0.132,-0.005,0.132,-0.063,-0.068,0.0,-0.088,-0.093,-0.122,-0.098,-0.063
0.072,-0.132,-0.137,-0.005,0.137,-0.063,-0.073,-0.015,-0.098,-0.107,-0.122,-0.098,-0.068
0.074,-0.127,-0.146,-0.02,0.137,-0.054,-0.083,0.0,-0.088,-0.093,-0.107,-0.083,-0.063
0.076,-0.112,-0.137,-0.024,0.127,-0.044,-0.083,0.01,-0.078,-0.078,-0.102,-0.078,-0.063
0.078,-0.107,-0.132,-0.024,0.122,-0.044,-0.078,0.01,-0.068,-0.068,-0.098,-0.078,-0.068
0.08,-0.098,-0.117,-0.02,0.107,-0.039,-0.068,0.029,-0.039,-0.044,-0.078,-0.063,-0.068
0.082,-0.093,-0.112,-0.02,0.102,-0.039,-0.068,0.039,-0.034,-0.039,-0.083,-0.073,-0.073
0.084,-0.083,-0.117,-0.034,0.102,-0.024,-0.078,0.024,-0.054,-0.054,-0.093,-0.083,-0.083
0.086,-0.078,-0.107,-0.029,0.093,-0.024,-0.068,0.024,-0.059,-0.063,-0.107,-0.093,-0.078
0.088,-0.093,-0.112,-0.02,0.102,-0.039,-0.068,0.01,-0.073,-0.078,-0.132,-0.107,-0.083
0.09,-0.102,-0.112,-0.01,0.107,-0.049,-0.063,-0.01,-0.102,-0.102,-0.137,-0.117,-0.093
0.092,-0.107,-0.107,0.0,0.107,-0.054,-0.054,0.0,-0.102,-0.107,-0.137,-0.117,-0.088
0.094,-0.102,-0.098,0.005,0.102,-0.054,-0.049,0.005,-0.083,-0.093,-0.127,-0.112,-0.088
0.096,-0.088,-0.102,-0.015,0.098,-0.039,-0.059,0.005,-0.073,-0.078,-0.107,-0.102,-0.088
0.098,-0.073,-0.107,-0.034,0.093,-0.02,-0.073,0.015,-0.063,-0.063,-0.098,-0.088,-0.083
0.1,-0.068,-0.098,-0.029,0.083,-0.02,-0.063,0.029,-0.039,-0.034,-0.068,-0.063,-0.073
0.102,-0.059,-0.093,-0.034,0.078,-0.015,-0.063,0.034,-0.039,-0.029,-0.073,-0.063,-0.068
0.104,-0.059,-0.098,-0.039,0.078,-0.01,-0.068,0.02,-0.063,-0.054,-0.098,-0.073,-0.078
0.106,-0.063,-0.088,-0.024,0.078,-0.02,-0.059,0.024,-0.068,-0.049,-0.093,-0.073,-0.068
0.108,-0.078,-0.093,-0.015,0.088,-0.034,-0.054,0.015,-0.088,-0.073,-0.098,-0.078,-0.073
0.11,-0.083,-0.107,-0.024,0.098,-0.029,-0.068,0.0,-0.093,-0.088,-0.107,-0.088,-0.073
0.112,-0.083,-0.107,-0.024,0.098,-0.029,-0.068,-0.005,-0.093,-0.088,-0.102,-0.093,-0.078
0.114,-0.078,-0.107,-0.029,0.093,-0.024,-0.068,0.005,-0.078,-0.078,-0.098,-0.093,-0.088
0.116,-0.068,-0.093,-0.024,0.083,-0.024,-0.059,0.015,-0.068,-0.063,-0.083,-0.088,-0.078
0.118,-0.054,-0.098,-0.044,0.078,-0.005,-0.073,0.02,-0.054,-0.049,-0.073,-0.083,-0.078
0.12,-0.063,-0.132,-0.068,0.098,0.0,-0.102,0.034,-0.044,-0.034,-0.073,-0.073,-0.073
0.122,-0.054,-0.112,-0.059,0.083,0.0,-0.088,0.029,-0.054,-0.039,-0.078,-0.083,-0.078
0.124,-0.054,-0.102,-0.049,0.078,-0.005,-0.078,0.01,-0.073,-0.063,-0.093,-0.083,-0.078
0.126,-0.054,-0.088,-0.034,0.073,-0.01,-0.063,0.0,-0.088,-0.078,-0.102,-0.093,-0.078
0.128,-0.044,-0.068,-0.024,0.059,-0.01,-0.049,0.0,-0.088,-0.078,-0.093,-0.083,-0.073
0.13,-0.068,-0.083,-0.015,0.078,-0.029,-0.049,-0.02,-0.102,-0.098,-0.102,-0.093,-0.078
0.132,-0.068,-0.083,-0.015,0.078,-0.029,-0.049,-0.02,-0.107,-0.093,-0.093,-0.088,-0.068
0.134,-0.063,-0.073,-0.01,0.068,-0.029,-0.044,-0.01,-0.088,-0.078,-0.078,-0.073,-0.059
0.136,-0.063,-0.088,-0.024,0.078,-0.02,-0.059,0.005,-0.078,-0.073,-0.073,-0.063,-0.049
0.138,-0.044,-0.093,-0.049,0.068,0.0,-0.073,0.005,-0.068,-0.059,-0.073,-0.054,-0.044
0.14,-0.029,-0.098,-0.068,0.063,0.02,-0.083,0.015,-0.054,-0.049,-0.059,-0.044,-0.054
0.142,-0.044,-0.093,-0.049,0.068,0.0,-0.073,0.015,-0.073,-0.059,-0.078,-0.049,-0.059
0.144,-0.049,-0.083,-0.034,0.068,-0.01,-0.059,0.015,-0.073,-0.059,-0.083,-0.063,-0.063
0.146,-0.049,-0.093,-0.044,0.073,-0.005,-0.068,0.0,-0.078,-0.078,-0.088,-0.073,-0.073
0.148,-0.063,-0.098,-0.034,0.083,-0.015,-0.068,-0.01,-0.098,-0.088,-0.098,-0.078,-0.073
0.15,-0.073,-0.093,-0.02,0.083,-0.029,-0.059,-0.02,-0.102,-0.102,-0.093,-0.078,-0.068
0.152,-0.073,-0.098,-0.024,0.088,-0.024,-0.063,-0.024,-0.112,-0.107,-0.088,-0.083,-0.073
0.154,-0.063,-0.093,-0.029,0.078,-0.02,-0.063,-0.01,-0.102,-0.093,-0.083,-0.068,-0.059
0.156,-0.044,-0.068,-0.024,0.059,-0.01,-0.049,-0.005,-0.088,-0.078,-0.073,-0.054,-0.049
0.158,-0.049,-0.068,-0.02,0.059,-0.015,-0.044,0.0,-0.083,-0.078,-0.078,-0.059,-0.059
0.16,-0.034,-0.073,-0.039,0.054,0.0,-0.059,0.01,-0.073,-0.068,-0.078,-0.054,-0.068
0.162,-0.024,-0.063,-0.039,0.044,0.005,-0.054,0.02,-0.063,-0.049,-0.063,-0.044,-0.059
0.164,-0.044,-0.083,-0.039,0.063,-0.005,-0.063,0.015,-0.073,-0.059,-0.078,-0.054,-0.063
0.166,-0.044,-0.088,-0.044,0.068,0.0,-0.068,0.005,-0.088,-0.068,-0.083,-0.059,-0.068
0.168,-0.063,-0.098,-0.034,0.083,-0.015,-0.068,-0.015,-0.107,-0.093,-0.093,-0.073,-0.073
0.17,-0.063,-0.093,-0.029,0.078,-0.02,-0.063,-0.02,-0.127,-0.107,-0.098,-0.073,-0.068
0.172,-0.063,-0.102,-0.039,0.083,-0.015,-0.073,-0.029,-0.127,-0.112,-0.088,-0.073,-0.063
0.174,-0.068,-0.107,-0.039,0.088,-0.015,-0.073,-0.015,-0.117,-0.107,-0.093,-0.073,-0.068
0.176,-0.059,-0.088,-0.029,0.073,-0.015,-0.059,-0.005,-0.107,-0.098,-0.098,-0.073,-0.073
0.178,-0.029,-0.078,-0.049,0.054,0.01,-0.063,0.0,-0.098,-0.088,-0.093,-0.073,-0.073
0.18,-0.005,-0.068,-0.063,0.039,0.029,-0.068,0.01,-0.078,-0.078,-0.083,-0.068,-0.073
0.182,0.0,-0.054,-0.054,0.029,0.024,-0.054,0.029,-0.068,-0.054,-0.073,-0.054,-0.063
0.184,-0.02,-0.059,-0.039,0.039,0.01,-0.049,0.01,-0.083,-0.068,-0.083,-0.068,-0.063
0.186,-0.034,-0.078,-0.044,0.059,0.005,-0.063,0.0,-0.102,-0.083,-0.088,-0.073,-0.068
0.188,-0.039,-0.088,-0.049,0.063,0.005,-0.068,-0.02,-0.122,-0.107,-0.102,-0.088,-0.068
0.19,-0.049,-0.083,-0.034,0.068,-0.01,-0.059,-0.049,-0.151,-0.142,-0.117,-0.102,-0.078
0.192,-0.049,-0.088,-0.039,0.068,-0.005,-0.063,-0.044,-0.151,-0.151,-0.122,-0.102,-0.078
0.194,-0.044,-0.098,-0.054,0.073,0.005,-0.078,-0.034,-0.142,-0.142,-0.117,-0.098,-0.078
0.196,-0.044,-0.102,-0.059,0.073,0.005,-0.083,-0.029,-0.132,-0.132,-0.107,-0.093,-0.083
0.198,-0.034,-0.107,-0.073,0.073,0.02,-0.093,-0.024,-0.117,-0.127,-0.107,-0.088,-0.078
0.2,-0.005,-0.093,-0.088,0.049,0.039,-0.093,-0.005,-0.093,-0.088,-0.083,-0.068,-0.068
0.202,0.005,-0.073,-0.078,0.034,0.039,-0.078,0.005,-0.083,-0.078,-0.078,-0.063,-0.063
0.204,0.0,-0.068,-0.068,0.034,0.034,-0.068,-0.005,-0.093,-0.088,-0.093,-0.068,-0.063
0.206,-0.015,-0.073,-0.059,0.044,0.02,-0.068,-0.02,-0.112,-0.107,-0.098,-0.073,-0.068
0.208,-0.034,-0.078,-0.044,0.059,0.005,-0.063,-0.039,-0.127,-0.122,-0.107,-0.083,-0.073
0.21,-0.049,-0.078,-0.029,0.063,-0.01,-0.054,-0.049,-0.142,-0.137,-0.112,-0.093,-0.068
0.212,-0.039,-0.088,-0.049,0.063,0.005,-0.068,-0.054,-0.151,-0.146,-0.112,-0.093,-0.073
0.214,-0.039,-0.083,-0.044,0.063,0.0,-0.063,-0.039,-0.127,-0.132,-0.107,-0.088,-0.068
0.216,-0.039,-0.088,-0.049,0.063,0.005,-0.068,-0.029,-0.117,-0.122,-0.088,-0.083,-0.073
0.218,-0.029,-0.088,-0.059,0.059,0.015,-0.073,-0.024,-0.107,-0.107,-0.083,-0.078,-0.073
0.22,-0.029,-0.073,-0.044,0.054,0.005,-0.059,-0.005,-0.088,-0.088,-0.078,-0.068,-0.063
0.222,-0.005,-0.054,-0.049,0.029,0.02,-0.054,-0.01,-0.098,-0.093,-0.083,-0.068,-0.068
0.224,0.005,-0.044,-0.049,0.02,0.024,-0.049,-0.024,-0.107,-0.102,-0.093,-0.068,-0.068
0.226,-0.029,-0.059,-0.029,0.044,0.0,-0.044,-0.029,-0.117,-0.112,-0.098,-0.073,-0.068
0.228,-0.034,-0.068,-0.034,0.054,0.0,-0.054,-0.039,-0.127,-0.127,-0.098,-0.078,-0.068
0.23,-0.034,-0.059,-0.024,0.049,-0.005,-0.044,-0.049,-0.142,-0.142,-0.112,-0.088,-0.078
0.232,-0.039,-0.073,-0.034,0.059,-0.005,-0.054,-0.049,-0.142,-0.142,-0.102,-0.088,-0.073
0.234,-0.034,-0.063,-0.029,0.049,-0.005,-0.049,-0.034,-0.122,-0.122,-0.088,-0.068,-0.059
0.236,-0.024,-0.063,-0.039,0.044,0.005,-0.054,-0.029,-0.122,-0.122,-0.088,-0.068,-0.054
0.238,-0.024,-0.068,-0.044,0.049,0.01,-0.059,-0.034,-0.117,-0.122,-0.083,-0.068,-0.059
0.24,0.0,-0.068,-0.068,0.034,0.034,-0.068,-0.01,-0.093,-0.098,-0.073,-0.054,-0.049
0.242,-0.005,-0.059,-0.054,0.034,0.024,-0.059,-0.015,-0.098,-0.098,-0.078,-0.054,-0.059
0.244,-0.02,-0.059,-0.039,0.039,0.01,-0.049,-0.01,-0.088,-0.098,-0.073,-0.059,-0.059
0.246,-0.02,-0.059,-0.039,0.039,0.01,-0.049,-0.015,-0.098,-0.098,-0.078,-0.059,-0.059
0.248,-0.015,-0.054,-0.039,0.034,0.01,-0.049,-0.029,-0.112,-0.117,-0.093,-0.073,-0.063
0.25,-0.02,-0.044,-0.024,0.034,0.0,-0.034,-0.034,-0.122,-0.127,-0.098,-0.073,-0.063
0.252,-0.015,-0.049,-0.034,0.034,0.01,-0.044,-0.039,-0.137,-0.142,-0.107,-0.093,-0.063
0.254,-0.024,-0.068,-0.044,0.049,0.01,-0.059,-0.039,-0.142,-0.142,-0.112,-0.102,-0.073
0.256,-0.029,-0.068,-0.039,0.049,0.005,-0.054,-0.034,-0.122,-0.132,-0.107,-0.088,-0.063
0.258,-0.034,-0.054,-0.02,0.044,-0.01,-0.039,-0.024,-0.112,-0.122,-0.098,-0.083,-0.063
0.26,-0.01,-0.049,-0.039,0.029,0.015,-0.044,-0.01,-0.093,-0.102,-0.098,-0.073,-0.068
0.262,0.005,-0.063,-0.068,0.029,0.034,-0.068,-0.005,-0.088,-0.098,-0.078,-0.063,-0.063
0.264,-0.015,-0.068,-0.054,0.044,0.02,-0.063,-0.015,-0.098,-0.102,-0.083,-0.068,-0.063
0.266,-0.01,-0.049,-0.039,0.029,0.015,-0.044,-0.029,-0.107,-0.112,-0.088,-0.078,-0.068
0.268,-0.015,-0.039,-0.024,0.029,0.005,-0.034,-0.024,-0.112,-0.112,-0.078,-0.068,-0.059
0.27,-0.024,-0.039,-0.015,0.034,-0.005,-0.029,-0.034,-0.132,-0.137,-0.088,-0.073,-0.054
0.272,-0.029,-0.029,0.0,0.029,-0.015,-0.015,-0.039,-0.132,-0.137,-0.083,-0.063,-0.044
0.274,-0.015,-0.024,-0.01,0.02,-0.005,-0.02,-0.029,-0.112,-0.122,-0.073,-0.054,-0.044
0.276,-0.005,0.0,0.005,0.005,-0.005,0.0,-0.015,-0.107,-0.112,-0.068,-0.049,-0.039
0.278,-0.005,0.005,0.01,0.0,-0.01,0.005,-0.005,-0.088,-0.093,-0.054,-0.039,-0.034
0.28,0.015,0.005,-0.01,-0.01,0.01,-0.005,0.01,-0.068,-0.068,-0.044,-0.024,-0.024
0.282,0.029,0.02,-0.01,-0.024,0.02,0.005,0.02,-0.059,-0.059,-0.034,-0.024,-0.024
0.284,0.015,0.01,-0.005,-0.01,0.01,0.0,0.015,-0.068,-0.063,-0.039,-0.029,-0.024
0.286,-0.005,0.005,0.01,0.0,-0.01,0.005,0.01,-0.073,-0.078,-0.044,-0.029,-0.015
0.288,0.0,0.015,0.015,-0.005,-0.01,0.015,0.0,-0.088,-0.088,-0.054,-0.044,-0.02
0.29,-0.01,0.005,0.015,0.005,-0.015,0.01,-0.029,-0.117,-0.112,-0.073,-0.059,-0.034
0.292,-0.005,0.01,0.015,0.0,-0.01,0.01,-0.024,-0.112,-0.107,-0.068,-0.054,-0.024
0.294,0.005,0.029,0.024,-0.015,-0.01,0.024,-0.005,-0.088,-0.083,-0.054,-0.034,-0.02
0.296,-0.005,0.029,0.034,-0.01,-0.02,0.029,0.005,-0.073,-0.073,-0.034,-0.029,-0.015
0.298,-0.005,0.02,0.024,-0.005,-0.015,0.02,0.024,-0.039,-0.049,-0.029,-0.02,-0.015
0.3,0.02,0.024,0.005,-0.02,0.005,0.015,0.049,-0.015,-0.029,-0.015,-0.01,-0.02
0.302,0.034,0.039,0.005,-0.034,0.015,0.02,0.044,-0.015,-0.024,-0.015,-0.005,-0.02
0.304,0.034,0.054,0.02,-0.044,0.005,0.034,0.015,-0.029,-0.044,-0.029,-0.01,-0.015
0.306,0.01,0.034,0.024,-0.02,-0.01,0.029,0.0,-0.054,-0.059,-0.034,-0.02,-0.01
0.308,0.005,0.044,0.039,-0.024,-0.02,0.039,-0.02,-0.059,-0.059,-0.029,-0.01,0.005
0.31,0.0,0.049,0.049,-0.024,-0.024,0.049,-0.049,-0.083,-0.088,-0.039,-0.029,0.0
0.312,0.0,0.044,0.044,-0.02,-0.024,0.044,-0.078,-0.107,-0.102,-0.049,-0.034,-0.005
0.314,0.015,0.049,0.034,-0.029,-0.01,0.039,-0.078,-0.093,-0.093,-0.039,-0.02,0.01
0.316,0.02,0.054,0.034,-0.034,-0.01,0.044,-0.073,-0.088,-0.083,-0.029,-0.01,0.01
0.318,0.015,0.059,0.044,-0.034,-0.015,0.049,-0.059,-0.068,-0.063,-0.02,0.015,0.034
0.32,0.049,0.068,0.02,-0.059,0.015,0.044,-0.039,-0.044,-0.044,0.0,0.029,0.034
0.322,0.068,0.068,0.0,-0.068,0.034,0.034,-0.029,-0.039,-0.029,0.005,0.029,0.034
0.324,0.068,0.078,0.01,-0.073,0.029,0.044,-0.034,-0.049,-0.039,-0.01,0.02,0.029
0.326,0.044,0.059,0.015,-0.049,0.015,0.034,-0.024,-0.044,-0.039,-0.005,0.015,0.034
0.328,0.029,0.049,0.02,-0.039,0.005,0.034,-0.034,-0.059,-0.059,-0.024,-0.005,0.02
0.33,0.02,0.049,0.029,-0.034,-0.005,0.039,-0.059,-0.083,-0.093,-0.049,-0.029,0.005
0.332,0.015,0.049,0.034,-0.029,-0.01,0.039,-0.063,-0.093,-0.102,-0.049,-0.029,0.0
0.334,0.0,0.029,0.029,-0.015,-0.015,0.029,-0.059,-0.088,-0.102,-0.049,-0.029,-0.005
0.336,0.01,0.02,0.01,-0.015,0.0,0.015,-0.054,-0.083,-0.098,-0.049,-0.029,-0.005
0.338,0.015,0.0,-0.015,-0.005,0.015,-0.01,-0.054,-0.088,-0.098,-0.054,-0.034,-0.01
0.34,0.024,0.005,-0.02,-0.015,0.02,-0.01,-0.034,-0.068,-0.078,-0.044,-0.02,0.005
0.342,0.044,0.015,-0.029,-0.029,0.034,-0.01,-0.024,-0.068,-0.073,-0.044,-0.015,0.0
0.344,0.02,0.005,-0.015,-0.01,0.015,-0.005,-0.034,-0.083,-0.088,-0.054,-0.024,-0.01
0.346,0.024,-0.005,-0.029,-0.01,0.024,-0.02,-0.029,-0.078,-0.098,-0.059,-0.024,-0.005
0.348,-0.015,-0.029,-0.015,0.024,0.0,-0.024,-0.039,-0.093,-0.107,-0.073,-0.039,-0.015
0.35,-0.034,-0.02,0.015,0.029,-0.024,-0.005,-0.044,-0.107,-0.127,-0.078,-0.049,-0.02
0.352,-0.044,-0.024,0.02,0.034,-0.034,-0.005,-0.044,-0.102,-0.137,-0.083,-0.059,-0.029
0.354,-0.059,-0.039,0.02,0.049,-0.039,-0.01,-0.039,-0.098,-0.137,-0.088,-0.063,-0.034
0.356,-0.039,-0.034,0.005,0.039,-0.024,-0.015,-0.044,-0.102,-0.142,-0.093,-0.073,-0.044
0.358,-0.034,-0.044,-0.01,0.039,-0.015,-0.029,-0.039,-0.093,-0.142,-0.093,-0.078,-0.049
0.36,-0.034,-0.054,-0.02,0.044,-0.01,-0.039,-0.024,-0.078,-0.127,-0.093,-0.073,-0.049
0.362,-0.015,-0.02,-0.005,0.02,-0.005,-0.015,-0.01,-0.068,-0.107,-0.083,-0.059,-0.034
0.364,-0.024,-0.039,-0.015,0.034,-0.005,-0.029,-0.01,-0.073,-0.112,-0.093,-0.068,-0.039
0.366,-0.024,-0.044,-0.02,0.034,-0.005,-0.034,-0.015,-0.078,-0.117,-0.088,-0.073,-0.044
0.368,-0.02,-0.024,-0.005,0.024,-0.01,-0.015,-0.015,-0.083,-0.122,-0.083,-0.068,-0.034
0.37,-0.034,-0.029,0.005,0.034,-0.02,-0.015,-0.039,-0.102,-0.146,-0.098,-0.083,-0.039
0.372,-0.039,-0.044,-0.005,0.044,-0.02,-0.024,-0.049,-0.117,-0.156,-0.107,-0.098,-0.044
0.374,-0.049,-0.054,-0.005,0.054,-0.024,-0.029,-0.044,-0.117,-0.156,-0.112,-0.107,-0.044
0.376,-0.039,-0.044,-0.005,0.044,-0.02,-0.024,-0.024,-0.098,-0.137,-0.093,-0.093,-0.039
0.378,-0.024,-0.044,-0.02,0.034,-0.005,-0.034,-0.02,-0.083,-0.127,-0.088,-0.083,-0.034
0.38,-0.01,-0.044,-0.034,0.029,0.01,-0.039,-0.005,-0.063,-0.102,-0.073,-0.068,-0.029
0.382,0.0,-0.034,-0.034,0.02,0.015,-0.034,0.005,-0.059,-0.098,-0.068,-0.073,-0.034
0.384,0.0,-0.034,-0.034,0.02,0.015,-0.034,0.0,-0.063,-0.107,-0.078,-0.068,-0.034
0.386,-0.005,-0.029,-0.024,0.02,0.01,-0.029,-0.015,-0.078,-0.127,-0.088,-0.083,-0.034
0.388,-0.01,-0.029,-0.02,0.02,0.005,-0.024,-0.015,-0.083,-0.132,-0.093,-0.083,-0.029
0.39,-0.029,-0.034,-0.005,0.034,-0.015,-0.02,-0.034,-0.102,-0.156,-0.098,-0.098,-0.039
0.392,-0.034,-0.039,-0.005,0.039,-0.015,-0.024,-0.039,-0.102,-0.156,-0.088,-0.098,-0.039
0.394,-0.029,-0.029,0.0,0.029,-0.015,-0.015,-0.024,-0.078,-0.137,-0.078,-0.088,-0.039
0.396,-0.029,-0.039,-0.01,0.034,-0.01,-0.024,-0.01,-0.068,-0.122,-0.068,-0.083,-0.034
0.398,-0.024,-0.034,-0.01,0.029,-0.01,-0.024,-0.01,-0.054,-0.112,-0.063,-0.073,-0.029
0.4,-0.005,-0.024,-0.02,0.015,0.005,-0.024,0.005,-0.039,-0.098,-0.054,-0.068,-0.029
0.402,0.0,-0.02,-0.02,0.01,0.01,-0.02,0.005,-0.049,-0.102,-0.063,-0.068,-0.034
0.404,-0.015,-0.02,-0.005,0.02,-0.005,-0.015,0.0,-0.059,-0.112,-0.078,-0.078,-0.034
0.406,-0.029,-0.029,0.0,0.029,-0.015,-0.015,0.0,-0.063,-0.112,-0.073,-0.073,-0.029
0.408,-0.039,-0.044,-0.005,0.044,-0.02,-0.024,-0.005,-0.063,-0.117,-0.073,-0.073,-0.029
0.41,-0.029,-0.029,0.0,0.029,-0.015,-0.015,-0.024,-0.078,-0.137,-0.083,-0.093,-0.034
0.412,-0.034,-0.039,-0.005,0.039,-0.015,-0.024,-0.02,-0.068,-0.127,-0.073,-0.093,-0.034
0.414,-0.01,-0.034,-0.024,0.024,0.005,-0.029,0.0,-0.039,-0.102,-0.059,-0.088,-0.039
0.416,-0.01,-0.039,-0.029,0.024,0.01,-0.034,0.044,0.02,-0.044,-0.024,-0.078,-0.044
0.418,-0.02,-0.015,0.005,0.02,-0.015,-0.005,0.112,0.127,0.049,0.039,-0.059,-0.034
0.42,0.015,0.029,0.015,-0.02,0.0,0.02,0.171,0.224,0.146,0.102,-0.024,-0.029
0.422,0.034,0.068,0.034,-0.049,0.0,0.049,0.19,0.268,0.224,0.181,0.029,0.005
0.424,0.044,0.078,0.034,-0.059,0.005,0.054,0.181,0.298,0.293,0.278,0.102,0.044
0.426,0.068,0.098,0.029,-0.083,0.02,0.063,0.19,0.376,0.39,0.395,0.19,0.102
0.428,0.088,0.146,0.059,-0.117,0.015,0.102,0.2,0.464,0.532,0.561,0.317,0.185
0.43,0.132,0.205,0.073,-0.166,0.029,0.137,0.19,0.508,0.669,0.776,0.488,0.303
0.432,0.19,0.229,0.039,-0.21,0.073,0.132,0.205,0.586,0.83,1.02,0.688,0.425
0.434,0.249,0.264,0.015,-0.254,0.117,0.137,0.244,0.683,1.02,1.269,0.874,0.542
0.436,0.322,0.298,-0.024,-0.307,0.171,0.137,0.259,0.732,1.161,1.469,1.035,0.639
0.438,0.381,0.332,-0.049,-0.356,0.215,0.142,0.2,0.747,1.259,1.62,1.196,0.761
0.44,0.459,0.386,-0.073,-0.42,0.264,0.156,0.127,0.712,1.308,1.708,1.308,0.859
0.442,0.532,0.464,-0.068,-0.498,0.298,0.195,0.015,0.595,1.235,1.654,1.342,0.917
0.444,0.537,0.508,-0.029,-0.522,0.283,0.239,-0.117,0.42,1.059,1.493,1.288,0.956
0.446,0.517,0.522,0.005,-0.517,0.254,0.264,-0.239,0.205,0.791,1.235,1.171,0.927
0.448,0.454,0.522,0.068,-0.488,0.19,0.293,-0.356,-0.122,0.337,0.786,0.927,0.839
0.45,0.273,0.488,0.215,-0.381,0.029,0.351,-0.498,-0.654,-0.415,0.054,0.527,0.673
0.452,0.142,0.468,0.327,-0.303,-0.093,0.395,-0.6,-1.142,-1.108,-0.576,0.185,0.532
0.454,0.063,0.434,0.371,-0.249,-0.156,0.4,-0.639,-1.41,-1.498,-0.952,-0.068,0.395
0.456,-0.015,0.376,0.39,-0.181,-0.205,0.381,-0.683,-1.537,-1.684,-1.186,-0.322,0.22
0.458,-0.059,0.283,0.342,-0.112,-0.2,0.312,-0.722,-1.547,-1.679,-1.24,-0.473,0.073
0.46,-0.093,0.171,0.264,-0.039,-0.181,0.215,-0.722,-1.464,-1.586,-1.196,-0.517,-0.024
0.462,-0.132,0.122,0.254,0.005,-0.195,0.185,-0.732,-1.396,-1.484,-1.127,-0.542,-0.098
0.464,-0.19,0.122,0.312,0.034,-0.254,0.215,-0.781,-1.381,-1.43,-1.064,-0.527,-0.112
0.466,-0.21,0.122,0.332,0.044,-0.273,0.224,-0.825,-1.362,-1.391,-1.02,-0.512,-0.107
0.468,-0.19,0.122,0.312,0.034,-0.254,0.215,-0.82,-1.283,-1.308,-0.966,-0.498,-0.107
0.47,-0.181,0.078,0.259,0.054,-0.22,0.166,-0.766,-1.171,-1.205,-0.898,-0.478,-0.117
0.472,-0.161,0.078,0.239,0.044,-0.2,0.156,-0.698,-1.039,-1.088,-0.81,-0.449,-0.117
0.474,-0.146,0.044,0.19,0.054,-0.171,0.117,-0.62,-0.888,-0.947,-0.703,-0.415,-0.117
0.476,-0.117,0.02,0.137,0.049,-0.127,0.078,-0.522,-0.737,-0.805,-0.605,-0.371,-0.137
0.478,-0.073,0.01,0.083,0.034,-0.078,0.044,-0.41,-0.561,-0.634,-0.473,-0.307,-0.107
0.48,-0.029,0.01,0.039,0.01,-0.034,0.024,-0.303,-0.41,-0.473,-0.351,-0.244,-0.083
0.482,-0.005,0.0,0.005,0.005,-0.005,0.0,-0.21,-0.283,-0.351,-0.259,-0.185,-0.063
0.484,-0.005,0.015,0.02,-0.005,-0.015,0.015,-0.142,-0.215,-0.288,-0.2,-0.151,-0.044
0.486,-0.005,0.029,0.034,-0.01,-0.02,0.029,-0.112,-0.185,-0.264,-0.171,-0.137,-0.034
0.488,0.005,0.039,0.034,-0.02,-0.015,0.034,-0.093,-0.171,-0.259,-0.176,-0.142,-0.034
0.49,-0.024,0.029,0.054,0.0,-0.039,0.039,-0.068,-0.142,-0.234,-0.156,-0.142,-0.029
0.492,-0.034,0.024,0.059,0.005,-0.049,0.039,-0.049,-0.117,-0.22,-0.156,-0.146,-0.049
0.494,-0.01,0.024,0.034,-0.005,-0.024,0.029,-0.02,-0.083,-0.185,-0.132,-0.146,-0.054
0.496,-0.005,0.01,0.015,0.0,-0.01,0.01,0.024,-0.024,-0.132,-0.088,-0.127,-0.044
0.498,0.015,0.005,-0.01,-0.01,0.01,-0.005,0.049,0.01,-0.098,-0.063,-0.112,-0.049
0.5,0.044,0.005,-0.039,-0.024,0.039,-0.02,0.078,0.044,-0.063,-0.039,-0.088,-0.024
0.502,0.044,0.005,-0.039,-0.024,0.039,-0.02,0.093,0.054,-0.049,-0.034,-0.073,-0.024
0.504,0.02,-0.01,-0.029,-0.005,0.024,-0.02,0.088,0.049,-0.054,-0.034,-0.073,-0.024
0.506,0.024,0.0,-0.024,-0.01,0.024,-0.015,0.088,0.049,-0.049,-0.039,-0.078,-0.02
0.508,0.034,0.01,-0.024,-0.02,0.029,-0.01,0.073,0.039,-0.063,-0.049,-0.093,-0.034
0.51,0.015,0.01,-0.005,-0.01,0.01,0.0,0.059,0.029,-0.073,-0.059,-0.112,-0.044
0.512,0.024,0.0,-0.024,-0.01,0.024,-0.015,0.059,0.034,-0.063,-0.044,-0.112,-0.054
0.514,0.029,0.005,-0.024,-0.015,0.024,-0.01,0.073,0.059,-0.044,-0.02,-0.102,-0.044
0.516,0.024,0.01,-0.015,-0.015,0.02,-0.005,0.088,0.083,-0.02,-0.005,-0.083,-0.024
0.518,0.049,0.0,-0.049,-0.024,0.049,-0.024,0.102,0.088,-0.015,0.0,-0.078,-0.024
0.52,0.068,0.0,-0.068,-0.034,0.068,-0.034,0.117,0.102,0.01,0.0,-0.054,-0.01
0.522,0.078,0.01,-0.068,-0.044,0.073,-0.029,0.117,0.107,0.015,-0.01,-0.059,-0.015
0.524,0.068,0.015,-0.054,-0.039,0.059,-0.02,0.117,0.098,0.005,-0.015,-0.073,-0.02
0.526,0.063,0.024,-0.039,-0.044,0.049,-0.01,0.107,0.098,0.0,-0.02,-0.078,-0.024
0.528,0.073,0.024,-0.049,-0.049,0.059,-0.015,0.112,0.102,0.005,-0.01,-0.078,-0.02
0.53,0.059,0.024,-0.034,-0.039,0.044,-0.005,0.098,0.093,-0.005,-0.01,-0.083,-0.02
0.532,0.049,0.01,-0.039,-0.029,0.044,-0.015,0.088,0.088,-0.015,-0.01,-0.083,-0.02
0.534,0.049,-0.015,-0.063,-0.015,0.054,-0.039,0.093,0.093,-0.015,-0.005,-0.073,-0.015
0.536,0.054,-0.02,-0.073,-0.015,0.063,-0.049,0.098,0.098,0.0,0.005,-0.059,-0.005
0.538,0.078,0.01,-0.068,-0.044,0.073,-0.029,0.102,0.102,0.005,0.0,-0.054,-0.005
0.54,0.078,0.015,-0.063,-0.044,0.068,-0.024,0.112,0.117,0.015,0.005,-0.059,-0.01
0.542,0.088,0.015,-0.073,-0.049,0.078,-0.029,0.127,0.142,0.034,0.015,-0.049,-0.015
0.544,0.093,0.02,-0.073,-0.054,0.083,-0.029,0.132,0.142,0.039,0.02,-0.054,-0.01
0.546,0.088,0.024,-0.063,-0.054,0.073,-0.02,0.132,0.146,0.044,0.02,-0.063,-0.015
0.548,0.083,0.029,-0.054,-0.054,0.068,-0.015,0.132,0.142,0.044,0.015,-0.054,-0.01
0.55,0.059,0.015,-0.044,-0.034,0.049,-0.015,0.117,0.117,0.02,0.005,-0.063,-0.005
0.552,0.073,0.005,-0.068,-0.039,0.068,-0.034,0.107,0.107,0.01,0.0,-0.063,-0.01
0.554,0.093,0.015,-0.078,-0.054,0.083,-0.034,0.107,0.117,0.01,-0.005,-0.063,-0.01
0.556,0.093,0.005,-0.088,-0.049,0.088,-0.044,0.112,0.122,0.02,0.0,-0.063,0.0
0.558,0.102,0.0,-0.102,-0.049,0.102,-0.054,0.127,0.146,0.039,0.01,-0.063,-0.01
0.56,0.112,-0.005,-0.117,-0.054,0.112,-0.063,0.146,0.166,0.063,0.024,-0.059,-0.015
0.562,0.107,0.0,-0.107,-0.054,0.107,-0.054,0.151,0.176,0.083,0.029,-0.059,-0.02
0.564,0.093,0.01,-0.083,-0.049,0.088,-0.039,0.151,0.181,0.083,0.044,-0.059,-0.02
0.566,0.098,0.02,-0.078,-0.059,0.088,-0.029,0.137,0.166,0.059,0.029,-0.063,-0.02
0.568,0.102,0.015,-0.088,-0.059,0.093,-0.039,0.137,0.161,0.059,0.029,-0.063,-0.015
0.57,0.107,0.02,-0.088,-0.063,0.098,-0.034,0.122,0.146,0.044,0.02,-0.068,-0.005
0.572,0.102,0.015,-0.088,-0.059,0.093,-0.039,0.117,0.146,0.034,0.01,-0.073,0.0
0.574,0.117,0.034,-0.083,-0.073,0.098,-0.024,0.122,0.161,0.049,0.02,-0.063,0.0
0.576,0.112,0.029,-0.083,-0.068,0.098,-0.029,0.151,0.19,0.078,0.039,-0.044,0.01
0.578,0.102,0.005,-0.098,-0.054,0.098,-0.049,0.156,0.2,0.093,0.034,-0.049,-0.01
0.58,0.137,0.015,-0.122,-0.073,0.127,-0.054,0.166,0.215,0.107,0.049,-0.049,-0.015
0.582,0.166,0.034,-0.132,-0.098,0.146,-0.049,0.181,0.224,0.122,0.054,-0.039,-0.015
0.584,0.156,0.039,-0.117,-0.098,0.137,-0.039,0.166,0.21,0.117,0.054,-0.039,-0.005
0.586,0.142,0.039,-0.102,-0.088,0.122,-0.034,0.156,0.21,0.112,0.049,-0.034,0.01
0.588,0.132,0.034,-0.098,-0.083,0.112,-0.034,0.156,0.205,0.102,0.044,-0.034,0.01
0.59,0.127,0.034,-0.093,-0.078,0.107,-0.029,0.151,0.2,0.093,0.034,-0.049,0.005
0.592,0.117,0.034,-0.083,-0.073,0.098,-0.024,0.146,0.2,0.088,0.034,-0.054,-0.01
0.594,0.132,0.034,-0.098,-0.083,0.112,-0.034,0.161,0.229,0.117,0.054,-0.059,-0.005
0.596,0.137,0.039,-0.098,-0.088,0.117,-0.029,0.181,0.254,0.142,0.068,-0.049,-0.005
0.598,0.142,0.029,-0.112,-0.083,0.127,-0.044,0.185,0.268,0.166,0.083,-0.034,0.0
0.6,0.181,0.054,-0.127,-0.117,0.151,-0.039,0.205,0.293,0.19,0.093,-0.015,0.01
0.602,0.19,0.054,-0.137,-0.122,0.161,-0.044,0.22,0.298,0.2,0.098,-0.005,0.005
0.604,0.176,0.054,-0.122,-0.112,0.146,-0.034,0.21,0.288,0.185,0.093,-0.005,0.01
0.606,0.176,0.054,-0.122,-0.112,0.146,-0.034,0.22,0.293,0.185,0.083,-0.015,0.01
0.608,0.161,0.054,-0.107,-0.107,0.132,-0.029,0.2,0.288,0.176,0.073,-0.034,0.005
0.61,0.137,0.044,-0.093,-0.088,0.112,-0.024,0.19,0.293,0.176,0.078,-0.049,0.0
0.612,0.137,0.049,-0.088,-0.093,0.112,-0.02,0.195,0.298,0.19,0.083,-0.054,-0.01
0.614,0.151,0.059,-0.093,-0.102,0.122,-0.02,0.215,0.327,0.21,0.112,-0.029,0.0
0.616,0.171,0.068,-0.102,-0.117,0.137,-0.02,0.234,0.351,0.234,0.127,-0.005,0.02
0.618,0.19,0.063,-0.127,-0.127,0.156,-0.034,0.259,0.381,0.264,0.151,0.02,0.029
0.62,0.2,0.068,-0.132,-0.132,0.166,-0.034,0.268,0.405,0.298,0.171,0.044,0.039
0.622,0.205,0.059,-0.146,-0.132,0.176,-0.044,0.278,0.42,0.307,0.171,0.049,0.044
0.624,0.205,0.063,-0.142,-0.132,0.171,-0.039,0.268,0.415,0.317,0.176,0.039,0.039
0.626,0.205,0.073,-0.132,-0.137,0.166,-0.029,0.268,0.429,0.317,0.181,0.034,0.034
0.628,0.205,0.083,-0.122,-0.142,0.161,-0.02,0.283,0.449,0.332,0.19,0.049,0.034
0.63,0.185,0.083,-0.102,-0.132,0.142,-0.01,0.264,0.439,0.332,0.2,0.044,0.039
0.632,0.185,0.093,-0.093,-0.137,0.137,0.0,0.264,0.459,0.346,0.22,0.059,0.054
0.634,0.195,0.098,-0.098,-0.146,0.146,0.0,0.278,0.478,0.361,0.239,0.068,0.068
0.636,0.224,0.098,-0.127,-0.161,0.176,-0.015,0.288,0.493,0.381,0.249,0.078,0.073
0.638,0.244,0.112,-0.132,-0.176,0.185,-0.01,0.298,0.517,0.405,0.264,0.093,0.088
0.64,0.254,0.127,-0.127,-0.19,0.19,0.0,0.317,0.551,0.444,0.283,0.117,0.102
0.642,0.264,0.142,-0.122,-0.2,0.19,0.01,0.322,0.571,0.468,0.303,0.122,0.098
0.644,0.264,0.137,-0.127,-0.2,0.195,0.005,0.332,0.576,0.483,0.312,0.137,0.107
0.646,0.259,0.142,-0.117,-0.2,0.185,0.01,0.332,0.59,0.493,0.317,0.142,0.102
0.648,0.273,0.146,-0.127,-0.21,0.2,0.01,0.322,0.586,0.503,0.337,0.146,0.117
0.65,0.268,0.156,-0.112,-0.21,0.19,0.02,0.298,0.571,0.493,0.346,0.156,0.132
0.652,0.264,0.151,-0.112,-0.205,0.185,0.02,0.288,0.566,0.498,0.356,0.166,0.142
0.654,0.268,0.171,-0.098,-0.22,0.181,0.034,0.298,0.59,0.512,0.371,0.181,0.161
0.656,0.293,0.176,-0.117,-0.234,0.205,0.029,0.293,0.605,0.537,0.39,0.195,0.151
0.658,0.298,0.19,-0.107,-0.244,0.2,0.039,0.317,0.63,0.566,0.41,0.215,0.171
0.66,0.312,0.2,-0.112,-0.254,0.21,0.044,0.337,0.669,0.605,0.444,0.244,0.176
0.662,0.342,0.205,-0.137,-0.273,0.239,0.034,0.327,0.669,0.62,0.454,0.234,0.161
0.664,0.361,0.22,-0.142,-0.288,0.249,0.039,0.322,0.664,0.62,0.459,0.249,0.181
0.666,0.337,0.229,-0.107,-0.283,0.22,0.059,0.317,0.664,0.63,0.478,0.273,0.205
0.668,0.322,0.229,-0.093,-0.273,0.205,0.068,0.298,0.649,0.62,0.483,0.288,0.215
0.67,0.327,0.229,-0.098,-0.278,0.21,0.063,0.273,0.63,0.6,0.468,0.283,0.224
0.672,0.327,0.224,-0.102,-0.273,0.215,0.059,0.254,0.62,0.6,0.468,0.283,0.234
0.674,0.346,0.239,-0.107,-0.293,0.224,0.063,0.259,0.625,0.605,0.488,0.288,0.244
0.676,0.342,0.249,-0.093,-0.293,0.215,0.078,0.264,0.634,0.625,0.508,0.303,0.244
0.678,0.317,0.224,-0.093,-0.268,0.205,0.063,0.259,0.634,0.625,0.503,0.298,0.234
0.68,0.327,0.229,-0.098,-0.278,0.21,0.063,0.273,0.654,0.649,0.532,0.317,0.254
0.682,0.342,0.244,-0.098,-0.293,0.22,0.073,0.273,0.654,0.659,0.537,0.337,0.259
0.684,0.322,0.234,-0.088,-0.278,0.205,0.073,0.249,0.625,0.639,0.532,0.337,0.264
0.686,0.322,0.244,-0.078,-0.283,0.2,0.083,0.234,0.6,0.615,0.522,0.346,0.268
0.688,0.327,0.259,-0.068,-0.293,0.195,0.093,0.215,0.576,0.6,0.517,0.351,0.288
0.69,0.322,0.264,-0.059,-0.293,0.19,0.102,0.185,0.537,0.571,0.503,0.337,0.283
0.692,0.312,0.268,-0.044,-0.288,0.176,0.112,0.166,0.508,0.542,0.493,0.332,0.288
0.694,0.307,0.273,-0.034,-0.288,0.171,0.117,0.156,0.498,0.532,0.498,0.332,0.293
0.696,0.298,0.264,-0.034,-0.278,0.166,0.112,0.161,0.488,0.532,0.493,0.337,0.293
0.698,0.278,0.239,-0.039,-0.259,0.156,0.098,0.156,0.473,0.517,0.478,0.337,0.283
0.7,0.278,0.234,-0.044,-0.254,0.161,0.093,0.161,0.454,0.508,0.468,0.327,0.278
0.702,0.288,0.239,-0.049,-0.264,0.166,0.093,0.161,0.425,0.478,0.434,0.322,0.273
0.704,0.278,0.215,-0.063,-0.244,0.171,0.073,0.132,0.381,0.434,0.405,0.298,0.259
0.706,0.264,0.22,-0.044,-0.239,0.151,0.088,0.117,0.342,0.395,0.366,0.264,0.244
0.708,0.234,0.22,-0.015,-0.224,0.122,0.102,0.102,0.307,0.351,0.332,0.244,0.224
0.71,0.19,0.19,0.0,-0.19,0.093,0.093,0.093,0.273,0.317,0.298,0.215,0.215
0.712,0.181,0.185,0.005,-0.181,0.088,0.093,0.088,0.239,0.273,0.268,0.181,0.19
0.714,0.185,0.181,-0.005,-0.181,0.093,0.088,0.083,0.234,0.264,0.259,0.171,0.176
0.716,0.176,0.161,-0.015,-0.166,0.093,0.073,0.083,0.21,0.234,0.234,0.151,0.156
0.718,0.181,0.156,-0.024,-0.166,0.102,0.063,0.093,0.2,0.22,0.215,0.146,0.161
0.72,0.195,0.132,-0.063,-0.161,0.127,0.034,0.093,0.185,0.195,0.19,0.142,0.142
0.722,0.195,0.117,-0.078,-0.156,0.137,0.02,0.093,0.161,0.171,0.161,0.117,0.122
0.724,0.171,0.112,-0.059,-0.142,0.112,0.024,0.083,0.132,0.132,0.132,0.088,0.098
0.726,0.151,0.112,-0.039,-0.132,0.093,0.034,0.068,0.102,0.102,0.093,0.054,0.088
0.728,0.127,0.117,-0.01,-0.122,0.068,0.054,0.073,0.093,0.093,0.083,0.049,0.078
0.73,0.088,0.088,0.0,-0.088,0.044,0.044,0.063,0.073,0.059,0.059,0.029,0.068
0.732,0.098,0.083,-0.015,-0.088,0.054,0.034,0.049,0.049,0.029,0.044,0.015,0.054
0.734,0.112,0.093,-0.02,-0.102,0.063,0.034,0.054,0.039,0.02,0.029,0.01,0.049
0.736,0.112,0.088,-0.024,-0.098,0.068,0.029,0.059,0.034,0.015,0.02,0.01,0.049
0.738,0.117,0.078,-0.039,-0.098,0.078,0.02,0.063,0.029,0.01,0.005,0.0,0.039
0.74,0.102,0.068,-0.034,-0.083,0.068,0.015,0.078,0.044,0.02,0.01,0.005,0.044
0.742,0.102,0.049,-0.054,-0.073,0.078,-0.005,0.088,0.044,0.01,-0.01,-0.01,0.024
0.744,0.083,0.029,-0.054,-0.054,0.068,-0.015,0.073,0.029,-0.005,-0.02,-0.029,0.01
0.746,0.078,0.024,-0.054,-0.049,0.063,-0.015,0.063,0.01,-0.02,-0.034,-0.039,0.01
0.748,0.073,0.034,-0.039,-0.054,0.054,-0.005,0.063,0.0,-0.034,-0.034,-0.039,0.01
0.75,0.054,0.039,-0.015,-0.044,0.034,0.01,0.039,-0.029,-0.059,-0.059,-0.059,0.01
0.752,0.049,0.029,-0.02,-0.039,0.034,0.005,0.029,-0.049,-0.078,-0.063,-0.068,0.005
0.754,0.068,0.039,-0.029,-0.054,0.049,0.005,0.034,-0.044,-0.083,-0.068,-0.063,0.0
0.756,0.073,0.049,-0.024,-0.059,0.049,0.01,0.044,-0.034,-0.073,-0.068,-0.059,0.005
0.758,0.073,0.039,-0.034,-0.054,0.054,0.0,0.054,-0.024,-0.068,-0.068,-0.059,-0.005
0.76,0.083,0.034,-0.049,-0.059,0.063,-0.01,0.068,-0.01,-0.049,-0.059,-0.059,-0.005
0.762,0.068,0.029,-0.039,-0.049,0.054,-0.005,0.083,0.005,-0.029,-0.054,-0.063,-0.01
0.764,0.059,0.034,-0.024,-0.044,0.039,0.005,0.083,-0.005,-0.044,-0.054,-0.059,-0.01
0.766,0.068,0.039,-0.029,-0.054,0.049,0.005,0.054,-0.024,-0.068,-0.073,-0.078,-0.015
0.768,0.049,0.024,-0.024,-0.034,0.034,0.0,0.039,-0.054,-0.088,-0.093,-0.088,-0.024
0.77,0.034,0.015,-0.02,-0.024,0.024,-0.005,0.029,-0.073,-0.107,-0.093,-0.093,-0.015
0.772,0.029,0.01,-0.02,-0.02,0.024,-0.005,0.024,-0.078,-0.122,-0.117,-0.102,-0.024
0.774,0.029,0.01,-0.02,-0.02,0.024,-0.005,0.034,-0.063,-0.107,-0.107,-0.107,-0.024
0.776,0.044,0.015,-0.029,-0.029,0.034,-0.01,0.054,-0.039,-0.083,-0.093,-0.088,-0.01
0.778,0.049,0.015,-0.034,-0.029,0.039,-0.01,0.068,-0.024,-0.063,-0.083,-0.078,-0.01
0.78,0.059,0.024,-0.034,-0.039,0.044,-0.005,0.073,-0.01,-0.054,-0.078,-0.073,-0.015
0.782,0.063,0.024,-0.039,-0.044,0.049,-0.01,0.088,0.0,-0.039,-0.063,-0.054,-0.01
0.784,0.054,0.029,-0.024,-0.039,0.039,0.0,0.073,-0.024,-0.054,-0.073,-0.059,-0.005
0.786,0.063,0.024,-0.039,-0.044,0.049,-0.01,0.063,-0.034,-0.073,-0.088,-0.073,-0.015
0.788,0.049,0.024,-0.024,-0.034,0.034,0.0,0.044,-0.054,-0.093,-0.107,-0.088,-0.015
0.79,0.015,0.01,-0.005,-0.01,0.01,0.0,0.024,-0.078,-0.122,-0.122,-0.102,-0.015
0.792,0.01,0.005,-0.005,-0.005,0.005,0.0,0.029,-0.068,-0.112,-0.112,-0.098,-0.02
0.794,0.01,0.0,-0.01,-0.005,0.01,-0.005,0.029,-0.063,-0.117,-0.117,-0.102,-0.024
0.796,0.034,0.0,-0.034,-0.015,0.034,-0.02,0.049,-0.049,-0.098,-0.107,-0.093,-0.02
0.798,0.044,0.01,-0.034,-0.024,0.039,-0.015,0.059,-0.034,-0.078,-0.093,-0.088,-0.015
0.8,0.049,0.01,-0.039,-0.029,0.044,-0.015,0.073,-0.02,-0.063,-0.088,-0.073,-0.005
0.802,0.073,0.024,-0.049,-0.049,0.059,-0.015,0.078,-0.02,-0.063,-0.088,-0.068,-0.01
0.804,0.073,0.034,-0.039,-0.054,0.054,-0.005,0.063,-0.029,-0.073,-0.102,-0.078,-0.01
0.806,0.049,0.024,-0.024,-0.034,0.034,0.0,0.049,-0.044,-0.093,-0.117,-0.083,-0.015
0.808,0.015,0.015,0.0,-0.015,0.005,0.005,0.039,-0.054,-0.102,-0.122,-0.093,-0.02
0.81,-0.005,0.015,0.02,-0.005,-0.015,0.015,0.02,-0.073,-0.127,-0.137,-0.112,-0.029
0.812,0.01,0.015,0.005,-0.01,0.0,0.01,0.015,-0.073,-0.127,-0.127,-0.112,-0.029
0.814,0.034,0.029,-0.005,-0.029,0.02,0.01,0.029,-0.063,-0.117,-0.117,-0.107,-0.024
0.816,0.034,0.01,-0.024,-0.02,0.029,-0.01,0.034,-0.059,-0.107,-0.127,-0.098,-0.029
0.818,0.039,0.015,-0.024,-0.024,0.029,-0.005,0.029,-0.059,-0.102,-0.127,-0.102,-0.029
0.82,0.02,0.005,-0.015,-0.01,0.015,-0.005,0.054,-0.039,-0.083,-0.112,-0.088,-0.02
0.822,0.034,0.005,-0.029,-0.02,0.029,-0.015,0.059,-0.039,-0.083,-0.122,-0.098,-0.029
0.824,0.054,0.02,-0.034,-0.034,0.044,-0.01,0.054,-0.044,-0.083,-0.132,-0.102,-0.034
0.826,0.039,0.024,-0.015,-0.029,0.024,0.005,0.049,-0.054,-0.098,-0.127,-0.107,-0.039
0.828,0.029,0.029,0.0,-0.029,0.015,0.015,0.044,-0.054,-0.102,-0.137,-0.112,-0.044
0.83,0.024,0.015,-0.01,-0.02,0.015,0.0,0.02,-0.073,-0.117,-0.146,-0.127,-0.054
0.832,0.015,0.005,-0.01,-0.01,0.01,-0.005,0.01,-0.078,-0.127,-0.146,-0.127,-0.054
0.834,0.02,0.01,-0.01,-0.015,0.015,0.0,0.02,-0.073,-0.127,-0.142,-0.132,-0.049
0.836,0.01,0.005,-0.005,-0.005,0.005,0.0,0.029,-0.059,-0.112,-0.127,-0.112,-0.034
0.838,0.01,-0.005,-0.015,0.0,0.01,-0.01,0.029,-0.049,-0.107,-0.122,-0.107,-0.024
0.84,0.034,0.005,-0.029,-0.02,0.029,-0.015,0.049,-0.039,-0.093,-0.127,-0.107,-0.029
0.842,0.029,0.0,-0.029,-0.015,0.029,-0.015,0.054,-0.024,-0.078,-0.122,-0.102,-0.029
0.844,0.039,0.005,-0.034,-0.02,0.034,-0.015,0.054,-0.029,-0.078,-0.127,-0.112,-0.034
0.846,0.039,0.02,-0.02,-0.029,0.029,0.0,0.044,-0.034,-0.078,-0.127,-0.112,-0.034
0.848,0.029,0.015,-0.015,-0.02,0.02,0.0,0.029,-0.044,-0.088,-0.122,-0.112,-0.039
0.85,0.024,0.02,-0.005,-0.02,0.015,0.005,0.02,-0.059,-0.102,-0.132,-0.107,-0.024
0.852,0.005,0.01,0.005,-0.005,0.0,0.005,0.015,-0.063,-0.117,-0.132,-0.112,-0.02
0.854,0.01,-0.01,-0.02,0.0,0.015,-0.015,0.02,-0.068,-0.127,-0.142,-0.112,-0.024
0.856,0.015,-0.005,-0.02,-0.005,0.015,-0.015,0.024,-0.059,-0.117,-0.151,-0.122,-0.024
0.858,0.015,-0.015,-0.029,0.0,0.02,-0.024,0.034,-0.044,-0.102,-0.132,-0.112,-0.029
0.86,0.02,-0.015,-0.034,0.0,0.024,-0.024,0.049,-0.02,-0.073,-0.117,-0.102,-0.029
0.862,0.044,-0.015,-0.059,-0.015,0.049,-0.039,0.063,-0.005,-0.063,-0.117,-0.102,-0.029
0.864,0.054,-0.01,-0.063,-0.02,0.059,-0.039,0.044,-0.015,-0.073,-0.117,-0.112,-0.039
0.866,0.049,-0.005,-0.054,-0.02,0.049,-0.029,0.034,-0.029,-0.078,-0.122,-0.107,-0.029
0.868,0.034,0.0,-0.034,-0.015,0.034,-0.02,0.029,-0.044,-0.093,-0.132,-0.117,-0.029
0.87,0.015,0.005,-0.01,-0.01,0.01,-0.005,0.01,-0.068,-0.117,-0.142,-0.127,-0.034
0.872,0.02,0.005,-0.015,-0.01,0.015,-0.005,0.005,-0.078,-0.127,-0.151,-0.132,-0.039
0.874,0.005,0.005,0.0,-0.005,0.0,0.0,0.005,-0.073,-0.127,-0.156,-0.137,-0.044
0.876,0.02,0.015,-0.005,-0.015,0.01,0.005,0.02,-0.054,-0.102,-0.137,-0.122,-0.029
0.878,0.024,0.015,-0.01,-0.02,0.015,0.0,0.024,-0.039,-0.088,-0.132,-0.127,-0.039
0.88,0.034,0.015,-0.02,-0.024,0.024,-0.005,0.039,-0.015,-0.068,-0.112,-0.112,-0.029
0.882,0.049,0.02,-0.029,-0.034,0.039,-0.005,0.054,-0.01,-0.049,-0.102,-0.102,-0.024
0.884,0.044,0.01,-0.034,-0.024,0.039,-0.015,0.044,-0.024,-0.059,-0.112,-0.102,-0.02
0.886,0.015,-0.015,-0.029,0.0,0.02,-0.024,0.02,-0.044,-0.083,-0.127,-0.112,-0.024
0.888,0.005,-0.02,-0.024,0.01,0.015,-0.024,0.01,-0.063,-0.098,-0.142,-0.122,-0.029
0.89,0.0,-0.015,-0.015,0.01,0.005,-0.015,-0.01,-0.078,-0.112,-0.151,-0.142,-0.029
0.892,0.0,-0.01,-0.01,0.005,0.005,-0.01,-0.005,-0.073,-0.112,-0.151,-0.137,-0.039
0.894,0.0,-0.01,-0.01,0.005,0.005,-0.01,0.0,-0.059,-0.107,-0.142,-0.132,-0.039
0.896,0.01,-0.01,-0.02,0.0,0.015,-0.015,0.015,-0.044,-0.083,-0.117,-0.112,-0.029
0.898,0.02,0.0,-0.02,-0.01,0.02,-0.01,0.024,-0.034,-0.078,-0.117,-0.107,-0.029
0.9,0.02,-0.015,-0.034,0.0,0.024,-0.024,0.039,-0.024,-0.063,-0.112,-0.098,-0.024
0.902,0.024,-0.015,-0.039,-0.005,0.029,-0.029,0.044,-0.02,-0.054,-0.107,-0.098,-0.024
0.904,0.029,-0.01,-0.039,-0.01,0.034,-0.024,0.029,-0.029,-0.068,-0.112,-0.098,-0.02
0.906,0.015,-0.01,-0.024,0.0,0.02,-0.02,0.015,-0.049,-0.088,-0.132,-0.107,-0.029
0.908,0.015,-0.01,-0.024,0.0,0.02,-0.02,0.01,-0.059,-0.102,-0.137,-0.117,-0.029
0.91,0.0,-0.01,-0.01,0.005,0.005,-0.01,0.0,-0.073,-0.117,-0.146,-0.127,-0.039
0.912,-0.02,-0.015,0.005,0.02,-0.015,-0.005,-0.005,-0.078,-0.117,-0.146,-0.132,-0.039
0.914,-0.005,-0.01,-0.005,0.01,0.0,-0.01,0.01,-0.059,-0.102,-0.127,-0.122,-0.029
0.916,0.0,-0.01,-0.01,0.005,0.005,-0.01,0.015,-0.049,-0.093,-0.117,-0.107,-0.029
0.918,0.005,-0.015,-0.02,0.005,0.01,-0.02,0.015,-0.049,-0.083,-0.117,-0.098,-0.024
0.92,0.034,-0.01,-0.044,-0.01,0.039,-0.029,0.024,-0.034,-0.073,-0.112,-0.088,-0.024
0.922,0.049,0.0,-0.049,-0.024,0.049,-0.024,0.034,-0.02,-0.059,-0.107,-0.083,-0.02
0.924,0.034,0.005,-0.029,-0.02,0.029,-0.015,0.024,-0.034,-0.073,-0.117,-0.098,-0.02
0.926,0.005,-0.01,-0.015,0.005,0.01,-0.015,0.01,-0.044,-0.083,-0.127,-0.098,-0.029
0.928,-0.005,-0.015,-0.01,0.01,0.0,-0.015,0.005,-0.054,-0.088,-0.132,-0.102,-0.029
0.93,0.0,-0.01,-0.01,0.005,0.005,-0.01,-0.005,-0.068,-0.107,-0.137,-0.112,-0.034
0.932,-0.015,-0.02,-0.005,0.02,-0.005,-0.015,-0.01,-0.078,-0.117,-0.142,-0.112,-0.039
0.934,0.0,-0.015,-0.015,0.01,0.005,-0.015,-0.005,-0.063,-0.107,-0.132,-0.112,-0.034
0.936,0.01,-0.01,-0.02,0.0,0.015,-0.015,0.0,-0.059,-0.102,-0.127,-0.102,-0.029
0.938,0.015,-0.005,-0.02,-0.005,0.015,-0.015,0.0,-0.063,-0.102,-0.132,-0.102,-0.034
0.94,0.039,-0.005,-0.044,-0.015,0.039,-0.024,0.02,-0.039,-0.073,-0.112,-0.083,-0.024
0.942,0.039,0.005,-0.034,-0.02,0.034,-0.015,0.029,-0.029,-0.059,-0.107,-0.073,-0.029
0.944,0.02,0.005,-0.015,-0.01,0.015,-0.005,0.02,-0.034,-0.063,-0.117,-0.078,-0.029
0.946,0.02,-0.005,-0.024,-0.005,0.02,-0.015,0.01,-0.044,-0.073,-0.122,-0.093,-0.029
0.948,0.01,-0.01,-0.02,0.0,0.015,-0.015,-0.005,-0.059,-0.093,-0.142,-0.098,-0.034
0.95,0.0,-0.01,-0.01,0.005,0.005,-0.01,-0.02,-0.083,-0.117,-0.146,-0.107,-0.034
0.952,-0.01,-0.015,-0.005,0.015,-0.005,-0.01,-0.029,-0.098,-0.127,-0.146,-0.112,-0.034
0.954,-0.005,-0.02,-0.015,0.015,0.005,-0.02,-0.034,-0.102,-0.127,-0.151,-0.117,-0.039
0.956,0.0,-0.024,-0.024,0.015,0.01,-0.024,-0.015,-0.083,-0.112,-0.142,-0.117,-0.034
0.958,0.0,-0.02,-0.02,0.01,0.01,-0.02,-0.005,-0.063,-0.088,-0.127,-0.102,-0.034
0.96,0.02,-0.015,-0.034,0.0,0.024,-0.024,0.005,-0.054,-0.083,-0.122,-0.102,-0.039
0.962,0.024,-0.005,-0.029,-0.01,0.024,-0.02,0.02,-0.039,-0.063,-0.107,-0.088,-0.034
0.964,0.02,0.0,-0.02,-0.01,0.02,-0.01,0.01,-0.049,-0.078,-0.112,-0.088,-0.039
0.966,0.029,0.0,-0.029,-0.015,0.029,-0.015,-0.005,-0.073,-0.093,-0.127,-0.102,-0.044
0.968,0.01,-0.01,-0.02,0.0,0.015,-0.015,-0.01,-0.083,-0.107,-0.137,-0.102,-0.044
0.97,0.0,-0.01,-0.01,0.005,0.005,-0.01,-0.034,-0.107,-0.132,-0.156,-0.117,-0.049
0.972,-0.015,-0.015,0.0,0.015,-0.01,-0.01,-0.039,-0.117,-0.137,-0.156,-0.117,-0.044
0.974,-0.02,-0.02,0.0,0.02,-0.01,-0.01,-0.029,-0.107,-0.127,-0.151,-0.112,-0.044
0.976,-0.015,-0.029,-0.015,0.024,0.0,-0.024,-0.034,-0.098,-0.127,-0.156,-0.122,-0.054
0.978,-0.005,-0.034,-0.029,0.02,0.01,-0.034,-0.015,-0.083,-0.107,-0.142,-0.117,-0.049
0.98,0.005,-0.039,-0.044,0.02,0.024,-0.044,0.01,-0.059,-0.083,-0.127,-0.102,-0.044
0.982,0.024,-0.029,-0.054,0.005,0.039,-0.044,0.015,-0.049,-0.073,-0.122,-0.088,-0.044
0.984,0.029,-0.015,-0.044,-0.005,0.034,-0.029,0.0,-0.063,-0.083,-0.127,-0.088,-0.039
0.986,0.005,-0.024,-0.029,0.01,0.015,-0.029,-0.005,-0.073,-0.093,-0.127,-0.088,-0.034
0.988,0.0,-0.01,-0.01,0.005,0.005,-0.01,-0.015,-0.088,-0.102,-0.146,-0.098,-0.044
0.99,-0.01,-0.005,0.005,0.01,-0.01,0.0,-0.024,-0.107,-0.127,-0.166,-0.112,-0.044
0.992,-0.015,-0.024,-0.01,0.02,-0.005,-0.02,-0.034,-0.117,-0.137,-0.156,-0.122,-0.049
0.994,-0.005,-0.02,-0.015,0.015,0.005,-0.02,-0.029,-0.107,-0.132,-0.137,-0.117,-0.049
0.996,0.005,-0.024,-0.029,0.01,0.015,-0.029,-0.02,-0.098,-0.117,-0.117,-0.107,-0.039
0.998,0.01,-0.024,-0.034,0.01,0.02,-0.029,-0.02,-0.093,-0.112,-0.107,-0.107,-0.044
1.0,0.02,-0.034,-0.054,0.01,0.034,-0.044,-0.01,-0.078,-0.098,-0.098,-0.098,-0.044
1.002,0.029,-0.024,-0.054,0.0,0.039,-0.039,-0.005,-0.073,-0.088,-0.098,-0.093,-0.039
1.004,0.039,-0.01,-0.049,-0.015,0.044,-0.029,-0.01,-0.083,-0.098,-0.102,-0.098,-0.039
1.006,0.015,-0.024,-0.039,0.005,0.024,-0.034,-0.01,-0.093,-0.107,-0.107,-0.098,-0.044
1.008,0.005,-0.02,-0.024,0.01,0.015,-0.024,-0.02,-0.107,-0.122,-0.122,-0.112,-0.044
1.01,0.005,-0.02,-0.024,0.01,0.015,-0.024,-0.029,-0.117,-0.132,-0.132,-0.122,-0.054
1.012,-0.015,-0.034,-0.02,0.024,0.0,-0.029,-0.029,-0.122,-0.137,-0.127,-0.122,-0.054
1.014,-0.01,-0.034,-0.024,0.024,0.005,-0.029,-0.02,-0.107,-0.127,-0.112,-0.117,-0.044
1.016,-0.01,-0.034,-0.024,0.024,0.005,-0.029,-0.01,-0.098,-0.117,-0.098,-0.102,-0.039
1.018,-0.005,-0.049,-0.044,0.029,0.02,-0.049,-0.01,-0.102,-0.112,-0.093,-0.098,-0.034
1.02,0.0,-0.049,-0.049,0.024,0.024,-0.049,0.005,-0.083,-0.093,-0.083,-0.088,-0.029
1.022,0.01,-0.044,-0.054,0.02,0.029,-0.049,0.01,-0.078,-0.083,-0.083,-0.083,-0.029
1.024,0.02,-0.039,-0.059,0.01,0.039,-0.049,-0.015,-0.102,-0.102,-0.093,-0.098,-0.034
1.026,-0.005,-0.044,-0.039,0.024,0.015,-0.044,-0.005,-0.093,-0.102,-0.088,-0.093,-0.034
1.028,-0.02,-0.044,-0.024,0.034,0.0,-0.034,-0.015,-0.107,-0.112,-0.098,-0.102,-0.039
1.03,-0.029,-0.034,-0.005,0.034,-0.015,-0.02,-0.024,-0.117,-0.117,-0.098,-0.107,-0.039
1.032,-0.044,-0.039,0.005,0.044,-0.024,-0.02,-0.029,-0.127,-0.137,-0.102,-0.107,-0.044
1.034,-0.044,-0.049,-0.005,0.049,-0.02,-0.029,-0.024,-0.122,-0.132,-0.102,-0.112,-0.039
1.036,-0.024,-0.029,-0.005,0.029,-0.01,-0.02,-0.02,-0.112,-0.122,-0.102,-0.107,-0.044
1.038,-0.039,-0.059,-0.02,0.049,-0.01,-0.039,-0.02,-0.117,-0.127,-0.102,-0.117,-0.054
1.04,-0.015,-0.044,-0.029,0.029,0.005,-0.039,-0.005,-0.088,-0.098,-0.088,-0.107,-0.049
1.042,0.005,-0.024,-0.029,0.01,0.015,-0.029,0.01,-0.078,-0.083,-0.083,-0.098,-0.044
1.044,-0.01,-0.034,-0.024,0.024,0.005,-0.029,0.005,-0.093,-0.088,-0.088,-0.098,-0.044
1.046,-0.024,-0.039,-0.015,0.034,-0.005,-0.029,-0.005,-0.098,-0.098,-0.088,-0.102,-0.044
1.048,-0.054,-0.049,0.005,0.054,-0.029,-0.024,-0.015,-0.102,-0.102,-0.093,-0.093,-0.034
1.05,-0.054,-0.049,0.005,0.054,-0.029,-0.024,-0.024,-0.127,-0.122,-0.098,-0.102,-0.039
1.052,-0.049,-0.044,0.005,0.049,-0.029,-0.02,-0.034,-0.132,-0.137,-0.098,-0.107,-0.034
1.054,-0.049,-0.044,0.005,0.049,-0.029,-0.02,-0.029,-0.132,-0.132,-0.098,-0.112,-0.039
1.056,-0.039,-0.044,-0.005,0.044,-0.02,-0.024,-0.024,-0.127,-0.122,-0.098,-0.117,-0.049
1.058,-0.034,-0.044,-0.01,0.039,-0.015,-0.029,-0.01,-0.102,-0.102,-0.083,-0.098,-0.039
1.06,-0.02,-0.039,-0.02,0.029,0.0,-0.029,0.005,-0.093,-0.088,-0.078,-0.093,-0.044
1.062,-0.015,-0.034,-0.02,0.024,0.0,-0.029,0.02,-0.078,-0.073,-0.068,-0.083,-0.039
1.064,-0.024,-0.044,-0.02,0.034,-0.005,-0.034,0.005,-0.102,-0.088,-0.078,-0.083,-0.034
1.066,-0.039,-0.049,-0.01,0.044,-0.015,-0.029,-0.005,-0.112,-0.102,-0.083,-0.088,-0.034
1.068,-0.039,-0.049,-0.01,0.044,-0.015,-0.029,-0.01,-0.117,-0.107,-0.088,-0.088,-0.029
1.07,-0.054,-0.044,0.01,0.049,-0.034,-0.02,-0.029,-0.142,-0.122,-0.098,-0.098,-0.029
1.072,-0.054,-0.039,0.015,0.049,-0.034,-0.015,-0.034,-0.146,-0.132,-0.102,-0.098,-0.024
1.074,-0.049,-0.034,0.015,0.044,-0.034,-0.01,-0.024,-0.132,-0.127,-0.098,-0.098,-0.024
1.076,-0.049,-0.034,0.015,0.044,-0.034,-0.01,-0.01,-0.117,-0.107,-0.083,-0.088,-0.024
1.078,-0.039,-0.015,0.024,0.029,-0.034,0.005,0.01,-0.093,-0.083,-0.068,-0.078,-0.015
1.08,-0.02,0.0,0.02,0.01,-0.02,0.01,0.029,-0.073,-0.063,-0.059,-0.073,-0.015
1.082,0.0,0.005,0.005,0.0,-0.005,0.005,0.034,-0.078,-0.059,-0.063,-0.068,-0.015
1.084,-0.005,0.01,0.015,0.0,-0.01,0.01,0.02,-0.083,-0.063,-0.068,-0.068,-0.015
1.086,-0.034,0.005,0.039,0.015,-0.039,0.02,0.02,-0.093,-0.063,-0.063,-0.063,-0.01
1.088,-0.029,0.015,0.044,0.01,-0.039,0.029,0.015,-0.098,-0.073,-0.073,-0.068,-0.01
1.09,-0.034,0.015,0.049,0.01,-0.044,0.029,0.0,-0.117,-0.093,-0.078,-0.083,-0.01
1.092,-0.049,0.005,0.054,0.024,-0.054,0.029,-0.015,-0.127,-0.107,-0.083,-0.093,-0.02
1.094,-0.039,0.005,0.044,0.02,-0.044,0.024,-0.015,-0.112,-0.102,-0.073,-0.088,-0.02
1.096,-0.029,0.015,0.044,0.01,-0.039,0.029,0.005,-0.102,-0.083,-0.059,-0.068,-0.005
1.098,-0.02,0.02,0.039,0.0,-0.029,0.029,0.015,-0.088,-0.073,-0.054,-0.063,0.0
1.1,-0.005,0.029,0.034,-0.01,-0.02,0.029,0.034,-0.068,-0.059,-0.049,-0.059,-0.005
1.102,0.0,0.024,0.024,-0.01,-0.015,0.024,0.049,-0.049,-0.024,-0.034,-0.044,0.0
1.104,-0.005,0.024,0.029,-0.01,-0.02,0.024,0.049,-0.049,-0.029,-0.034,-0.044,-0.005
1.106,-0.01,0.02,0.029,-0.005,-0.02,0.024,0.029,-0.068,-0.049,-0.054,-0.059,-0.005
1.108,-0.024,0.01,0.034,0.01,-0.029,0.02,0.01,-0.093,-0.063,-0.059,-0.063,0.0
1.11,-0.039,0.024,0.063,0.01,-0.054,0.044,0.0,-0.093,-0.068,-0.059,-0.068,0.0
1.112,-0.049,0.024,0.073,0.015,-0.063,0.049,-0.024,-0.102,-0.078,-0.054,-0.063,0.01
1.114,-0.049,0.024,0.073,0.015,-0.063,0.049,-0.034,-0.107,-0.083,-0.049,-0.068,0.005
1.116,-0.039,0.034,0.073,0.005,-0.059,0.054,-0.034,-0.112,-0.078,-0.044,-0.059,0.005
1.118,-0.034,0.015,0.049,0.01,-0.044,0.029,-0.049,-0.112,-0.073,-0.044,-0.054,0.02
1.12,-0.015,0.015,0.029,0.0,-0.024,0.02,-0.049,-0.098,-0.054,-0.029,-0.039,0.02
1.122,0.0,0.02,0.02,-0.01,-0.01,0.02,-0.049,-0.098,-0.049,-0.034,-0.034,0.02
1.124,0.0,0.029,0.029,-0.015,-0.015,0.029,-0.063,-0.107,-0.059,-0.039,-0.044,0.02
1.126,0.0,0.029,0.029,-0.015,-0.015,0.029,-0.059,-0.093,-0.049,-0.029,-0.034,0.02
1.128,0.0,0.039,0.039,-0.02,-0.02,0.039,-0.044,-0.083,-0.039,-0.024,-0.024,0.029
1.13,-0.029,0.039,0.068,-0.005,-0.049,0.054,-0.049,-0.093,-0.049,-0.024,-0.034,0.029
1.132,-0.034,0.02,0.054,0.01,-0.044,0.034,-0.054,-0.107,-0.063,-0.029,-0.044,0.029
1.134,-0.044,0.005,0.049,0.02,-0.049,0.024,-0.059,-0.117,-0.068,-0.039,-0.049,0.015
1.136,-0.034,0.015,0.049,0.01,-0.044,0.029,-0.068,-0.122,-0.078,-0.044,-0.054,0.015
1.138,-0.029,0.0,0.029,0.015,-0.029,0.015,-0.059,-0.112,-0.068,-0.049,-0.044,0.02
1.14,-0.029,-0.015,0.015,0.024,-0.024,0.0,-0.039,-0.093,-0.059,-0.044,-0.049,0.02
1.142,-0.01,-0.02,-0.01,0.015,0.0,-0.015,-0.029,-0.083,-0.044,-0.044,-0.039,0.015
1.144,-0.02,-0.015,0.005,0.02,-0.015,-0.005,-0.039,-0.102,-0.059,-0.063,-0.059,0.0
1.146,-0.039,-0.02,0.02,0.029,-0.029,0.0,-0.039,-0.107,-0.068,-0.073,-0.063,0.0
1.148,-0.039,-0.024,0.015,0.034,-0.029,-0.005,-0.049,-0.112,-0.083,-0.078,-0.078,-0.01
1.15,-0.063,-0.044,0.02,0.054,-0.044,-0.015,-0.059,-0.127,-0.102,-0.098,-0.088,-0.024
1.152,-0.083,-0.054,0.029,0.068,-0.059,-0.015,-0.068,-0.132,-0.112,-0.098,-0.098,-0.015
1.154,-0.093,-0.068,0.024,0.083,-0.059,-0.024,-0.054,-0.117,-0.107,-0.093,-0.098,-0.02
1.156,-0.098,-0.078,0.02,0.088,-0.059,-0.029,-0.049,-0.102,-0.098,-0.093,-0.098,-0.024
1.158,-0.083,-0.078,0.005,0.083,-0.044,-0.039,-0.044,-0.102,-0.098,-0.098,-0.112,-0.039
1.16,-0.073,-0.088,-0.015,0.083,-0.029,-0.054,-0.034,-0.093,-0.088,-0.088,-0.102,-0.039
1.162,-0.078,-0.093,-0.015,0.088,-0.034,-0.054,-0.02,-0.078,-0.078,-0.093,-0.093,-0.039
1.164,-0.083,-0.083,0.0,0.083,-0.044,-0.044,-0.039,-0.098,-0.088,-0.098,-0.102,-0.044
1.166,-0.093,-0.093,0.0,0.093,-0.049,-0.049,-0.044,-0.102,-0.093,-0.098,-0.093,-0.044
1.168,-0.107,-0.098,0.01,0.102,-0.059,-0.044,-0.054,-0.112,-0.107,-0.107,-0.107,-0.039
1.17,-0.107,-0.088,0.02,0.098,-0.063,-0.034,-0.059,-0.132,-0.122,-0.117,-0.112,-0.049
1.172,-0.102,-0.088,0.015,0.098,-0.059,-0.039,-0.063,-0.132,-0.127,-0.117,-0.117,-0.044
1.174,-0.112,-0.088,0.024,0.102,-0.068,-0.034,-0.059,-0.122,-0.132,-0.117,-0.127,-0.059
1.176,-0.122,-0.102,0.02,0.112,-0.073,-0.044,-0.054,-0.117,-0.122,-0.117,-0.127,-0.063
1.178,-0.098,-0.102,-0.005,0.102,-0.049,-0.054,-0.054,-0.107,-0.117,-0.117,-0.137,-0.068
1.18,-0.088,-0.102,-0.015,0.098,-0.039,-0.059,-0.029,-0.088,-0.093,-0.102,-0.127,-0.063
1.182,-0.088,-0.107,-0.02,0.098,-0.034,-0.063,-0.029,-0.083,-0.083,-0.102,-0.117,-0.063
1.184,-0.093,-0.112,-0.02,0.102,-0.039,-0.068,-0.039,-0.093,-0.098,-0.112,-0.122,-0.063
1.186,-0.098,-0.107,-0.01,0.102,-0.044,-0.059,-0.049,-0.112,-0.107,-0.122,-0.127,-0.068
1.188,-0.098,-0.107,-0.01,0.102,-0.044,-0.059,-0.063,-0.122,-0.117,-0.127,-0.137,-0.073
1.19,-0.098,-0.102,-0.005,0.102,-0.049,-0.054,-0.063,-0.127,-0.122,-0.127,-0.127,-0.068
1.192,-0.122,-0.107,0.015,0.117,-0.068,-0.049,-0.073,-0.132,-0.132,-0.127,-0.137,-0.068
1.194,-0.117,-0.107,0.01,0.112,-0.063,-0.049,-0.059,-0.117,-0.122,-0.117,-0.127,-0.059
1.196,-0.098,-0.098,0.0,0.098,-0.049,-0.049,-0.029,-0.098,-0.098,-0.112,-0.122,-0.063
1.198,-0.093,-0.098,-0.005,0.098,-0.044,-0.054,-0.029,-0.088,-0.088,-0.107,-0.117,-0.059
1.2,-0.078,-0.098,-0.02,0.088,-0.029,-0.059,-0.034,-0.083,-0.083,-0.102,-0.107,-0.068
1.202,-0.078,-0.107,-0.029,0.093,-0.024,-0.068,-0.024,-0.073,-0.068,-0.102,-0.102,-0.059
1.204,-0.083,-0.102,-0.02,0.093,-0.034,-0.063,-0.039,-0.088,-0.083,-0.102,-0.102,-0.063
1.206,-0.088,-0.093,-0.005,0.093,-0.044,-0.049,-0.044,-0.098,-0.088,-0.102,-0.107,-0.059
1.208,-0.098,-0.098,0.0,0.098,-0.049,-0.049,-0.059,-0.117,-0.102,-0.117,-0.122,-0.068
1.21,-0.107,-0.102,0.005,0.107,-0.059,-0.049,-0.063,-0.122,-0.117,-0.127,-0.127,-0.073
1.212,-0.112,-0.102,0.01,0.107,-0.063,-0.049,-0.063,-0.132,-0.122,-0.132,-0.132,-0.073
1.214,-0.107,-0.102,0.005,0.107,-0.059,-0.049,-0.059,-0.117,-0.107,-0.112,-0.127,-0.078
1.216,-0.098,-0.102,-0.005,0.102,-0.049,-0.054,-0.034,-0.093,-0.083,-0.088,-0.107,-0.073
1.218,-0.093,-0.088,0.005,0.093,-0.049,-0.044,-0.015,-0.063,-0.054,-0.068,-0.093,-0.063
1.22,-0.078,-0.088,-0.01,0.083,-0.034,-0.049,0.015,-0.024,-0.015,-0.049,-0.088,-0.063
1.222,-0.044,-0.068,-0.024,0.059,-0.01,-0.049,0.068,0.059,0.063,-0.02,-0.078,-0.073
1.224,-0.063,-0.054,0.01,0.059,-0.039,-0.024,0.127,0.156,0.146,0.034,-0.068,-0.068
1.226,-0.068,-0.024,0.044,0.049,-0.059,0.01,0.146,0.21,0.21,0.093,-0.034,-0.054
1.228,-0.059,-0.005,0.054,0.034,-0.059,0.024,0.146,0.254,0.278,0.185,0.024,-0.01
1.23,-0.029,0.034,0.063,0.0,-0.049,0.049,0.146,0.307,0.371,0.293,0.102,0.039
1.232,0.005,0.063,0.059,-0.034,-0.029,0.059,0.151,0.381,0.488,0.434,0.205,0.107
1.234,0.049,0.107,0.059,-0.078,-0.005,0.083,0.161,0.464,0.649,0.654,0.376,0.21
1.236,0.137,0.151,0.015,-0.142,0.059,0.083,0.185,0.556,0.839,0.893,0.571,0.332
1.238,0.224,0.19,-0.034,-0.205,0.127,0.078,0.229,0.664,1.044,1.152,0.761,0.449
1.24,0.298,0.22,-0.078,-0.259,0.185,0.068,0.259,0.732,1.22,1.376,0.932,0.551
1.242,0.371,0.268,-0.102,-0.317,0.234,0.083,0.224,0.761,1.337,1.547,1.088,0.659
1.244,0.429,0.312,-0.117,-0.371,0.273,0.098,0.132,0.717,1.386,1.64,1.21,0.761
1.246,0.468,0.356,-0.112,-0.41,0.288,0.122,-0.01,0.6,1.318,1.615,1.24,0.825
1.248,0.488,0.425,-0.063,-0.454,0.273,0.181,-0.151,0.429,1.171,1.484,1.225,0.864
1.25,0.464,0.449,-0.015,-0.454,0.239,0.215,-0.293,0.22,0.932,1.254,1.137,0.874
1.252,0.425,0.434,0.01,-0.429,0.205,0.22,-0.425,-0.093,0.527,0.878,0.942,0.82
1.254,0.312,0.42,0.107,-0.366,0.102,0.264,-0.542,-0.566,-0.142,0.254,0.63,0.698
1.256,0.161,0.405,0.244,-0.283,-0.044,0.322,-0.649,-1.118,-0.888,-0.4,0.298,0.561
1.258,0.049,0.366,0.317,-0.205,-0.137,0.342,-0.712,-1.479,-1.386,-0.834,0.044,0.439
1.26,-0.049,0.298,0.346,-0.122,-0.2,0.322,-0.766,-1.674,-1.635,-1.113,-0.205,0.278
1.262,-0.112,0.22,0.332,-0.054,-0.224,0.273,-0.81,-1.713,-1.684,-1.24,-0.4,0.112
1.264,-0.132,0.117,0.249,0.01,-0.19,0.181,-0.834,-1.649,-1.63,-1.225,-0.488,-0.005
1.266,-0.195,0.034,0.229,0.083,-0.215,0.132,-0.844,-1.576,-1.532,-1.171,-0.532,-0.093
1.268,-0.278,0.024,0.303,0.127,-0.293,0.161,-0.869,-1.523,-1.454,-1.093,-0.522,-0.117
1.27,-0.293,0.054,0.346,0.122,-0.322,0.2,-0.917,-1.498,-1.396,-1.044,-0.498,-0.112
1.272,-0.288,0.044,0.332,0.122,-0.312,0.185,-0.932,-1.435,-1.337,-0.991,-0.488,-0.117
1.274,-0.268,0.005,0.273,0.132,-0.273,0.137,-0.859,-1.279,-1.2,-0.913,-0.468,-0.122
1.276,-0.249,-0.01,0.239,0.132,-0.244,0.112,-0.766,-1.122,-1.059,-0.83,-0.434,-0.127
1.278,-0.205,-0.015,0.19,0.112,-0.2,0.088,-0.688,-0.971,-0.922,-0.742,-0.41,-0.146
1.28,-0.166,-0.034,0.132,0.102,-0.151,0.049,-0.576,-0.795,-0.766,-0.639,-0.366,-0.146
1.282,-0.142,-0.059,0.083,0.102,-0.112,0.01,-0.454,-0.63,-0.615,-0.527,-0.312,-0.142
1.284,-0.122,-0.068,0.054,0.098,-0.088,-0.01,-0.366,-0.488,-0.478,-0.425,-0.259,-0.122
1.286,-0.093,-0.068,0.024,0.083,-0.059,-0.024,-0.273,-0.381,-0.366,-0.332,-0.21,-0.098
1.288,-0.088,-0.059,0.029,0.073,-0.059,-0.015,-0.2,-0.293,-0.288,-0.268,-0.176,-0.078
1.29,-0.102,-0.044,0.059,0.073,-0.083,0.005,-0.156,-0.259,-0.249,-0.244,-0.171,-0.073
1.292,-0.117,-0.054,0.063,0.088,-0.093,0.005,-0.122,-0.229,-0.239,-0.229,-0.171,-0.078
1.294,-0.117,-0.059,0.059,0.088,-0.088,0.0,-0.098,-0.19,-0.205,-0.215,-0.176,-0.083
1.296,-0.107,-0.054,0.054,0.083,-0.083,0.0,-0.049,-0.137,-0.156,-0.181,-0.166,-0.078
1.298,-0.102,-0.073,0.029,0.088,-0.068,-0.024,-0.02,-0.088,-0.117,-0.156,-0.151,-0.078
1.3,-0.098,-0.093,0.005,0.098,-0.054,-0.044,0.015,-0.049,-0.078,-0.127,-0.137,-0.078
1.302,-0.083,-0.088,-0.005,0.088,-0.039,-0.049,0.044,-0.015,-0.044,-0.102,-0.117,-0.078
1.304,-0.073,-0.093,-0.02,0.083,-0.029,-0.059,0.049,-0.02,-0.039,-0.098,-0.112,-0.073
1.306,-0.073,-0.098,-0.024,0.088,-0.024,-0.063,0.039,-0.024,-0.044,-0.098,-0.112,-0.063
1.308,-0.088,-0.093,-0.005,0.093,-0.044,-0.049,0.039,-0.02,-0.044,-0.098,-0.107,-0.054
1.31,-0.102,-0.093,0.01,0.098,-0.059,-0.044,0.039,-0.029,-0.049,-0.102,-0.117,-0.059
1.312,-0.102,-0.093,0.01,0.098,-0.059,-0.044,0.044,-0.02,-0.044,-0.102,-0.127,-0.063
1.314,-0.098,-0.088,0.01,0.093,-0.054,-0.039,0.049,-0.005,-0.039,-0.093,-0.127,-0.078
1.316,-0.088,-0.088,0.0,0.088,-0.044,-0.044,0.063,0.02,-0.015,-0.073,-0.117,-0.073
1.318,-0.083,-0.093,-0.01,0.088,-0.039,-0.054,0.078,0.034,0.01,-0.059,-0.093,-0.059
1.32,-0.088,-0.098,-0.01,0.093,-0.039,-0.054,0.093,0.054,0.034,-0.044,-0.068,-0.044
1.322,-0.073,-0.102,-0.029,0.088,-0.024,-0.068,0.102,0.059,0.039,-0.039,-0.063,-0.044
1.324,-0.068,-0.098,-0.029,0.083,-0.02,-0.063,0.102,0.054,0.039,-0.044,-0.059,-0.044
1.326,-0.068,-0.102,-0.034,0.088,-0.02,-0.068,0.102,0.049,0.029,-0.054,-0.068,-0.049
1.328,-0.068,-0.098,-0.029,0.083,-0.02,-0.063,0.102,0.054,0.029,-0.049,-0.073,-0.044
1.33,-0.102,-0.098,0.005,0.102,-0.054,-0.049,0.098,0.054,0.024,-0.044,-0.083,-0.049
1.332,-0.102,-0.093,0.01,0.098,-0.059,-0.044,0.093,0.054,0.024,-0.049,-0.088,-0.049
1.334,-0.078,-0.088,-0.01,0.083,-0.034,-0.049,0.098,0.063,0.029,-0.044,-0.088,-0.054
1.336,-0.073,-0.083,-0.01,0.078,-0.034,-0.049,0.102,0.073,0.044,-0.039,-0.083,-0.054
1.338,-0.073,-0.088,-0.015,0.083,-0.029,-0.054,0.107,0.068,0.044,-0.044,-0.083,-0.044
1.34,-0.073,-0.098,-0.024,0.088,-0.024,-0.063,0.122,0.083,0.059,-0.029,-0.073,-0.044
1.342,-0.063,-0.093,-0.029,0.078,-0.02,-0.063,0.132,0.102,0.078,-0.02,-0.063,-0.039
1.344,-0.059,-0.073,-0.015,0.068,-0.024,-0.044,0.142,0.102,0.083,-0.024,-0.068,-0.039
1.346,-0.054,-0.078,-0.024,0.068,-0.015,-0.054,0.127,0.098,0.078,-0.024,-0.073,-0.054
1.348,-0.044,-0.068,-0.024,0.059,-0.01,-0.049,0.127,0.093,0.073,-0.024,-0.078,-0.059
1.35,-0.063,-0.068,-0.005,0.068,-0.029,-0.039,0.117,0.088,0.063,-0.029,-0.088,-0.068
1.352,-0.073,-0.078,-0.005,0.078,-0.034,-0.044,0.102,0.073,0.059,-0.024,-0.088,-0.059
1.354,-0.054,-0.078,-0.024,0.068,-0.015,-0.054,0.112,0.078,0.054,-0.02,-0.083,-0.049
1.356,-0.044,-0.073,-0.029,0.059,-0.01,-0.054,0.117,0.083,0.063,-0.02,-0.073,-0.044
1.358,-0.044,-0.078,-0.034,0.063,-0.005,-0.059,0.122,0.093,0.073,-0.015,-0.073,-0.044
1.36,-0.029,-0.078,-0.049,0.054,0.01,-0.063,0.137,0.117,0.088,-0.01,-0.063,-0.044
1.362,-0.044,-0.088,-0.044,0.068,0.0,-0.068,0.156,0.137,0.117,0.0,-0.059,-0.044
1.364,-0.034,-0.083,-0.049,0.059,0.005,-0.068,0.156,0.137,0.112,0.0,-0.063,-0.054
1.366,-0.039,-0.078,-0.039,0.059,0.0,-0.059,0.156,0.137,0.107,0.0,-0.068,-0.054
1.368,-0.059,-0.083,-0.024,0.073,-0.02,-0.054,0.146,0.117,0.107,0.0,-0.073,-0.054
1.37,-0.059,-0.083,-0.024,0.073,-0.02,-0.054,0.127,0.107,0.088,-0.005,-0.068,-0.054
1.372,-0.059,-0.083,-0.024,0.073,-0.02,-0.054,0.117,0.093,0.078,-0.01,-0.078,-0.049
1.374,-0.049,-0.078,-0.029,0.063,-0.01,-0.054,0.127,0.102,0.083,-0.005,-0.073,-0.049
1.376,-0.039,-0.078,-0.039,0.059,0.0,-0.059,0.146,0.122,0.098,0.0,-0.063,-0.044
1.378,-0.039,-0.078,-0.039,0.059,0.0,-0.059,0.161,0.137,0.117,0.01,-0.063,-0.044
1.38,-0.034,-0.068,-0.034,0.054,0.0,-0.054,0.176,0.176,0.142,0.029,-0.063,-0.054
1.382,-0.024,-0.068,-0.044,0.049,0.01,-0.059,0.195,0.19,0.161,0.034,-0.054,-0.054
1.384,-0.034,-0.073,-0.039,0.054,0.0,-0.059,0.195,0.185,0.166,0.039,-0.054,-0.049
1.386,-0.029,-0.063,-0.034,0.049,0.0,-0.049,0.19,0.181,0.156,0.039,-0.054,-0.054
1.388,-0.034,-0.068,-0.034,0.054,0.0,-0.054,0.176,0.171,0.146,0.039,-0.049,-0.039
1.39,-0.049,-0.078,-0.029,0.063,-0.01,-0.054,0.156,0.146,0.127,0.024,-0.059,-0.039
1.392,-0.059,-0.073,-0.015,0.068,-0.024,-0.044,0.146,0.146,0.127,0.024,-0.063,-0.039
1.394,-0.049,-0.073,-0.024,0.063,-0.015,-0.049,0.166,0.171,0.142,0.029,-0.054,-0.024
1.396,-0.039,-0.068,-0.029,0.054,-0.005,-0.049,0.185,0.2,0.171,0.044,-0.044,-0.02
1.398,-0.039,-0.073,-0.034,0.059,-0.005,-0.054,0.205,0.224,0.195,0.059,-0.034,-0.024
1.4,-0.024,-0.073,-0.049,0.049,0.01,-0.063,0.229,0.254,0.224,0.083,-0.01,-0.015
1.402,-0.005,-0.059,-0.054,0.034,0.024,-0.059,0.244,0.278,0.249,0.102,0.005,-0.005
1.404,-0.005,-0.054,-0.049,0.029,0.02,-0.054,0.234,0.273,0.244,0.098,0.005,-0.005
1.406,-0.029,-0.068,-0.039,0.049,0.005,-0.054,0.229,0.264,0.239,0.093,0.0,0.0
1.408,-0.034,-0.068,-0.034,0.054,0.0,-0.054,0.215,0.254,0.224,0.083,-0.005,-0.01
1.41,-0.034,-0.068,-0.034,0.054,0.0,-0.054,0.2,0.249,0.215,0.073,-0.015,-0.015
1.412,-0.054,-0.059,-0.005,0.059,-0.024,-0.034,0.205,0.259,0.224,0.083,-0.015,-0.01
1.414,-0.059,-0.063,-0.005,0.063,-0.029,-0.034,0.22,0.288,0.244,0.102,0.0,0.0
1.416,-0.044,-0.063,-0.02,0.054,-0.015,-0.044,0.239,0.312,0.273,0.122,0.005,-0.005
1.418,-0.029,-0.044,-0.015,0.039,-0.01,-0.029,0.254,0.342,0.303,0.146,0.024,0.005
1.42,-0.01,-0.034,-0.024,0.024,0.005,-0.029,0.273,0.361,0.327,0.156,0.039,0.005
1.422,0.005,-0.034,-0.039,0.015,0.02,-0.039,0.278,0.381,0.342,0.166,0.054,0.02
1.424,0.01,-0.024,-0.034,0.01,0.02,-0.029,0.268,0.381,0.342,0.166,0.049,0.015
1.426,0.024,-0.02,-0.044,0.0,0.034,-0.034,0.268,0.386,0.346,0.161,0.054,0.015
1.428,0.015,-0.015,-0.029,0.0,0.02,-0.024,0.268,0.395,0.351,0.161,0.044,0.015
1.43,-0.01,-0.005,0.005,0.01,-0.01,0.0,0.264,0.395,0.356,0.166,0.034,0.015
1.432,-0.029,-0.015,0.015,0.024,-0.024,0.0,0.264,0.41,0.366,0.181,0.049,0.024
1.434,-0.015,-0.01,0.005,0.015,-0.01,-0.005,0.278,0.444,0.395,0.215,0.063,0.039
1.436,0.01,-0.005,-0.015,0.0,0.01,-0.01,0.288,0.464,0.415,0.224,0.073,0.039
1.438,0.015,-0.01,-0.024,0.0,0.02,-0.02,0.293,0.478,0.434,0.239,0.093,0.044
1.44,0.034,-0.005,-0.039,-0.015,0.034,-0.024,0.303,0.508,0.464,0.264,0.107,0.059
1.442,0.039,0.005,-0.034,-0.02,0.034,-0.015,0.317,0.542,0.498,0.283,0.127,0.068
1.444,0.059,0.029,-0.029,-0.044,0.044,0.0,0.322,0.551,0.508,0.283,0.122,0.068
1.446,0.059,0.039,-0.02,-0.049,0.039,0.01,0.322,0.561,0.522,0.298,0.127,0.068
1.448,0.044,0.039,-0.005,-0.039,0.024,0.015,0.317,0.561,0.532,0.307,0.132,0.068
1.45,0.034,0.044,0.01,-0.039,0.01,0.024,0.312,0.566,0.537,0.322,0.137,0.078
1.452,0.029,0.039,0.01,-0.034,0.01,0.024,0.293,0.561,0.542,0.337,0.151,0.093
1.454,0.039,0.044,0.005,-0.039,0.015,0.024,0.303,0.576,0.556,0.361,0.171,0.117
1.456,0.059,0.049,-0.01,-0.054,0.034,0.02,0.303,0.595,0.581,0.376,0.185,0.132
1.458,0.083,0.054,-0.029,-0.068,0.054,0.01,0.298,0.605,0.595,0.386,0.19,0.127
1.46,0.088,0.054,-0.034,-0.068,0.059,0.01,0.327,0.634,0.634,0.415,0.22,0.146
1.462,0.093,0.059,-0.034,-0.073,0.063,0.01,0.337,0.659,0.669,0.434,0.239,0.161
1.464,0.107,0.073,-0.034,-0.088,0.068,0.02,0.337,0.669,0.673,0.444,0.249,0.166
1.466,0.107,0.093,-0.015,-0.098,0.059,0.039,0.327,0.669,0.683,0.459,0.254,0.176
1.468,0.107,0.102,-0.005,-0.102,0.054,0.049,0.312,0.654,0.683,0.464,0.254,0.171
1.47,0.102,0.112,0.01,-0.107,0.044,0.059,0.303,0.654,0.683,0.473,0.264,0.195
1.472,0.102,0.122,0.02,-0.112,0.039,0.068,0.288,0.639,0.673,0.483,0.273,0.21
1.474,0.102,0.112,0.01,-0.107,0.044,0.059,0.283,0.644,0.678,0.493,0.283,0.215
1.476,0.107,0.112,0.005,-0.107,0.049,0.059,0.293,0.659,0.703,0.512,0.307,0.229
1.478,0.117,0.112,-0.005,-0.112,0.059,0.054,0.293,0.654,0.712,0.522,0.312,0.229
1.48,0.127,0.112,-0.015,-0.117,0.068,0.049,0.288,0.659,0.727,0.542,0.327,0.229
1.482,0.142,0.132,-0.01,-0.137,0.073,0.059,0.303,0.669,0.756,0.561,0.346,0.244
1.484,0.146,0.137,-0.01,-0.142,0.078,0.063,0.283,0.654,0.742,0.561,0.346,0.244
1.486,0.146,0.142,-0.005,-0.142,0.073,0.068,0.268,0.63,0.732,0.561,0.351,0.259
1.488,0.137,0.146,0.01,-0.142,0.063,0.078,0.249,0.6,0.712,0.542,0.351,0.259
1.49,0.122,0.146,0.024,-0.132,0.049,0.083,0.21,0.561,0.678,0.537,0.346,0.264
1.492,0.122,0.151,0.029,-0.137,0.044,0.088,0.19,0.537,0.664,0.532,0.342,0.268
1.494,0.127,0.156,0.029,-0.142,0.049,0.093,0.185,0.517,0.654,0.522,0.346,0.273
1.496,0.122,0.156,0.034,-0.137,0.044,0.093,0.181,0.508,0.659,0.522,0.351,0.268
1.498,0.107,0.142,0.034,-0.122,0.034,0.088,0.181,0.493,0.644,0.522,0.346,0.259
1.5,0.107,0.137,0.029,-0.122,0.039,0.083,0.181,0.488,0.649,0.527,0.351,0.259
1.502,0.132,0.142,0.01,-0.137,0.059,0.073,0.176,0.468,0.634,0.522,0.356,0.259
1.504,0.132,0.132,0.0,-0.132,0.063,0.063,0.156,0.425,0.6,0.498,0.346,0.254
1.506,0.107,0.117,0.01,-0.112,0.049,0.063,0.122,0.381,0.561,0.473,0.337,0.244
1.508,0.078,0.117,0.039,-0.098,0.02,0.078,0.102,0.332,0.512,0.439,0.312,0.234
1.51,0.044,0.107,0.063,-0.073,-0.01,0.083,0.093,0.293,0.473,0.41,0.303,0.229
1.512,0.044,0.093,0.049,-0.068,-0.005,0.068,0.068,0.259,0.429,0.376,0.268,0.215
1.514,0.059,0.098,0.039,-0.078,0.01,0.068,0.063,0.234,0.4,0.351,0.254,0.195
1.516,0.039,0.083,0.044,-0.059,-0.005,0.063,0.078,0.215,0.39,0.332,0.239,0.185
1.518,0.034,0.073,0.039,-0.054,-0.005,0.054,0.078,0.195,0.361,0.307,0.224,0.171
1.52,0.049,0.054,0.005,-0.049,0.02,0.029,0.068,0.176,0.342,0.283,0.215,0.161
1.522,0.039,0.039,0.0,-0.039,0.02,0.02,0.068,0.156,0.317,0.264,0.205,0.156
1.524,0.024,0.029,0.005,-0.024,0.01,0.015,0.059,0.122,0.283,0.224,0.185,0.142
1.526,0.005,0.015,0.01,-0.01,-0.005,0.01,0.034,0.083,0.234,0.19,0.151,0.117
1.528,-0.005,0.015,0.02,-0.005,-0.015,0.015,0.034,0.054,0.2,0.161,0.127,0.107
1.53,-0.034,0.01,0.044,0.015,-0.039,0.024,0.02,0.024,0.166,0.137,0.102,0.093
1.532,-0.054,-0.01,0.044,0.034,-0.049,0.015,0.015,-0.005,0.142,0.107,0.073,0.078
1.534,-0.049,-0.005,0.044,0.029,-0.049,0.02,0.015,-0.01,0.132,0.098,0.063,0.068
1.536,-0.054,-0.02,0.034,0.039,-0.044,0.005,0.024,-0.01,0.117,0.083,0.063,0.063
1.538,-0.044,-0.029,0.015,0.039,-0.029,-0.01,0.02,-0.024,0.102,0.068,0.059,0.059
1.54,-0.029,-0.024,0.005,0.029,-0.02,-0.01,0.029,-0.024,0.107,0.063,0.059,0.054
1.542,-0.015,-0.024,-0.01,0.02,-0.005,-0.02,0.044,-0.024,0.093,0.044,0.054,0.044
1.544,-0.039,-0.034,0.005,0.039,-0.024,-0.015,0.034,-0.044,0.073,0.024,0.034,0.039
1.546,-0.054,-0.044,0.01,0.049,-0.034,-0.02,0.029,-0.054,0.059,0.015,0.02,0.024
1.548,-0.068,-0.049,0.02,0.059,-0.044,-0.015,0.02,-0.073,0.039,-0.01,0.0,0.015
1.55,-0.083,-0.049,0.034,0.068,-0.059,-0.01,0.01,-0.083,0.02,-0.015,-0.01,0.015
1.552,-0.098,-0.059,0.039,0.078,-0.068,-0.01,-0.01,-0.098,0.0,-0.02,-0.024,0.01
1.554,-0.088,-0.063,0.024,0.078,-0.059,-0.02,-0.015,-0.107,-0.01,-0.029,-0.02,0.01
1.556,-0.078,-0.059,0.02,0.068,-0.049,-0.02,-0.005,-0.107,-0.01,-0.029,-0.02,0.005
1.558,-0.093,-0.073,0.02,0.083,-0.059,-0.029,0.005,-0.098,0.0,-0.024,-0.01,0.01
1.56,-0.073,-0.068,0.005,0.073,-0.039,-0.034,0.02,-0.093,0.005,-0.029,-0.02,0.005
1.562,-0.059,-0.063,-0.005,0.063,-0.029,-0.034,0.034,-0.073,0.024,-0.029,-0.015,0.005
1.564,-0.063,-0.063,0.0,0.063,-0.034,-0.034,0.029,-0.088,0.015,-0.039,-0.024,-0.005
1.566,-0.073,-0.059,0.015,0.068,-0.044,-0.024,0.015,-0.098,0.005,-0.044,-0.029,-0.015
1.568,-0.068,-0.063,0.005,0.068,-0.039,-0.029,-0.005,-0.112,-0.015,-0.054,-0.049,-0.02
1.57,-0.083,-0.073,0.01,0.078,-0.049,-0.034,-0.024,-0.137,-0.039,-0.068,-0.063,-0.02
1.572,-0.098,-0.083,0.015,0.093,-0.059,-0.034,-0.029,-0.146,-0.049,-0.073,-0.063,-0.015
1.574,-0.117,-0.088,0.029,0.102,-0.073,-0.029,-0.024,-0.146,-0.049,-0.073,-0.059,-0.015
1.576,-0.117,-0.093,0.024,0.107,-0.073,-0.034,-0.015,-0.132,-0.044,-0.073,-0.049,-0.005
1.578,-0.088,-0.083,0.005,0.088,-0.049,-0.039,-0.01,-0.132,-0.039,-0.073,-0.054,-0.01
1.58,-0.068,-0.078,-0.01,0.073,-0.029,-0.044,0.0,-0.112,-0.024,-0.059,-0.049,-0.005
1.582,-0.059,-0.063,-0.005,0.063,-0.029,-0.034,0.01,-0.098,-0.005,-0.044,-0.034,0.005
1.584,-0.073,-0.078,-0.005,0.078,-0.034,-0.044,0.0,-0.107,-0.01,-0.063,-0.039,-0.015
1.586,-0.083,-0.083,0.0,0.083,-0.044,-0.044,-0.015,-0.122,-0.024,-0.073,-0.044,-0.015
1.588,-0.093,-0.093,0.0,0.093,-0.049,-0.049,-0.015,-0.132,-0.039,-0.083,-0.044,-0.01
1.59,-0.102,-0.093,0.01,0.098,-0.059,-0.044,-0.034,-0.146,-0.059,-0.088,-0.054,-0.01
1.592,-0.102,-0.083,0.02,0.093,-0.063,-0.034,-0.044,-0.161,-0.073,-0.098,-0.063,-0.005
1.594,-0.098,-0.088,0.01,0.093,-0.054,-0.039,-0.039,-0.156,-0.063,-0.098,-0.063,-0.005
1.596,-0.098,-0.098,0.0,0.098,-0.049,-0.049,-0.034,-0.151,-0.059,-0.102,-0.073,-0.02
1.598,-0.093,-0.098,-0.005,0.098,-0.044,-0.054,-0.029,-0.137,-0.059,-0.098,-0.068,-0.02
1.6,-0.098,-0.093,0.005,0.098,-0.054,-0.044,-0.01,-0.107,-0.029,-0.073,-0.054,-0.01
1.602,-0.073,-0.083,-0.01,0.078,-0.034,-0.049,-0.005,-0.098,-0.01,-0.068,-0.044,-0.015
1.604,-0.068,-0.068,0.0,0.068,-0.034,-0.034,-0.01,-0.112,-0.024,-0.073,-0.044,-0.01
1.606,-0.078,-0.078,0.0,0.078,-0.039,-0.039,-0.024,-0.132,-0.039,-0.083,-0.044,-0.01
1.608,-0.068,-0.078,-0.01,0.073,-0.029,-0.044,-0.039,-0.146,-0.059,-0.093,-0.054,-0.015
1.61,-0.078,-0.068,0.01,0.073,-0.044,-0.029,-0.044,-0.156,-0.068,-0.098,-0.049,0.0
1.612,-0.102,-0.073,0.029,0.088,-0.068,-0.024,-0.063,-0.166,-0.078,-0.102,-0.063,-0.015
1.614,-0.102,-0.073,0.029,0.088,-0.068,-0.024,-0.054,-0.151,-0.073,-0.098,-0.063,-0.015
1.616,-0.098,-0.078,0.02,0.088,-0.059,-0.029,-0.039,-0.142,-0.059,-0.083,-0.054,-0.01
1.618,-0.107,-0.088,0.02,0.098,-0.063,-0.034,-0.034,-0.132,-0.054,-0.078,-0.054,-0.02
1.62,-0.088,-0.093,-0.005,0.093,-0.044,-0.049,-0.024,-0.117,-0.039,-0.073,-0.044,-0.02
1.622,-0.063,-0.093,-0.029,0.078,-0.02,-0.063,-0.024,-0.112,-0.029,-0.073,-0.039,-0.02
1.624,-0.063,-0.083,-0.02,0.073,-0.024,-0.054,-0.02,-0.112,-0.034,-0.073,-0.034,-0.015
1.626,-0.073,-0.078,-0.005,0.078,-0.034,-0.044,-0.029,-0.122,-0.049,-0.093,-0.039,-0.015
1.628,-0.083,-0.088,-0.005,0.088,-0.039,-0.049,-0.049,-0.132,-0.054,-0.098,-0.049,-0.02
1.63,-0.088,-0.078,0.01,0.083,-0.049,-0.034,-0.049,-0.137,-0.063,-0.102,-0.054,-0.024
1.632,-0.098,-0.073,0.024,0.088,-0.063,-0.024,-0.063,-0.151,-0.078,-0.107,-0.068,-0.024
1.634,-0.093,-0.073,0.02,0.083,-0.059,-0.029,-0.063,-0.151,-0.073,-0.107,-0.068,-0.02
1.636,-0.088,-0.068,0.02,0.078,-0.054,-0.024,-0.054,-0.142,-0.068,-0.098,-0.054,-0.02
1.638,-0.088,-0.078,0.01,0.083,-0.049,-0.034,-0.049,-0.137,-0.059,-0.093,-0.049,-0.015
1.64,-0.073,-0.078,-0.005,0.078,-0.034,-0.044,-0.039,-0.117,-0.044,-0.088,-0.044,-0.02
1.642,-0.068,-0.078,-0.01,0.073,-0.029,-0.044,-0.024,-0.102,-0.029,-0.083,-0.034,-0.01
1.644,-0.073,-0.098,-0.024,0.088,-0.024,-0.063,-0.039,-0.112,-0.039,-0.102,-0.049,-0.024
1.646,-0.093,-0.102,-0.01,0.098,-0.044,-0.059,-0.039,-0.117,-0.044,-0.098,-0.049,-0.024
1.648,-0.107,-0.098,0.01,0.102,-0.059,-0.044,-0.044,-0.127,-0.049,-0.102,-0.049,-0.02
1.65,-0.102,-0.098,0.005,0.102,-0.054,-0.049,-0.059,-0.137,-0.068,-0.112,-0.063,-0.034
1.652,-0.093,-0.088,0.005,0.093,-0.049,-0.044,-0.063,-0.146,-0.073,-0.117,-0.063,-0.034
1.654,-0.083,-0.083,0.0,0.083,-0.044,-0.044,-0.068,-0.137,-0.073,-0.112,-0.063,-0.024
1.656,-0.068,-0.078,-0.01,0.073,-0.029,-0.044,-0.063,-0.137,-0.073,-0.112,-0.063,-0.029
1.658,-0.083,-0.088,-0.005,0.088,-0.039,-0.049,-0.054,-0.122,-0.059,-0.102,-0.049,-0.024
1.66,-0.078,-0.098,-0.02,0.088,-0.029,-0.059,-0.049,-0.112,-0.054,-0.102,-0.049,-0.024
1.662,-0.059,-0.088,-0.029,0.073,-0.015,-0.059,-0.039,-0.098,-0.034,-0.098,-0.049,-0.029
1.664,-0.078,-0.093,-0.015,0.088,-0.034,-0.054,-0.034,-0.093,-0.024,-0.098,-0.049,-0.024
1.666,-0.068,-0.088,-0.02,0.078,-0.024,-0.054,-0.044,-0.098,-0.034,-0.102,-0.054,-0.029
1.668,-0.068,-0.083,-0.015,0.078,-0.029,-0.049,-0.054,-0.107,-0.044,-0.098,-0.059,-0.034
1.67,-0.083,-0.093,-0.01,0.088,-0.039,-0.054,-0.063,-0.127,-0.063,-0.112,-0.068,-0.034
1.672,-0.088,-0.088,0.0,0.088,-0.044,-0.044,-0.078,-0.137,-0.068,-0.112,-0.063,-0.029
1.674,-0.088,-0.083,0.005,0.088,-0.049,-0.039,-0.068,-0.137,-0.068,-0.107,-0.059,-0.02
1.676,-0.093,-0.088,0.005,0.093,-0.049,-0.044,-0.063,-0.132,-0.068,-0.107,-0.063,-0.029
1.678,-0.078,-0.083,-0.005,0.083,-0.039,-0.044,-0.044,-0.107,-0.039,-0.098,-0.054,-0.029
1.68,-0.063,-0.068,-0.005,0.068,-0.029,-0.039,-0.034,-0.093,-0.029,-0.088,-0.049,-0.029
1.682,-0.054,-0.068,-0.015,0.063,-0.02,-0.044,-0.024,-0.078,-0.015,-0.078,-0.044,-0.029
1.684,-0.063,-0.073,-0.01,0.068,-0.029,-0.044,-0.024,-0.088,-0.01,-0.088,-0.049,-0.034
1.686,-0.078,-0.083,-0.005,0.083,-0.039,-0.044,-0.039,-0.107,-0.024,-0.093,-0.054,-0.034
1.688,-0.073,-0.078,-0.005,0.078,-0.034,-0.044,-0.054,-0.117,-0.044,-0.107,-0.063,-0.039
1.69,-0.083,-0.078,0.005,0.083,-0.044,-0.039,-0.063,-0.127,-0.054,-0.107,-0.054,-0.029
1.692,-0.088,-0.078,0.01,0.083,-0.049,-0.034,-0.068,-0.146,-0.073,-0.122,-0.063,-0.029
1.694,-0.083,-0.078,0.005,0.083,-0.044,-0.039,-0.059,-0.132,-0.059,-0.117,-0.059,-0.029
1.696,-0.073,-0.078,-0.005,0.078,-0.034,-0.044,-0.054,-0.117,-0.049,-0.107,-0.054,-0.024
1.698,-0.083,-0.078,0.005,0.083,-0.044,-0.039,-0.039,-0.102,-0.034,-0.102,-0.049,-0.02
1.7,-0.063,-0.073,-0.01,0.068,-0.029,-0.044,-0.024,-0.088,-0.015,-0.093,-0.039,-0.024
1.702,-0.034,-0.068,-0.034,0.054,0.0,-0.054,-0.024,-0.078,-0.01,-0.088,-0.029,-0.024
1.704,-0.039,-0.078,-0.039,0.059,0.0,-0.059,-0.029,-0.088,-0.015,-0.088,-0.024,-0.024
1.706,-0.063,-0.088,-0.024,0.078,-0.02,-0.059,-0.034,-0.102,-0.024,-0.093,-0.024,-0.02
1.708,-0.078,-0.083,-0.005,0.083,-0.039,-0.044,-0.044,-0.112,-0.044,-0.102,-0.034,-0.024
1.71,-0.078,-0.078,0.0,0.078,-0.039,-0.039,-0.054,-0.127,-0.059,-0.112,-0.039,-0.024
1.712,-0.088,-0.083,0.005,0.088,-0.049,-0.039,-0.068,-0.142,-0.073,-0.117,-0.054,-0.034
1.714,-0.078,-0.093,-0.015,0.088,-0.034,-0.054,-0.068,-0.137,-0.078,-0.122,-0.059,-0.039
1.716,-0.068,-0.088,-0.02,0.078,-0.024,-0.054,-0.049,-0.122,-0.059,-0.107,-0.044,-0.034
1.718,-0.068,-0.078,-0.01,0.073,-0.029,-0.044,-0.044,-0.112,-0.044,-0.088,-0.034,-0.024
1.72,-0.059,-0.078,-0.02,0.068,-0.02,-0.049,-0.029,-0.093,-0.024,-0.073,-0.015,-0.01
1.722,-0.034,-0.078,-0.044,0.059,0.005,-0.063,-0.02,-0.093,-0.01,-0.068,-0.01,-0.015
1.724,-0.039,-0.078,-0.039,0.059,0.0,-0.059,-0.034,-0.102,-0.024,-0.078,-0.015,-0.015
1.726,-0.059,-0.083,-0.024,0.073,-0.02,-0.054,-0.039,-0.107,-0.029,-0.083,-0.02,-0.015
1.728,-0.063,-0.083,-0.02,0.073,-0.024,-0.054,-0.044,-0.117,-0.034,-0.083,-0.024,-0.02
1.73,-0.059,-0.068,-0.01,0.063,-0.024,-0.039,-0.054,-0.127,-0.049,-0.093,-0.029,-0.024
1.732,-0.073,-0.088,-0.015,0.083,-0.029,-0.054,-0.073,-0.146,-0.063,-0.098,-0.039,-0.029
1.734,-0.078,-0.098,-0.02,0.088,-0.029,-0.059,-0.078,-0.146,-0.068,-0.098,-0.044,-0.029
1.736,-0.073,-0.093,-0.02,0.083,-0.029,-0.059,-0.068,-0.127,-0.054,-0.088,-0.029,-0.024
1.738,-0.073,-0.088,-0.015,0.083,-0.029,-0.054,-0.059,-0.117,-0.044,-0.078,-0.024,-0.015
1.74,-0.063,-0.088,-0.024,0.078,-0.02,-0.059,-0.049,-0.107,-0.034,-0.078,-0.02,-0.02
1.742,-0.034,-0.073,-0.039,0.054,0.0,-0.059,-0.029,-0.093,-0.02,-0.068,-0.005,-0.01
1.744,-0.044,-0.073,-0.029,0.059,-0.01,-0.054,-0.049,-0.107,-0.024,-0.088,-0.02,-0.015
1.746,-0.044,-0.068,-0.024,0.059,-0.01,-0.049,-0.059,-0.112,-0.039,-0.098,-0.024,-0.024
1.748,-0.044,-0.073,-0.029,0.059,-0.01,-0.054,-0.059,-0.112,-0.034,-0.088,-0.024,-0.029
1.75,-0.049,-0.059,-0.01,0.054,-0.02,-0.034,-0.068,-0.122,-0.054,-0.093,-0.034,-0.024
1.752,-0.068,-0.063,0.005,0.068,-0.039,-0.029,-0.083,-0.142,-0.073,-0.102,-0.039,-0.029
1.754,-0.078,-0.068,0.01,0.073,-0.044,-0.029,-0.083,-0.146,-0.078,-0.107,-0.034,-0.02
1.756,-0.078,-0.073,0.005,0.078,-0.044,-0.034,-0.083,-0.137,-0.068,-0.098,-0.029,-0.024
1.758,-0.068,-0.073,-0.005,0.073,-0.034,-0.039,-0.073,-0.132,-0.059,-0.093,-0.024,-0.02
1.76,-0.059,-0.073,-0.015,0.068,-0.024,-0.044,-0.063,-0.122,-0.049,-0.088,-0.024,-0.024
1.762,-0.039,-0.068,-0.029,0.054,-0.005,-0.049,-0.049,-0.102,-0.02,-0.073,-0.005,-0.015
1.764,-0.039,-0.063,-0.024,0.054,-0.01,-0.044,-0.049,-0.102,-0.024,-0.073,-0.005,-0.015
1.766,-0.054,-0.068,-0.015,0.063,-0.02,-0.044,-0.059,-0.112,-0.039,-0.078,-0.015,-0.024
1.768,-0.049,-0.063,-0.015,0.059,-0.02,-0.039,-0.068,-0.127,-0.044,-0.088,-0.02,-0.029
1.77,-0.049,-0.059,-0.01,0.054,-0.02,-0.034,-0.083,-0.146,-0.068,-0.102,-0.029,-0.024
1.772,-0.078,-0.073,0.005,0.078,-0.044,-0.034,-0.088,-0.156,-0.078,-0.102,-0.034,-0.02
1.774,-0.093,-0.078,0.015,0.088,-0.054,-0.034,-0.078,-0.146,-0.073,-0.098,-0.029,-0.02
1.776,-0.059,-0.068,-0.01,0.063,-0.024,-0.039,-0.078,-0.146,-0.083,-0.102,-0.039,-0.029
1.778,-0.054,-0.063,-0.01,0.059,-0.024,-0.039,-0.073,-0.137,-0.068,-0.088,-0.029,-0.024
1.78,-0.049,-0.063,-0.015,0.059,-0.02,-0.039,-0.063,-0.127,-0.049,-0.088,-0.024,-0.024
1.782,-0.044,-0.068,-0.024,0.059,-0.01,-0.049,-0.054,-0.112,-0.039,-0.088,-0.02,-0.039
1.784,-0.044,-0.063,-0.02,0.054,-0.015,-0.044,-0.054,-0.117,-0.044,-0.083,-0.024,-0.039
1.786,-0.044,-0.063,-0.02,0.054,-0.015,-0.044,-0.068,-0.127,-0.054,-0.088,-0.029,-0.039
1.788,-0.049,-0.059,-0.01,0.054,-0.02,-0.034,-0.073,-0.132,-0.059,-0.088,-0.029,-0.039
1.79,-0.044,-0.059,-0.015,0.054,-0.015,-0.039,-0.088,-0.151,-0.073,-0.102,-0.034,-0.034
1.792,-0.059,-0.059,0.0,0.059,-0.029,-0.029,-0.102,-0.166,-0.093,-0.117,-0.049,-0.044
1.794,-0.068,-0.063,0.005,0.068,-0.039,-0.029,-0.098,-0.151,-0.083,-0.112,-0.049,-0.044
1.796,-0.063,-0.059,0.005,0.063,-0.034,-0.029,-0.093,-0.142,-0.078,-0.102,-0.039,-0.039
1.798,-0.059,-0.073,-0.015,0.068,-0.024,-0.044,-0.078,-0.132,-0.068,-0.102,-0.034,-0.034
1.8,-0.029,-0.073,-0.044,0.054,0.005,-0.059,-0.059,-0.117,-0.049,-0.088,-0.024,-0.034
1.802,-0.024,-0.068,-0.044,0.049,0.01,-0.059,-0.049,-0.107,-0.039,-0.088,-0.02,-0.034
1.804,-0.029,-0.068,-0.039,0.049,0.005,-0.054,-0.054,-0.122,-0.054,-0.098,-0.029,-0.034
1.806,-0.034,-0.059,-0.024,0.049,-0.005,-0.044,-0.054,-0.132,-0.059,-0.093,-0.029,-0.034
1.808,-0.039,-0.068,-0.029,0.054,-0.005,-0.049,-0.068,-0.142,-0.073,-0.093,-0.029,-0.034
1.81,-0.054,-0.063,-0.01,0.059,-0.024,-0.039,-0.068,-0.146,-0.078,-0.093,-0.034,-0.034
1.812,-0.054,-0.059,-0.005,0.059,-0.024,-0.034,-0.083,-0.161,-0.093,-0.102,-0.049,-0.044
1.814,-0.044,-0.059,-0.015,0.054,-0.015,-0.039,-0.078,-0.161,-0.093,-0.098,-0.044,-0.039
1.816,-0.039,-0.054,-0.015,0.049,-0.015,-0.034,-0.059,-0.142,-0.073,-0.088,-0.029,-0.029
1.818,-0.024,-0.049,-0.024,0.039,0.0,-0.039,-0.054,-0.127,-0.063,-0.078,-0.024,-0.034
1.82,-0.024,-0.059,-0.034,0.044,0.005,-0.049,-0.054,-0.127,-0.063,-0.078,-0.024,-0.034
1.822,-0.024,-0.059,-0.034,0.044,0.005,-0.049,-0.039,-0.112,-0.044,-0.073,-0.015,-0.034
1.824,-0.044,-0.063,-0.02,0.054,-0.015,-0.044,-0.054,-0.117,-0.049,-0.073,-0.02,-0.034
1.826,-0.029,-0.059,-0.029,0.044,0.0,-0.044,-0.063,-0.132,-0.063,-0.083,-0.029,-0.044
1.828,-0.029,-0.068,-0.039,0.049,0.005,-0.054,-0.078,-0.146,-0.078,-0.093,-0.039,-0.049
1.83,-0.049,-0.063,-0.015,0.059,-0.02,-0.039,-0.088,-0.146,-0.088,-0.098,-0.044,-0.049
1.832,-0.059,-0.059,0.0,0.059,-0.029,-0.029,-0.083,-0.151,-0.088,-0.093,-0.044,-0.039
1.834,-0.059,-0.063,-0.005,0.063,-0.029,-0.034,-0.078,-0.151,-0.083,-0.088,-0.044,-0.044
1.836,-0.049,-0.063,-0.015,0.059,-0.02,-0.039,-0.068,-0.146,-0.078,-0.083,-0.034,-0.039
1.838,-0.029,-0.049,-0.02,0.039,-0.005,-0.034,-0.068,-0.146,-0.063,-0.078,-0.034,-0.034
1.84,-0.02,-0.054,-0.034,0.039,0.005,-0.044,-0.059,-0.132,-0.054,-0.078,-0.024,-0.029
1.842,-0.01,-0.054,-0.044,0.034,0.015,-0.049,-0.054,-0.117,-0.044,-0.068,-0.02,-0.034
1.844,-0.01,-0.049,-0.039,0.029,0.015,-0.044,-0.059,-0.127,-0.054,-0.073,-0.02,-0.039
1.846,-0.024,-0.059,-0.034,0.044,0.005,-0.049,-0.073,-0.142,-0.073,-0.088,-0.039,-0.054
1.848,-0.029,-0.054,-0.024,0.044,-0.005,-0.039,-0.073,-0.146,-0.068,-0.083,-0.039,-0.054
1.85,-0.044,-0.068,-0.024,0.059,-0.01,-0.049,-0.088,-0.161,-0.083,-0.093,-0.044,-0.049
1.852,-0.059,-0.068,-0.01,0.063,-0.024,-0.039,-0.102,-0.176,-0.102,-0.102,-0.063,-0.059
1.854,-0.059,-0.073,-0.015,0.068,-0.024,-0.044,-0.098,-0.166,-0.098,-0.098,-0.059,-0.049
1.856,-0.049,-0.068,-0.02,0.059,-0.015,-0.044,-0.098,-0.156,-0.093,-0.098,-0.049,-0.049
1.858,-0.034,-0.059,-0.024,0.049,-0.005,-0.044,-0.083,-0.142,-0.078,-0.088,-0.039,-0.044
1.86,-0.02,-0.063,-0.044,0.044,0.01,-0.054,-0.068,-0.127,-0.059,-0.078,-0.039,-0.049
1.862,-0.01,-0.059,-0.049,0.034,0.02,-0.054,-0.059,-0.112,-0.044,-0.078,-0.029,-0.049
1.864,-0.024,-0.049,-0.024,0.039,0.0,-0.039,-0.059,-0.117,-0.049,-0.078,-0.029,-0.049
1.866,-0.039,-0.059,-0.02,0.049,-0.01,-0.039,-0.073,-0.132,-0.063,-0.083,-0.039,-0.054
1.868,-0.029,-0.049,-0.02,0.039,-0.005,-0.034,-0.088,-0.146,-0.073,-0.093,-0.044,-0.063
1.87,-0.039,-0.034,0.005,0.039,-0.024,-0.015,-0.093,-0.166,-0.088,-0.102,-0.059,-0.063
1.872,-0.068,-0.044,0.024,0.059,-0.049,-0.01,-0.112,-0.181,-0.102,-0.107,-0.068,-0.063
1.874,-0.073,-0.049,0.024,0.063,-0.049,-0.015,-0.112,-0.171,-0.107,-0.107,-0.063,-0.063
1.876,-0.044,-0.044,0.0,0.044,-0.024,-0.024,-0.102,-0.166,-0.102,-0.102,-0.063,-0.068
1.878,-0.039,-0.044,-0.005,0.044,-0.02,-0.024,-0.093,-0.151,-0.088,-0.093,-0.054,-0.068
1.88,-0.039,-0.049,-0.01,0.044,-0.015,-0.029,-0.078,-0.132,-0.068,-0.078,-0.044,-0.059
1.882,-0.02,-0.054,-0.034,0.039,0.005,-0.044,-0.063,-0.112,-0.049,-0.078,-0.034,-0.063
1.884,0.0,-0.034,-0.034,0.02,0.015,-0.034,-0.068,-0.122,-0.054,-0.073,-0.029,-0.068
1.886,-0.01,-0.039,-0.029,0.024,0.01,-0.034,-0.068,-0.127,-0.063,-0.073,-0.024,-0.054
1.888,-0.01,-0.034,-0.024,0.024,0.005,-0.029,-0.083,-0.137,-0.073,-0.078,-0.034,-0.054
1.89,-0.01,-0.034,-0.024,0.024,0.005,-0.029,-0.098,-0.166,-0.098,-0.093,-0.049,-0.059
1.892,-0.034,-0.049,-0.015,0.044,-0.01,-0.034,-0.107,-0.171,-0.112,-0.098,-0.049,-0.059
1.894,-0.054,-0.063,-0.01,0.059,-0.024,-0.039,-0.107,-0.171,-0.112,-0.093,-0.054,-0.059
1.896,-0.044,-0.059,-0.015,0.054,-0.015,-0.039,-0.098,-0.151,-0.098,-0.083,-0.049,-0.059
1.898,-0.024,-0.059,-0.034,0.044,0.005,-0.049,-0.098,-0.137,-0.088,-0.078,-0.044,-0.054
1.9,-0.01,-0.054,-0.044,0.034,0.015,-0.049,-0.078,-0.122,-0.063,-0.068,-0.029,-0.054
1.902,0.01,-0.044,-0.054,0.02,0.029,-0.049,-0.059,-0.107,-0.044,-0.059,-0.02,-0.059
1.904,0.01,-0.039,-0.049,0.015,0.029,-0.044,-0.073,-0.117,-0.054,-0.073,-0.024,-0.059
1.906,0.005,-0.029,-0.034,0.015,0.02,-0.034,-0.083,-0.132,-0.063,-0.078,-0.024,-0.059
1.908,-0.005,-0.024,-0.02,0.015,0.005,-0.024,-0.093,-0.142,-0.083,-0.083,-0.034,-0.063
1.91,-0.015,-0.024,-0.01,0.02,-0.005,-0.02,-0.107,-0.166,-0.098,-0.093,-0.039,-0.073
1.912,-0.024,-0.02,0.005,0.024,-0.015,-0.01,-0.117,-0.176,-0.112,-0.098,-0.054,-0.078
1.914,-0.034,-0.029,0.005,0.034,-0.02,-0.015,-0.122,-0.171,-0.107,-0.098,-0.054,-0.078
1.916,-0.02,-0.02,0.0,0.02,-0.01,-0.01,-0.098,-0.142,-0.088,-0.083,-0.044,-0.068
1.918,-0.01,-0.02,-0.01,0.015,0.0,-0.015,-0.088,-0.127,-0.073,-0.073,-0.034,-0.068
1.92,-0.01,-0.029,-0.02,0.02,0.005,-0.024,-0.083,-0.112,-0.059,-0.063,-0.024,-0.063
1.922,0.0,-0.02,-0.02,0.01,0.01,-0.02,-0.068,-0.102,-0.044,-0.054,-0.01,-0.059
1.924,0.005,0.0,-0.005,0.0,0.005,-0.005,-0.059,-0.093,-0.039,-0.039,0.0,-0.049
1.926,0.005,0.015,0.01,-0.01,-0.005,0.01,-0.063,-0.102,-0.049,-0.054,-0.005,-0.059
1.928,0.01,0.024,0.015,-0.015,-0.005,0.02,-0.068,-0.112,-0.063,-0.063,-0.015,-0.059
1.93,-0.01,0.015,0.024,0.0,-0.02,0.02,-0.078,-0.122,-0.073,-0.073,-0.02,-0.063
1.932,-0.024,0.015,0.039,0.005,-0.034,0.024,-0.078,-0.122,-0.073,-0.063,-0.02,-0.059
1.934,-0.01,0.02,0.029,-0.005,-0.02,0.024,-0.088,-0.132,-0.083,-0.068,-0.029,-0.063
1.936,0.0,0.02,0.02,-0.01,-0.01,0.02,-0.093,-0.117,-0.078,-0.059,-0.015,-0.059
1.938,0.01,0.024,0.015,-0.015,-0.005,0.02,-0.078,-0.102,-0.063,-0.044,0.0,-0.044
1.94,0.024,0.02,-0.005,-0.02,0.015,0.005,-0.059,-0.083,-0.049,-0.039,0.005,-0.039
1.942,0.029,0.015,-0.015,-0.02,0.02,0.0,-0.039,-0.063,-0.034,-0.029,0.01,-0.049
1.944,0.029,0.015,-0.015,-0.02,0.02,0.0,-0.034,-0.059,-0.029,-0.024,0.01,-0.049
1.946,0.02,0.02,0.0,-0.02,0.01,0.01,-0.049,-0.073,-0.044,-0.034,0.0,-0.054
1.948,0.029,0.039,0.01,-0.034,0.01,0.024,-0.068,-0.088,-0.049,-0.034,0.0,-0.054
1.95,0.024,0.049,0.024,-0.034,0.0,0.034,-0.083,-0.098,-0.059,-0.034,0.0,-0.054
1.952,0.005,0.054,0.049,-0.029,-0.024,0.049,-0.107,-0.117,-0.068,-0.044,-0.005,-0.044
1.954,0.01,0.049,0.039,-0.029,-0.015,0.044,-0.127,-0.117,-0.073,-0.039,0.0,-0.039
1.956,0.02,0.044,0.024,-0.029,-0.005,0.034,-0.137,-0.122,-0.073,-0.044,0.005,-0.039
1.958,0.034,0.049,0.015,-0.039,0.01,0.029,-0.156,-0.132,-0.083,-0.054,-0.005,-0.054
1.96,0.049,0.049,0.0,-0.049,0.024,0.024,-0.161,-0.122,-0.073,-0.039,0.01,-0.044
1.962,0.059,0.059,0.0,-0.059,0.029,0.029,-0.156,-0.112,-0.063,-0.034,0.015,-0.044
1.964,0.068,0.059,-0.01,-0.063,0.039,0.024,-0.161,-0.107,-0.063,-0.034,0.015,-0.044
1.966,0.049,0.063,0.015,-0.054,0.015,0.039,-0.142,-0.098,-0.049,-0.02,0.024,-0.039
1.968,0.054,0.068,0.015,-0.059,0.02,0.039,-0.132,-0.093,-0.049,-0.01,0.029,-0.034
1.97,0.078,0.063,-0.015,-0.068,0.044,0.024,-0.142,-0.112,-0.068,-0.029,0.02,-0.044
1.972,0.044,0.044,0.0,-0.044,0.02,0.02,-0.161,-0.132,-0.083,-0.044,0.01,-0.049
1.974,0.039,0.039,0.0,-0.039,0.02,0.02,-0.161,-0.132,-0.098,-0.044,0.005,-0.054
1.976,0.049,0.039,-0.01,-0.044,0.029,0.015,-0.151,-0.132,-0.093,-0.054,0.005,-0.054
1.978,0.054,0.02,-0.034,-0.034,0.044,-0.01,-0.142,-0.132,-0.098,-0.059,0.005,-0.059
1.98,0.049,0.01,-0.039,-0.029,0.044,-0.015,-0.132,-0.117,-0.088,-0.054,0.01,-0.063
1.982,0.049,0.0,-0.049,-0.024,0.049,-0.024,-0.112,-0.107,-0.073,-0.054,0.015,-0.068
1.984,0.039,-0.01,-0.049,-0.015,0.044,-0.029,-0.127,-0.122,-0.088,-0.059,0.005,-0.073
1.986,0.039,-0.005,-0.044,-0.015,0.039,-0.024,-0.137,-0.132,-0.102,-0.063,0.005,-0.073
1.988,0.029,-0.015,-0.044,-0.005,0.034,-0.029,-0.151,-0.146,-0.122,-0.078,-0.015,-0.078
1.99,0.005,-0.024,-0.029,0.01,0.015,-0.029,-0.156,-0.166,-0.142,-0.088,-0.024,-0.088
1.992,-0.005,-0.029,-0.024,0.02,0.01,-0.029,-0.166,-0.176,-0.156,-0.093,-0.029,-0.088
1.994,-0.01,-0.034,-0.024,0.024,0.005,-0.029,-0.166,-0.171,-0.151,-0.093,-0.034,-0.093
1.996,-0.015,-0.034,-0.02,0.024,0.0,-0.029,-0.142,-0.151,-0.137,-0.083,-0.029,-0.098
1.998,-0.01,-0.034,-0.024,0.024,0.005,-0.029,-0.137,-0.142,-0.132,-0.088,-0.034,-0.112
2.0,-0.01,-0.044,-0.034,0.029,0.01,-0.039,-0.122,-0.132,-0.127,-0.078,-0.029,-0.107
2.002,-0.01,-0.039,-0.029,0.024,0.01,-0.034,-0.107,-0.122,-0.112,-0.073,-0.02,-0.112
2.004,-0.015,-0.044,-0.029,0.029,0.005,-0.039,-0.117,-0.127,-0.122,-0.093,-0.029,-0.117
2.006,-0.02,-0.039,-0.02,0.029,0.0,-0.029,-0.127,-0.146,-0.132,-0.098,-0.029,-0.122
2.008,-0.015,-0.049,-0.034,0.034,0.01,-0.044,-0.137,-0.146,-0.146,-0.098,-0.034,-0.122
2.01,-0.029,-0.059,-0.029,0.044,0.0,-0.044,-0.156,-0.171,-0.176,-0.127,-0.063,-0.142
2.012,-0.044,-0.063,-0.02,0.054,-0.015,-0.044,-0.166,-0.176,-0.185,-0.127,-0.068,-0.142
2.014,-0.044,-0.054,-0.01,0.049,-0.02,-0.034,-0.156,-0.166,-0.181,-0.117,-0.059,-0.137
2.016,-0.044,-0.063,-0.02,0.054,-0.015,-0.044,-0.146,-0.151,-0.166,-0.107,-0.049,-0.127
2.018,-0.015,-0.059,-0.044,0.039,0.015,-0.054,-0.137,-0.142,-0.156,-0.102,-0.049,-0.137
2.02,0.0,-0.054,-0.054,0.029,0.024,-0.054,-0.132,-0.127,-0.142,-0.088,-0.039,-0.127
2.022,0.0,-0.063,-0.063,0.034,0.029,-0.063,-0.122,-0.122,-0.132,-0.088,-0.029,-0.127
2.024,-0.005,-0.054,-0.049,0.029,0.02,-0.054,-0.117,-0.127,-0.132,-0.088,-0.024,-0.127
2.026,-0.02,-0.049,-0.029,0.034,0.005,-0.039,-0.132,-0.132,-0.146,-0.098,-0.039,-0.132
2.028,-0.024,-0.044,-0.02,0.034,-0.005,-0.034,-0.142,-0.137,-0.151,-0.107,-0.044,-0.137
2.03,-0.044,-0.044,0.0,0.044,-0.024,-0.024,-0.156,-0.156,-0.166,-0.117,-0.054,-0.146
2.032,-0.049,-0.054,-0.005,0.054,-0.024,-0.029,-0.171,-0.166,-0.181,-0.117,-0.059,-0.151
2.034,-0.044,-0.054,-0.01,0.049,-0.02,-0.034,-0.166,-0.151,-0.176,-0.107,-0.054,-0.151
2.036,-0.034,-0.059,-0.024,0.049,-0.005,-0.044,-0.166,-0.146,-0.166,-0.102,-0.049,-0.151
2.038,-0.034,-0.059,-0.024,0.049,-0.005,-0.044,-0.151,-0.132,-0.156,-0.093,-0.039,-0.146
2.04,-0.02,-0.049,-0.029,0.034,0.005,-0.039,-0.127,-0.107,-0.132,-0.078,-0.015,-0.132
2.042,-0.01,-0.049,-0.039,0.029,0.015,-0.044,-0.117,-0.093,-0.117,-0.068,-0.01,-0.132
2.044,0.0,-0.034,-0.034,0.02,0.015,-0.034,-0.117,-0.102,-0.117,-0.078,-0.01,-0.132
2.046,0.005,-0.029,-0.034,0.015,0.02,-0.034,-0.127,-0.112,-0.127,-0.088,-0.029,-0.142
2.048,-0.005,-0.039,-0.034,0.024,0.015,-0.039,-0.137,-0.122,-0.137,-0.088,-0.034,-0.146
2.05,-0.024,-0.034,-0.01,0.029,-0.01,-0.024,-0.146,-0.127,-0.146,-0.088,-0.039,-0.146
2.052,-0.049,-0.049,0.0,0.049,-0.024,-0.024,-0.156,-0.137,-0.156,-0.088,-0.044,-0.142
2.054,-0.034,-0.044,-0.01,0.039,-0.015,-0.029,-0.166,-0.137,-0.156,-0.098,-0.049,-0.146
2.056,-0.029,-0.034,-0.005,0.034,-0.015,-0.02,-0.146,-0.112,-0.137,-0.083,-0.039,-0.142
2.058,-0.034,-0.044,-0.01,0.039,-0.015,-0.029,-0.122,-0.078,-0.107,-0.068,-0.024,-0.137
2.06,-0.01,-0.034,-0.024,0.024,0.005,-0.029,-0.078,-0.01,-0.049,-0.034,-0.02,-0.142
2.062,0.01,-0.02,-0.029,0.005,0.02,-0.024,0.005,0.112,0.054,0.024,-0.005,-0.146
2.064,0.01,0.015,0.005,-0.01,0.0,0.01,0.059,0.2,0.137,0.083,0.024,-0.132
2.066,0.02,0.068,0.049,-0.044,-0.015,0.059,0.078,0.254,0.205,0.171,0.078,-0.088
2.068,0.034,0.093,0.059,-0.063,-0.015,0.073,0.078,0.303,0.283,0.268,0.146,-0.044
2.07,0.059,0.107,0.049,-0.083,0.005,0.078,0.083,0.371,0.386,0.386,0.22,0.005
2.072,0.122,0.137,0.015,-0.127,0.054,0.073,0.059,0.425,0.498,0.527,0.322,0.068
2.074,0.185,0.181,-0.005,-0.181,0.093,0.088,0.063,0.493,0.659,0.742,0.498,0.176
2.076,0.259,0.22,-0.039,-0.239,0.146,0.088,0.098,0.605,0.859,1.0,0.693,0.298
2.078,0.312,0.239,-0.073,-0.273,0.19,0.083,0.122,0.688,1.039,1.225,0.859,0.39
2.08,0.386,0.278,-0.107,-0.332,0.244,0.083,0.127,0.742,1.186,1.425,1.02,0.493
2.082,0.483,0.342,-0.142,-0.41,0.312,0.098,0.083,0.756,1.288,1.586,1.186,0.61
2.084,0.547,0.386,-0.161,-0.464,0.351,0.112,-0.02,0.688,1.303,1.63,1.279,0.698
2.086,0.6,0.444,-0.156,-0.522,0.376,0.142,-0.166,0.532,1.191,1.547,1.279,0.756
2.088,0.615,0.493,-0.122,-0.551,0.366,0.185,-0.307,0.332,1.0,1.362,1.23,0.781
2.09,0.59,0.503,-0.088,-0.547,0.337,0.205,-0.444,0.088,0.703,1.088,1.108,0.766
2.092,0.512,0.488,-0.024,-0.498,0.268,0.229,-0.586,-0.312,0.19,0.62,0.874,0.683
2.094,0.351,0.473,0.122,-0.41,0.112,0.298,-0.693,-0.874,-0.566,-0.044,0.547,0.551
2.096,0.195,0.449,0.254,-0.322,-0.029,0.351,-0.771,-1.362,-1.196,-0.566,0.273,0.439
2.098,0.083,0.405,0.322,-0.244,-0.122,0.361,-0.83,-1.649,-1.576,-0.908,0.039,0.303
2.1,-0.024,0.332,0.356,-0.151,-0.19,0.342,-0.883,-1.781,-1.737,-1.122,-0.205,0.142
2.102,-0.063,0.239,0.303,-0.088,-0.185,0.268,-0.917,-1.757,-1.718,-1.166,-0.332,0.015
2.104,-0.102,0.142,0.244,-0.02,-0.176,0.19,-0.927,-1.669,-1.625,-1.122,-0.395,-0.093
2.106,-0.166,0.102,0.268,0.034,-0.22,0.185,-0.937,-1.596,-1.537,-1.069,-0.429,-0.161
2.108,-0.21,0.107,0.317,0.054,-0.264,0.21,-0.981,-1.557,-1.474,-1.005,-0.41,-0.166
2.11,-0.229,0.107,0.337,0.063,-0.283,0.22,-1.01,-1.508,-1.425,-0.961,-0.4,-0.171
2.112,-0.224,0.083,0.307,0.073,-0.268,0.195,-0.991,-1.415,-1.347,-0.917,-0.4,-0.19
2.114,-0.195,0.054,0.249,0.073,-0.224,0.151,-0.913,-1.254,-1.205,-0.839,-0.376,-0.195
2.116,-0.176,0.049,0.224,0.063,-0.2,0.137,-0.834,-1.098,-1.069,-0.752,-0.351,-0.195
2.118,-0.151,0.024,0.176,0.063,-0.166,0.098,-0.742,-0.942,-0.932,-0.664,-0.322,-0.205
2.12,-0.122,-0.005,0.117,0.063,-0.122,0.054,-0.625,-0.766,-0.781,-0.561,-0.283,-0.215
2.122,-0.078,-0.015,0.063,0.049,-0.073,0.024,-0.517,-0.59,-0.615,-0.444,-0.22,-0.195
2.124,-0.054,-0.02,0.034,0.039,-0.044,0.005,-0.434,-0.464,-0.503,-0.342,-0.171,-0.181
2.126,-0.063,-0.029,0.034,0.049,-0.049,0.0,-0.346,-0.346,-0.4,-0.268,-0.127,-0.151
2.128,-0.059,-0.01,0.049,0.034,-0.054,0.02,-0.278,-0.283,-0.332,-0.22,-0.102,-0.142
2.13,-0.049,0.0,0.049,0.024,-0.049,0.024,-0.239,-0.244,-0.303,-0.19,-0.098,-0.142
2.132,-0.054,0.0,0.054,0.029,-0.054,0.024,-0.22,-0.22,-0.298,-0.195,-0.107,-0.142
2.134,-0.054,-0.005,0.049,0.029,-0.054,0.02,-0.19,-0.185,-0.264,-0.176,-0.107,-0.146
2.136,-0.049,-0.005,0.044,0.029,-0.049,0.02,-0.151,-0.142,-0.22,-0.146,-0.098,-0.142
2.138,-0.044,-0.015,0.029,0.029,-0.039,0.005,-0.132,-0.102,-0.181,-0.117,-0.078,-0.142
2.14,-0.029,-0.02,0.01,0.024,-0.02,-0.005,-0.088,-0.054,-0.127,-0.083,-0.063,-0.132
2.142,-0.015,-0.029,-0.015,0.024,0.0,-0.024,-0.083,-0.029,-0.112,-0.078,-0.049,-0.137
2.144,-0.015,-0.029,-0.015,0.024,0.0,-0.024,-0.068,-0.024,-0.107,-0.073,-0.039,-0.132
2.146,-0.02,-0.029,-0.01,0.024,-0.005,-0.02,-0.068,-0.024,-0.107,-0.068,-0.044,-0.132
2.148,-0.029,-0.029,0.0,0.029,-0.015,-0.015,-0.078,-0.029,-0.117,-0.073,-0.054,-0.137
2.15,-0.059,-0.039,0.02,0.049,-0.039,-0.01,-0.078,-0.029,-0.117,-0.073,-0.059,-0.132
2.152,-0.063,-0.039,0.024,0.054,-0.044,-0.01,-0.088,-0.029,-0.117,-0.068,-0.073,-0.142
2.154,-0.054,-0.044,0.01,0.049,-0.034,-0.02,-0.083,-0.015,-0.112,-0.063,-0.068,-0.146
2.156,-0.024,-0.039,-0.015,0.034,-0.005,-0.029,-0.063,0.01,-0.088,-0.049,-0.059,-0.142
2.158,-0.02,-0.029,-0.01,0.024,-0.005,-0.02,-0.044,0.029,-0.068,-0.029,-0.034,-0.132
2.16,0.0,-0.024,-0.024,0.015,0.01,-0.024,-0.029,0.049,-0.049,-0.01,-0.02,-0.117
2.162,0.02,-0.024,-0.044,0.005,0.029,-0.034,-0.02,0.068,-0.034,-0.01,-0.01,-0.117
2.164,0.015,-0.034,-0.049,0.01,0.029,-0.044,-0.029,0.059,-0.044,-0.02,-0.02,-0.127
2.166,0.0,-0.039,-0.039,0.02,0.02,-0.039,-0.029,0.059,-0.044,-0.024,-0.024,-0.122
2.168,-0.02,-0.034,-0.015,0.029,-0.005,-0.024,-0.024,0.054,-0.044,-0.024,-0.034,-0.122
2.17,-0.029,-0.029,0.0,0.029,-0.015,-0.015,-0.034,0.044,-0.049,-0.029,-0.044,-0.132
2.172,-0.024,-0.024,0.0,0.024,-0.015,-0.015,-0.039,0.039,-0.059,-0.029,-0.049,-0.132
2.174,-0.024,-0.029,-0.005,0.029,-0.01,-0.02,-0.039,0.049,-0.049,-0.02,-0.044,-0.127
2.176,-0.015,-0.024,-0.01,0.02,-0.005,-0.02,-0.024,0.063,-0.044,-0.01,-0.039,-0.122
2.178,0.01,-0.024,-0.034,0.01,0.02,-0.029,-0.02,0.073,-0.039,-0.01,-0.034,-0.122
2.18,0.015,-0.029,-0.044,0.01,0.029,-0.039,-0.005,0.083,-0.029,-0.005,-0.029,-0.127
2.182,0.024,-0.02,-0.044,0.0,0.034,-0.034,0.015,0.107,0.0,0.015,-0.01,-0.117
2.184,0.034,-0.015,-0.049,-0.01,0.039,-0.034,0.015,0.112,0.01,0.015,-0.01,-0.122
2.186,0.015,-0.01,-0.024,0.0,0.02,-0.02,0.005,0.112,0.005,0.01,-0.015,-0.117
2.188,0.01,-0.01,-0.02,0.0,0.015,-0.015,0.0,0.107,-0.005,0.01,-0.024,-0.122
2.19,-0.01,-0.024,-0.015,0.02,0.0,-0.02,-0.01,0.093,-0.015,0.005,-0.034,-0.127
2.192,-0.024,-0.034,-0.01,0.029,-0.01,-0.024,-0.024,0.083,-0.029,0.005,-0.034,-0.117
2.194,-0.01,-0.039,-0.029,0.024,0.01,-0.034,-0.024,0.083,-0.029,0.005,-0.029,-0.117
2.196,-0.005,-0.039,-0.034,0.024,0.015,-0.039,-0.015,0.093,-0.02,0.01,-0.02,-0.107
2.198,0.0,-0.034,-0.034,0.02,0.015,-0.034,-0.02,0.098,-0.015,0.01,-0.015,-0.107
2.2,0.01,-0.034,-0.044,0.015,0.024,-0.039,0.005,0.117,0.0,0.02,-0.015,-0.112
2.202,0.039,-0.02,-0.059,-0.01,0.049,-0.039,0.024,0.146,0.029,0.044,0.005,-0.102
2.204,0.034,-0.005,-0.039,-0.015,0.034,-0.024,0.039,0.161,0.039,0.044,0.005,-0.102
2.206,0.005,-0.02,-0.024,0.01,0.015,-0.024,0.034,0.151,0.034,0.034,0.0,-0.102
2.208,0.01,-0.02,-0.029,0.005,0.02,-0.024,0.024,0.146,0.029,0.039,-0.005,-0.102
2.21,0.01,-0.01,-0.02,0.0,0.015,-0.015,0.01,0.132,0.01,0.029,-0.01,-0.107
2.212,-0.01,-0.024,-0.015,0.02,0.0,-0.02,-0.005,0.122,-0.005,0.024,-0.024,-0.107
2.214,0.0,-0.024,-0.024,0.015,0.01,-0.024,-0.005,0.127,-0.005,0.024,-0.02,-0.112
2.216,0.01,-0.024,-0.034,0.01,0.02,-0.029,0.005,0.146,0.01,0.024,-0.015,-0.107
2.218,0.01,-0.02,-0.029,0.005,0.02,-0.024,0.029,0.171,0.034,0.039,-0.015,-0.102
2.22,0.024,-0.01,-0.034,-0.005,0.029,-0.024,0.039,0.195,0.054,0.054,0.0,-0.102
2.222,0.029,-0.02,-0.049,-0.005,0.039,-0.034,0.054,0.215,0.078,0.073,0.01,-0.098
2.224,0.034,-0.015,-0.049,-0.01,0.039,-0.034,0.059,0.22,0.088,0.078,0.02,-0.093
2.226,0.044,-0.015,-0.059,-0.015,0.049,-0.039,0.054,0.21,0.078,0.068,0.015,-0.093
2.228,0.029,-0.02,-0.049,-0.005,0.039,-0.034,0.059,0.21,0.078,0.068,0.015,-0.083
2.23,0.024,-0.02,-0.044,0.0,0.034,-0.034,0.049,0.205,0.068,0.063,0.015,-0.088
2.232,0.01,-0.015,-0.024,0.005,0.015,-0.02,0.039,0.2,0.054,0.054,0.01,-0.088
2.234,0.015,-0.015,-0.029,0.0,0.02,-0.024,0.039,0.205,0.063,0.059,0.005,-0.098
2.236,0.029,-0.015,-0.044,-0.005,0.034,-0.029,0.049,0.229,0.078,0.073,0.005,-0.093
2.238,0.024,-0.015,-0.039,-0.005,0.029,-0.029,0.073,0.254,0.102,0.083,0.02,-0.088
2.24,0.039,-0.005,-0.044,-0.015,0.039,-0.024,0.088,0.273,0.132,0.107,0.024,-0.088
2.242,0.034,-0.024,-0.059,-0.005,0.044,-0.044,0.102,0.298,0.151,0.117,0.039,-0.088
2.244,0.049,-0.01,-0.059,-0.02,0.054,-0.034,0.102,0.307,0.171,0.112,0.044,-0.073
2.246,0.063,0.005,-0.059,-0.034,0.059,-0.029,0.098,0.307,0.171,0.127,0.054,-0.059
2.248,0.054,0.005,-0.049,-0.029,0.049,-0.024,0.098,0.303,0.166,0.112,0.044,-0.068
2.25,0.024,0.0,-0.024,-0.01,0.024,-0.015,0.102,0.307,0.171,0.112,0.044,-0.063
2.252,0.02,0.005,-0.015,-0.01,0.015,-0.005,0.102,0.307,0.171,0.117,0.044,-0.063
2.254,0.029,0.01,-0.02,-0.02,0.024,-0.005,0.107,0.327,0.176,0.122,0.044,-0.063
2.256,0.039,0.01,-0.029,-0.024,0.034,-0.01,0.122,0.356,0.205,0.137,0.044,-0.063
2.258,0.049,0.015,-0.034,-0.029,0.039,-0.01,0.127,0.376,0.224,0.156,0.059,-0.063
2.26,0.054,0.01,-0.044,-0.029,0.049,-0.02,0.146,0.4,0.244,0.171,0.073,-0.054
2.262,0.078,0.015,-0.063,-0.044,0.068,-0.024,0.166,0.425,0.268,0.185,0.093,-0.044
2.264,0.078,0.024,-0.054,-0.049,0.063,-0.015,0.161,0.429,0.278,0.185,0.093,-0.039
2.266,0.054,0.02,-0.034,-0.034,0.044,-0.01,0.151,0.434,0.283,0.185,0.093,-0.034
2.268,0.054,0.02,-0.034,-0.034,0.044,-0.01,0.156,0.439,0.288,0.195,0.088,-0.039
2.27,0.049,0.039,-0.01,-0.044,0.029,0.015,0.156,0.459,0.298,0.2,0.088,-0.034
2.272,0.054,0.049,-0.005,-0.049,0.029,0.02,0.151,0.464,0.307,0.21,0.093,-0.029
2.274,0.068,0.044,-0.024,-0.054,0.044,0.01,0.161,0.483,0.327,0.229,0.102,-0.024
2.276,0.078,0.039,-0.039,-0.059,0.059,0.0,0.176,0.508,0.342,0.249,0.117,-0.015
2.278,0.093,0.049,-0.044,-0.068,0.068,0.0,0.176,0.527,0.366,0.264,0.132,0.0
2.28,0.098,0.044,-0.054,-0.068,0.073,-0.005,0.19,0.551,0.395,0.278,0.142,0.01
2.282,0.112,0.049,-0.063,-0.078,0.088,-0.01,0.215,0.586,0.42,0.293,0.161,0.01
2.284,0.127,0.059,-0.068,-0.093,0.098,-0.005,0.224,0.6,0.444,0.307,0.166,0.02
2.286,0.107,0.059,-0.049,-0.083,0.078,0.005,0.22,0.61,0.454,0.322,0.176,0.024
2.288,0.102,0.068,-0.034,-0.083,0.068,0.015,0.22,0.63,0.468,0.342,0.181,0.039
2.29,0.093,0.083,-0.01,-0.088,0.049,0.034,0.205,0.63,0.473,0.356,0.19,0.044
2.292,0.093,0.093,0.0,-0.093,0.044,0.044,0.195,0.62,0.473,0.361,0.195,0.059
2.294,0.112,0.107,-0.005,-0.107,0.059,0.049,0.19,0.63,0.488,0.371,0.205,0.063
2.296,0.127,0.107,-0.02,-0.117,0.073,0.044,0.2,0.644,0.508,0.386,0.229,0.073
2.298,0.146,0.112,-0.034,-0.127,0.088,0.039,0.21,0.664,0.527,0.41,0.239,0.088
2.3,0.181,0.127,-0.054,-0.151,0.117,0.034,0.22,0.683,0.551,0.425,0.254,0.098
2.302,0.195,0.137,-0.059,-0.166,0.127,0.039,0.229,0.717,0.595,0.459,0.283,0.107
2.304,0.195,0.156,-0.039,-0.176,0.117,0.059,0.234,0.737,0.62,0.473,0.293,0.117
2.306,0.181,0.146,-0.034,-0.161,0.107,0.054,0.224,0.722,0.615,0.478,0.298,0.122
2.308,0.176,0.137,-0.039,-0.156,0.107,0.049,0.21,0.712,0.61,0.488,0.303,0.127
2.31,0.171,0.151,-0.02,-0.161,0.093,0.063,0.2,0.708,0.615,0.498,0.322,0.146
2.312,0.166,0.161,-0.005,-0.161,0.083,0.078,0.176,0.688,0.605,0.493,0.322,0.151
2.314,0.185,0.176,-0.01,-0.181,0.098,0.083,0.181,0.693,0.61,0.512,0.342,0.171
2.316,0.195,0.176,-0.02,-0.185,0.107,0.078,0.185,0.708,0.62,0.527,0.346,0.176
2.318,0.2,0.171,-0.029,-0.185,0.112,0.068,0.19,0.722,0.639,0.527,0.356,0.176
2.32,0.215,0.181,-0.034,-0.195,0.122,0.073,0.19,0.732,0.659,0.547,0.371,0.185
2.322,0.224,0.195,-0.029,-0.21,0.127,0.083,0.2,0.742,0.678,0.566,0.381,0.185
2.324,0.229,0.205,-0.024,-0.215,0.127,0.088,0.185,0.732,0.678,0.571,0.39,0.195
2.326,0.234,0.215,-0.02,-0.224,0.127,0.098,0.161,0.703,0.664,0.566,0.4,0.205
2.328,0.22,0.2,-0.02,-0.21,0.117,0.088,0.146,0.669,0.639,0.551,0.386,0.2
2.33,0.21,0.2,-0.01,-0.205,0.107,0.093,0.122,0.639,0.615,0.547,0.386,0.205
2.332,0.185,0.2,0.015,-0.19,0.083,0.107,0.107,0.625,0.595,0.542,0.395,0.22
2.334,0.176,0.181,0.005,-0.176,0.083,0.093,0.088,0.59,0.576,0.532,0.376,0.21
2.336,0.19,0.185,-0.005,-0.185,0.098,0.088,0.083,0.581,0.576,0.542,0.386,0.22
2.338,0.19,0.195,0.005,-0.19,0.093,0.098,0.083,0.566,0.566,0.537,0.39,0.22
2.34,0.205,0.195,-0.01,-0.2,0.107,0.093,0.088,0.561,0.566,0.547,0.405,0.224
2.342,0.215,0.2,-0.015,-0.205,0.112,0.093,0.093,0.547,0.561,0.542,0.415,0.22
2.344,0.2,0.19,-0.01,-0.195,0.102,0.088,0.078,0.508,0.542,0.517,0.4,0.22
2.346,0.185,0.19,0.005,-0.185,0.088,0.098,0.049,0.464,0.498,0.498,0.39,0.22
2.348,0.171,0.185,0.015,-0.176,0.078,0.098,0.02,0.41,0.444,0.454,0.366,0.205
2.35,0.156,0.176,0.02,-0.166,0.068,0.098,0.0,0.371,0.4,0.42,0.327,0.185
2.352,0.137,0.161,0.024,-0.146,0.054,0.093,-0.015,0.332,0.356,0.395,0.307,0.171
2.354,0.117,0.151,0.034,-0.132,0.039,0.093,-0.015,0.307,0.322,0.366,0.293,0.161
2.356,0.107,0.142,0.034,-0.122,0.034,0.088,-0.005,0.288,0.307,0.346,0.273,0.146
2.358,0.102,0.132,0.029,-0.117,0.034,0.078,0.0,0.268,0.288,0.322,0.264,0.132
2.36,0.102,0.107,0.005,-0.102,0.049,0.054,-0.005,0.244,0.264,0.303,0.244,0.117
2.362,0.117,0.102,-0.015,-0.107,0.063,0.044,0.005,0.234,0.249,0.273,0.234,0.107
2.364,0.107,0.102,-0.005,-0.102,0.054,0.049,0.0,0.2,0.22,0.249,0.215,0.093
2.366,0.078,0.093,0.015,-0.083,0.029,0.054,-0.015,0.161,0.176,0.21,0.181,0.073
2.368,0.054,0.088,0.034,-0.068,0.01,0.059,-0.02,0.132,0.146,0.19,0.166,0.059
2.37,0.034,0.083,0.049,-0.059,-0.01,0.063,-0.029,0.107,0.112,0.161,0.146,0.044
2.372,0.015,0.068,0.054,-0.039,-0.02,0.059,-0.044,0.073,0.073,0.127,0.112,0.024
2.374,0.024,0.059,0.034,-0.039,-0.005,0.044,-0.044,0.049,0.044,0.107,0.098,0.015
2.376,0.01,0.034,0.024,-0.02,-0.01,0.029,-0.034,0.049,0.034,0.098,0.093,0.005
2.378,0.02,0.039,0.02,-0.029,0.0,0.029,-0.039,0.039,0.024,0.083,0.083,0.005
2.38,0.015,0.029,0.015,-0.02,0.0,0.02,-0.024,0.039,0.02,0.078,0.088,0.0
2.382,0.015,0.024,0.01,-0.02,0.0,0.015,-0.015,0.044,0.024,0.068,0.088,0.0
2.384,0.029,0.029,0.0,-0.029,0.015,0.015,-0.015,0.029,0.01,0.054,0.068,-0.02
2.386,0.01,0.029,0.02,-0.02,-0.005,0.024,-0.01,0.02,0.0,0.049,0.068,-0.015
2.388,-0.005,0.015,0.02,-0.005,-0.015,0.015,-0.015,0.005,-0.015,0.029,0.054,-0.02
2.39,0.0,0.02,0.02,-0.01,-0.01,0.02,-0.029,-0.02,-0.029,0.015,0.044,-0.029
2.392,-0.024,0.015,0.039,0.005,-0.034,0.024,-0.044,-0.034,-0.054,0.0,0.029,-0.029
2.394,-0.02,0.015,0.034,0.005,-0.029,0.024,-0.039,-0.049,-0.068,-0.005,0.024,-0.029
2.396,-0.01,0.0,0.01,0.005,-0.01,0.005,-0.034,-0.049,-0.073,-0.015,0.02,-0.039
2.398,-0.02,-0.01,0.01,0.015,-0.015,0.0,-0.029,-0.054,-0.083,-0.02,0.015,-0.044
2.4,-0.015,-0.01,0.005,0.015,-0.01,-0.005,-0.015,-0.029,-0.059,-0.01,0.02,-0.044
2.402,-0.024,-0.005,0.02,0.015,-0.024,0.005,0.0,-0.015,-0.044,0.005,0.029,-0.039
2.404,-0.005,-0.01,-0.005,0.01,0.0,-0.01,0.0,-0.029,-0.054,-0.015,0.015,-0.054
2.406,-0.01,-0.005,0.005,0.01,-0.01,0.0,-0.015,-0.039,-0.068,-0.02,0.01,-0.059
2.408,-0.034,-0.005,0.029,0.02,-0.034,0.01,-0.015,-0.054,-0.078,-0.02,0.01,-0.049
2.41,-0.029,-0.005,0.024,0.02,-0.029,0.01,-0.024,-0.063,-0.088,-0.034,0.005,-0.044
2.412,-0.034,-0.005,0.029,0.02,-0.034,0.01,-0.049,-0.088,-0.112,-0.044,-0.005,-0.049
2.414,-0.029,-0.005,0.024,0.02,-0.029,0.01,-0.044,-0.093,-0.112,-0.049,-0.01,-0.049
2.416,-0.029,0.0,0.029,0.015,-0.029,0.015,-0.029,-0.078,-0.112,-0.054,-0.015,-0.054
2.418,-0.029,-0.01,0.02,0.02,-0.024,0.005,-0.024,-0.068,-0.098,-0.044,-0.01,-0.059
2.42,-0.029,-0.02,0.01,0.024,-0.02,-0.005,-0.02,-0.059,-0.088,-0.034,-0.005,-0.059
2.422,-0.02,-0.02,0.0,0.02,-0.01,-0.01,0.0,-0.044,-0.068,-0.029,0.0,-0.059
2.424,-0.024,-0.024,0.0,0.024,-0.015,-0.015,0.0,-0.054,-0.073,-0.029,0.005,-0.059
2.426,-0.024,-0.02,0.005,0.024,-0.015,-0.01,-0.005,-0.068,-0.088,-0.039,-0.005,-0.059
2.428,-0.039,-0.029,0.01,0.034,-0.024,-0.01,-0.015,-0.083,-0.098,-0.049,-0.01,-0.059
2.43,-0.054,-0.044,0.01,0.049,-0.034,-0.02,-0.029,-0.098,-0.112,-0.054,-0.01,-0.059
2.432,-0.039,-0.015,0.024,0.029,-0.034,0.005,-0.034,-0.107,-0.122,-0.063,-0.024,-0.059
2.434,-0.039,-0.01,0.029,0.024,-0.034,0.01,-0.034,-0.107,-0.127,-0.063,-0.029,-0.063
2.436,-0.034,-0.02,0.015,0.029,-0.024,-0.005,-0.015,-0.093,-0.112,-0.054,-0.02,-0.059
2.438,-0.029,-0.02,0.01,0.024,-0.02,-0.005,0.0,-0.073,-0.098,-0.049,-0.015,-0.059
2.44,-0.015,-0.005,0.01,0.01,-0.015,0.0,0.005,-0.068,-0.093,-0.044,-0.01,-0.059
2.442,0.0,-0.005,-0.005,0.005,0.0,-0.005,0.01,-0.059,-0.083,-0.044,0.0,-0.063
2.444,-0.005,-0.01,-0.005,0.01,0.0,-0.01,0.01,-0.063,-0.088,-0.044,-0.005,-0.068
2.446,-0.02,-0.015,0.005,0.02,-0.015,-0.005,-0.01,-0.088,-0.102,-0.054,-0.02,-0.073
2.448,-0.029,-0.01,0.02,0.02,-0.024,0.005,-0.01,-0.088,-0.107,-0.059,-0.015,-0.063
2.45,-0.034,-0.015,0.02,0.024,-0.029,0.0,-0.029,-0.107,-0.132,-0.078,-0.034,-0.078
2.452,-0.039,-0.015,0.024,0.029,-0.034,0.005,-0.034,-0.112,-0.142,-0.078,-0.039,-0.078
2.454,-0.044,-0.02,0.024,0.034,-0.034,0.0,-0.034,-0.107,-0.137,-0.088,-0.039,-0.078
2.456,-0.049,-0.02,0.029,0.034,-0.039,0.005,-0.005,-0.093,-0.117,-0.073,-0.029,-0.073
2.458,-0.034,-0.01,0.024,0.024,-0.029,0.005,0.0,-0.083,-0.107,-0.068,-0.015,-0.068
2.46,-0.02,-0.005,0.015,0.015,-0.02,0.005,0.005,-0.068,-0.093,-0.063,-0.01,-0.063
2.462,-0.015,-0.005,0.01,0.01,-0.015,0.0,0.015,-0.059,-0.088,-0.054,-0.01,-0.063
2.464,-0.015,-0.01,0.005,0.015,-0.01,-0.005,0.015,-0.059,-0.083,-0.063,-0.01,-0.063
2.466,-0.02,-0.015,0.005,0.02,-0.015,-0.005,-0.01,-0.088,-0.102,-0.078,-0.029,-0.073
2.468,-0.034,-0.015,0.02,0.024,-0.029,0.0,0.0,-0.093,-0.107,-0.073,-0.029,-0.073
2.47,-0.039,-0.01,0.029,0.024,-0.034,0.01,-0.015,-0.098,-0.112,-0.083,-0.039,-0.073
2.472,-0.073,-0.024,0.049,0.049,-0.063,0.01,-0.029,-0.112,-0.132,-0.088,-0.049,-0.078
2.474,-0.083,-0.029,0.054,0.059,-0.068,0.01,-0.024,-0.107,-0.132,-0.078,-0.044,-0.073
2.476,-0.063,-0.024,0.039,0.044,-0.054,0.005,-0.02,-0.098,-0.122,-0.073,-0.034,-0.073
2.478,-0.044,-0.029,0.015,0.039,-0.029,-0.01,-0.01,-0.093,-0.117,-0.073,-0.039,-0.073
2.48,-0.034,-0.024,0.01,0.029,-0.024,-0.01,0.01,-0.068,-0.093,-0.063,-0.024,-0.068
2.482,-0.01,-0.029,-0.02,0.02,0.005,-0.024,0.015,-0.063,-0.088,-0.063,-0.029,-0.073
2.484,-0.02,-0.029,-0.01,0.024,-0.005,-0.02,0.02,-0.059,-0.083,-0.059,-0.024,-0.073
2.486,-0.044,-0.029,0.015,0.039,-0.029,-0.01,0.015,-0.059,-0.088,-0.063,-0.029,-0.073
2.488,-0.059,-0.039,0.02,0.049,-0.039,-0.01,0.0,-0.083,-0.112,-0.073,-0.049,-0.088
2.49,-0.054,-0.039,0.015,0.049,-0.034,-0.015,-0.005,-0.088,-0.117,-0.083,-0.049,-0.088
2.492,-0.068,-0.029,0.039,0.049,-0.054,0.005,-0.029,-0.107,-0.142,-0.093,-0.068,-0.088
2.494,-0.078,-0.034,0.044,0.059,-0.063,0.005,-0.029,-0.098,-0.137,-0.083,-0.059,-0.073
2.496,-0.063,-0.034,0.029,0.049,-0.049,-0.005,-0.02,-0.088,-0.122,-0.078,-0.054,-0.073
2.498,-0.034,-0.029,0.005,0.034,-0.02,-0.015,-0.015,-0.088,-0.122,-0.078,-0.049,-0.073
2.5,-0.015,-0.02,-0.005,0.02,-0.005,-0.015,0.005,-0.063,-0.098,-0.059,-0.039,-0.073
2.502,-0.015,-0.015,0.0,0.015,-0.01,-0.01,0.02,-0.044,-0.078,-0.054,-0.024,-0.063
2.504,-0.044,-0.034,0.01,0.039,-0.029,-0.015,0.01,-0.054,-0.088,-0.063,-0.034,-0.078
2.506,-0.039,-0.024,0.015,0.034,-0.029,-0.005,0.0,-0.059,-0.083,-0.063,-0.034,-0.073
2.508,-0.02,-0.005,0.015,0.015,-0.02,0.005,0.0,-0.063,-0.088,-0.063,-0.039,-0.068
2.51,-0.02,-0.01,0.01,0.015,-0.015,0.0,-0.02,-0.083,-0.112,-0.078,-0.049,-0.078
2.512,-0.039,-0.024,0.015,0.034,-0.029,-0.005,-0.039,-0.102,-0.127,-0.083,-0.059,-0.078
2.514,-0.054,-0.034,0.02,0.044,-0.039,-0.01,-0.034,-0.102,-0.132,-0.083,-0.063,-0.073
2.516,-0.054,-0.034,0.02,0.044,-0.039,-0.01,-0.029,-0.083,-0.117,-0.078,-0.059,-0.073
2.518,-0.044,-0.039,0.005,0.044,-0.024,-0.02,-0.02,-0.073,-0.112,-0.083,-0.054,-0.078
2.52,-0.034,-0.039,-0.005,0.039,-0.015,-0.024,-0.01,-0.049,-0.093,-0.073,-0.044,-0.073
2.522,-0.02,-0.029,-0.01,0.024,-0.005,-0.02,0.015,-0.029,-0.063,-0.059,-0.039,-0.073
2.524,-0.005,-0.02,-0.015,0.015,0.005,-0.02,0.005,-0.034,-0.068,-0.063,-0.039,-0.083
2.526,-0.01,-0.015,-0.005,0.015,-0.005,-0.01,-0.01,-0.049,-0.083,-0.068,-0.044,-0.078
2.528,-0.01,-0.01,0.0,0.01,-0.005,-0.005,-0.005,-0.049,-0.083,-0.068,-0.044,-0.078
2.53,-0.029,-0.01,0.02,0.02,-0.024,0.005,-0.024,-0.073,-0.112,-0.083,-0.054,-0.083
2.532,-0.039,-0.015,0.024,0.029,-0.034,0.005,-0.039,-0.093,-0.127,-0.093,-0.059,-0.078
2.534,-0.044,-0.024,0.02,0.034,-0.034,-0.005,-0.049,-0.093,-0.127,-0.088,-0.068,-0.088
2.536,-0.049,-0.034,0.015,0.044,-0.034,-0.01,-0.044,-0.083,-0.122,-0.083,-0.068,-0.083
2.538,-0.039,-0.034,0.005,0.039,-0.024,-0.015,-0.02,-0.059,-0.098,-0.073,-0.054,-0.078
2.54,-0.015,-0.024,-0.01,0.02,-0.005,-0.02,-0.015,-0.049,-0.093,-0.063,-0.054,-0.083
2.542,-0.015,-0.029,-0.015,0.024,0.0,-0.024,0.0,-0.029,-0.073,-0.049,-0.034,-0.073
2.544,-0.01,-0.02,-0.01,0.015,0.0,-0.015,0.0,-0.034,-0.068,-0.049,-0.029,-0.068
2.546,-0.01,-0.024,-0.015,0.02,0.0,-0.02,-0.024,-0.059,-0.093,-0.059,-0.034,-0.068
2.548,-0.015,-0.024,-0.01,0.02,-0.005,-0.02,-0.034,-0.073,-0.107,-0.078,-0.044,-0.073
2.55,-0.015,-0.01,0.005,0.015,-0.01,-0.005,-0.034,-0.083,-0.112,-0.088,-0.049,-0.078
2.552,-0.034,0.0,0.034,0.02,-0.034,0.015,-0.049,-0.098,-0.127,-0.093,-0.063,-0.078
2.554,-0.059,-0.015,0.044,0.039,-0.054,0.015,-0.034,-0.083,-0.112,-0.073,-0.054,-0.068
2.556,-0.034,-0.02,0.015,0.029,-0.024,-0.005,-0.039,-0.083,-0.117,-0.078,-0.059,-0.078
2.558,-0.02,-0.015,0.005,0.02,-0.015,-0.005,-0.029,-0.068,-0.107,-0.063,-0.044,-0.068
2.56,-0.02,-0.024,-0.005,0.024,-0.01,-0.015,-0.02,-0.054,-0.088,-0.049,-0.024,-0.054
2.562,-0.015,-0.034,-0.02,0.024,0.0,-0.029,-0.015,-0.049,-0.088,-0.054,-0.024,-0.059
2.564,-0.02,-0.029,-0.01,0.024,-0.005,-0.02,-0.02,-0.049,-0.088,-0.054,-0.024,-0.059
2.566,-0.024,-0.029,-0.005,0.029,-0.01,-0.02,-0.034,-0.059,-0.098,-0.059,-0.034,-0.059
2.568,-0.024,-0.015,0.01,0.02,-0.02,-0.005,-0.034,-0.068,-0.102,-0.063,-0.039,-0.068
2.57,-0.024,-0.01,0.015,0.02,-0.02,0.0,-0.039,-0.078,-0.112,-0.068,-0.049,-0.073
2.572,-0.039,-0.01,0.029,0.024,-0.034,0.01,-0.059,-0.098,-0.132,-0.078,-0.059,-0.083
2.574,-0.049,-0.015,0.034,0.034,-0.044,0.01,-0.054,-0.088,-0.127,-0.073,-0.049,-0.078
2.576,-0.024,-0.01,0.015,0.02,-0.02,0.0,-0.054,-0.073,-0.107,-0.059,-0.039,-0.073
2.578,-0.015,-0.02,-0.005,0.02,-0.005,-0.015,-0.039,-0.073,-0.112,-0.059,-0.034,-0.063
2.58,-0.02,-0.02,0.0,0.02,-0.01,-0.01,-0.034,-0.059,-0.098,-0.059,-0.039,-0.059
2.582,-0.01,-0.024,-0.015,0.02,0.0,-0.02,-0.029,-0.049,-0.088,-0.054,-0.039,-0.063
2.584,-0.01,-0.02,-0.01,0.015,0.0,-0.015,-0.029,-0.049,-0.083,-0.049,-0.034,-0.059
2.586,0.0,-0.015,-0.015,0.01,0.005,-0.015,-0.029,-0.059,-0.093,-0.049,-0.034,-0.059
2.588,-0.005,-0.02,-0.015,0.015,0.005,-0.02,-0.049,-0.078,-0.107,-0.063,-0.044,-0.059
2.59,-0.015,-0.02,-0.005,0.02,-0.005,-0.015,-0.054,-0.078,-0.112,-0.068,-0.039,-0.054
2.592,-0.024,-0.015,0.01,0.02,-0.02,-0.005,-0.068,-0.093,-0.127,-0.078,-0.044,-0.049
2.594,-0.029,-0.015,0.015,0.024,-0.024,0.0,-0.073,-0.098,-0.132,-0.078,-0.049,-0.049
2.596,-0.029,-0.02,0.01,0.024,-0.02,-0.005,-0.059,-0.083,-0.122,-0.078,-0.049,-0.044
2.598,-0.02,-0.01,0.01,0.015,-0.015,0.0,-0.054,-0.078,-0.112,-0.068,-0.039,-0.044
2.6,-0.01,-0.005,0.005,0.01,-0.01,0.0,-0.054,-0.073,-0.107,-0.063,-0.039,-0.054
2.602,-0.01,-0.02,-0.01,0.015,0.0,-0.015,-0.039,-0.059,-0.093,-0.054,-0.034,-0.049
2.604,-0.005,-0.01,-0.005,0.01,0.0,-0.01,-0.034,-0.054,-0.078,-0.049,-0.029,-0.049
2.606,0.01,-0.005,-0.015,0.0,0.01,-0.01,-0.049,-0.073,-0.098,-0.063,-0.039,-0.059
2.608,-0.01,-0.02,-0.01,0.015,0.0,-0.015,-0.049,-0.083,-0.107,-0.068,-0.049,-0.054
2.61,-0.044,-0.039,0.005,0.044,-0.024,-0.02,-0.063,-0.098,-0.127,-0.088,-0.063,-0.059
2.612,-0.054,-0.039,0.015,0.049,-0.034,-0.015,-0.083,-0.122,-0.146,-0.088,-0.068,-0.059
2.614,-0.054,-0.029,0.024,0.044,-0.039,-0.005,-0.083,-0.117,-0.142,-0.093,-0.073,-0.054
2.616,-0.054,-0.034,0.02,0.044,-0.039,-0.01,-0.068,-0.102,-0.132,-0.078,-0.063,-0.049
2.618,-0.034,-0.024,0.01,0.029,-0.024,-0.01,-0.063,-0.083,-0.112,-0.068,-0.049,-0.049
2.62,-0.005,-0.024,-0.02,0.015,0.005,-0.024,-0.063,-0.073,-0.102,-0.063,-0.044,-0.049
2.622,0.015,-0.02,-0.034,0.005,0.024,-0.029,-0.049,-0.059,-0.088,-0.059,-0.044,-0.054
2.624,0.0,-0.024,-0.024,0.015,0.01,-0.024,-0.049,-0.063,-0.093,-0.059,-0.034,-0.049
2.626,-0.01,-0.029,-0.02,0.02,0.005,-0.024,-0.063,-0.083,-0.107,-0.068,-0.044,-0.049
2.628,-0.01,-0.029,-0.02,0.02,0.005,-0.024,-0.068,-0.088,-0.112,-0.068,-0.044,-0.049
2.63,-0.015,-0.024,-0.01,0.02,-0.005,-0.02,-0.088,-0.112,-0.137,-0.078,-0.054,-0.054
2.632,-0.034,-0.034,0.0,0.034,-0.02,-0.02,-0.107,-0.127,-0.156,-0.093,-0.068,-0.059
2.634,-0.044,-0.039,0.005,0.044,-0.024,-0.02,-0.098,-0.122,-0.151,-0.088,-0.073,-0.063
2.636,-0.049,-0.034,0.015,0.044,-0.034,-0.01,-0.083,-0.102,-0.137,-0.078,-0.068,-0.063
2.638,-0.029,-0.029,0.0,0.029,-0.015,-0.015,-0.063,-0.083,-0.107,-0.068,-0.059,-0.063
2.64,-0.015,-0.024,-0.01,0.02,-0.005,-0.02,-0.063,-0.083,-0.102,-0.068,-0.063,-0.068
2.642,-0.015,-0.024,-0.01,0.02,-0.005,-0.02,-0.054,-0.063,-0.088,-0.054,-0.049,-0.068
2.644,0.005,-0.015,-0.02,0.005,0.01,-0.02,-0.049,-0.063,-0.083,-0.059,-0.044,-0.068
2.646,-0.005,-0.024,-0.02,0.015,0.005,-0.024,-0.063,-0.078,-0.102,-0.068,-0.054,-0.073
2.648,-0.015,-0.029,-0.015,0.024,0.0,-0.024,-0.078,-0.093,-0.112,-0.083,-0.068,-0.083
2.65,-0.024,-0.005,0.02,0.015,-0.024,0.005,-0.073,-0.098,-0.112,-0.078,-0.063,-0.068
2.652,-0.049,-0.024,0.024,0.039,-0.039,0.0,-0.093,-0.117,-0.132,-0.088,-0.078,-0.078
2.654,-0.039,-0.029,0.01,0.034,-0.024,-0.01,-0.098,-0.117,-0.142,-0.093,-0.083,-0.083
2.656,-0.029,-0.029,0.0,0.029,-0.015,-0.015,-0.088,-0.107,-0.127,-0.083,-0.073,-0.078
2.658,-0.024,-0.024,0.0,0.024,-0.015,-0.015,-0.083,-0.098,-0.112,-0.073,-0.068,-0.073
2.66,-0.015,-0.029,-0.015,0.024,0.0,-0.024,-0.068,-0.083,-0.098,-0.068,-0.049,-0.063
2.662,0.0,-0.024,-0.024,0.015,0.01,-0.024,-0.063,-0.078,-0.093,-0.068,-0.049,-0.073
2.664,-0.005,-0.02,-0.015,0.015,0.005,-0.02,-0.054,-0.073,-0.088,-0.063,-0.044,-0.073
2.666,-0.005,-0.015,-0.01,0.01,0.0,-0.015,-0.059,-0.083,-0.093,-0.073,-0.044,-0.068
2.668,-0.005,-0.015,-0.01,0.01,0.0,-0.015,-0.068,-0.098,-0.117,-0.083,-0.059,-0.073
2.67,-0.02,-0.015,0.005,0.02,-0.015,-0.005,-0.083,-0.107,-0.127,-0.093,-0.068,-0.078
2.672,-0.044,-0.029,0.015,0.039,-0.029,-0.01,-0.093,-0.127,-0.142,-0.098,-0.078,-0.083
2.674,-0.054,-0.024,0.029,0.039,-0.044,0.0,-0.098,-0.127,-0.146,-0.102,-0.088,-0.088
2.676,-0.054,-0.024,0.029,0.039,-0.044,0.0,-0.088,-0.107,-0.127,-0.088,-0.078,-0.083
2.678,-0.024,-0.02,0.005,0.024,-0.015,-0.01,-0.083,-0.102,-0.122,-0.088,-0.073,-0.078
2.68,-0.029,-0.039,-0.01,0.034,-0.01,-0.024,-0.073,-0.088,-0.107,-0.078,-0.068,-0.078
2.682,-0.015,-0.044,-0.029,0.029,0.005,-0.039,-0.054,-0.078,-0.098,-0.073,-0.063,-0.078
2.684,-0.01,-0.039,-0.029,0.024,0.01,-0.034,-0.059,-0.083,-0.102,-0.078,-0.068,-0.083
2.686,-0.015,-0.029,-0.015,0.024,0.0,-0.024,-0.059,-0.083,-0.098,-0.073,-0.068,-0.083
2.688,-0.015,-0.024,-0.01,0.02,-0.005,-0.02,-0.068,-0.098,-0.112,-0.078,-0.073,-0.088
2.69,-0.034,-0.029,0.005,0.034,-0.02,-0.015,-0.088,-0.117,-0.132,-0.093,-0.088,-0.093
2.692,-0.039,-0.024,0.015,0.034,-0.029,-0.005,-0.102,-0.137,-0.156,-0.107,-0.098,-0.093
2.694,-0.044,-0.034,0.01,0.039,-0.029,-0.015,-0.107,-0.137,-0.151,-0.102,-0.098,-0.093
2.696,-0.039,-0.034,0.005,0.039,-0.024,-0.015,-0.088,-0.117,-0.142,-0.093,-0.093,-0.088
2.698,-0.024,-0.034,-0.01,0.029,-0.01,-0.024,-0.078,-0.112,-0.132,-0.093,-0.088,-0.088
2.7,-0.034,-0.044,-0.01,0.039,-0.015,-0.029,-0.068,-0.107,-0.127,-0.088,-0.088,-0.093
2.702,-0.02,-0.044,-0.024,0.034,0.0,-0.034,-0.054,-0.083,-0.102,-0.073,-0.078,-0.083
2.704,-0.024,-0.039,-0.015,0.034,-0.005,-0.029,-0.044,-0.073,-0.093,-0.068,-0.073,-0.078
2.706,-0.029,-0.044,-0.015,0.039,-0.01,-0.029,-0.059,-0.088,-0.107,-0.078,-0.083,-0.083
2.708,-0.02,-0.039,-0.02,0.029,0.0,-0.029,-0.063,-0.102,-0.112,-0.083,-0.078,-0.083
2.71,-0.015,-0.024,-0.01,0.02,-0.005,-0.02,-0.063,-0.112,-0.127,-0.083,-0.083,-0.078
2.712,-0.029,-0.02,0.01,0.024,-0.02,-0.005,-0.083,-0.137,-0.146,-0.098,-0.093,-0.083
2.714,-0.039,-0.034,0.005,0.039,-0.024,-0.015,-0.083,-0.132,-0.146,-0.098,-0.088,-0.078
2.716,-0.044,-0.034,0.01,0.039,-0.029,-0.015,-0.078,-0.122,-0.142,-0.093,-0.088,-0.073
2.718,-0.024,-0.034,-0.01,0.029,-0.01,-0.024,-0.063,-0.107,-0.127,-0.083,-0.083,-0.073
2.72,-0.02,-0.049,-0.029,0.034,0.005,-0.039,-0.049,-0.088,-0.112,-0.083,-0.073,-0.073
2.722,-0.015,-0.049,-0.034,0.034,0.01,-0.044,-0.039,-0.078,-0.098,-0.078,-0.073,-0.078
2.724,-0.005,-0.039,-0.034,0.024,0.015,-0.039,-0.034,-0.078,-0.098,-0.078,-0.068,-0.083
2.726,-0.01,-0.039,-0.029,0.024,0.01,-0.034,-0.054,-0.098,-0.112,-0.093,-0.083,-0.083
2.728,-0.01,-0.039,-0.029,0.024,0.01,-0.034,-0.049,-0.098,-0.117,-0.093,-0.088,-0.083
2.73,-0.02,-0.034,-0.015,0.029,-0.005,-0.024,-0.059,-0.107,-0.127,-0.098,-0.088,-0.073
2.732,-0.034,-0.034,0.0,0.034,-0.02,-0.02,-0.083,-0.132,-0.146,-0.112,-0.098,-0.078
2.734,-0.034,-0.034,0.0,0.034,-0.02,-0.02,-0.078,-0.127,-0.142,-0.107,-0.098,-0.083
2.736,-0.02,-0.024,-0.005,0.024,-0.01,-0.015,-0.068,-0.117,-0.132,-0.107,-0.098,-0.078
2.738,-0.029,-0.029,0.0,0.029,-0.015,-0.015,-0.049,-0.102,-0.117,-0.098,-0.088,-0.078
2.74,-0.024,-0.034,-0.01,0.029,-0.01,-0.024,-0.044,-0.088,-0.107,-0.083,-0.088,-0.073
2.742,0.0,-0.034,-0.034,0.02,0.015,-0.034,-0.039,-0.078,-0.098,-0.078,-0.083,-0.073
2.744,0.0,-0.02,-0.02,0.01,0.01,-0.02,-0.029,-0.073,-0.088,-0.073,-0.073,-0.078
2.746,0.0,-0.01,-0.01,0.005,0.005,-0.01,-0.024,-0.088,-0.098,-0.068,-0.068,-0.073
2.748,-0.01,-0.015,-0.005,0.015,-0.005,-0.01,-0.039,-0.098,-0.107,-0.083,-0.083,-0.078
2.75,-0.034,-0.015,0.02,0.024,-0.029,0.0,-0.049,-0.112,-0.117,-0.088,-0.093,-0.078
2.752,-0.029,0.01,0.039,0.01,-0.034,0.024,-0.059,-0.117,-0.127,-0.088,-0.102,-0.073
2.754,-0.024,0.024,0.049,0.0,-0.039,0.034,-0.044,-0.098,-0.107,-0.078,-0.088,-0.059
2.756,-0.015,0.024,0.039,-0.005,-0.029,0.029,-0.02,-0.083,-0.098,-0.063,-0.078,-0.054
2.758,-0.01,0.015,0.024,0.0,-0.02,0.02,-0.015,-0.073,-0.088,-0.059,-0.068,-0.049
2.76,0.0,0.015,0.015,-0.005,-0.01,0.015,-0.015,-0.068,-0.078,-0.054,-0.059,-0.044
2.762,0.015,0.02,0.005,-0.015,0.005,0.01,-0.005,-0.059,-0.063,-0.049,-0.049,-0.039
2.764,0.02,0.029,0.01,-0.024,0.005,0.02,-0.005,-0.063,-0.068,-0.054,-0.049,-0.039
2.766,0.015,0.034,0.02,-0.024,-0.005,0.024,-0.01,-0.073,-0.073,-0.054,-0.049,-0.034
2.768,0.0,0.034,0.034,-0.015,-0.02,0.034,-0.01,-0.078,-0.078,-0.054,-0.054,-0.024
2.77,-0.02,0.01,0.029,0.005,-0.024,0.02,-0.005,-0.073,-0.083,-0.054,-0.059,-0.034
2.772,-0.024,0.015,0.039,0.005,-0.034,0.024,-0.01,-0.078,-0.093,-0.059,-0.059,-0.034
2.774,-0.029,0.02,0.049,0.005,-0.039,0.034,-0.005,-0.078,-0.093,-0.049,-0.063,-0.029
2.776,-0.01,0.029,0.039,-0.01,-0.024,0.034,-0.015,-0.068,-0.083,-0.044,-0.049,-0.029
2.778,0.005,0.039,0.034,-0.02,-0.015,0.034,-0.015,-0.063,-0.073,-0.039,-0.044,-0.024
2.78,0.005,0.044,0.039,-0.024,-0.02,0.039,-0.01,-0.054,-0.054,-0.024,-0.034,-0.02
2.782,0.024,0.054,0.029,-0.039,-0.005,0.039,-0.005,-0.044,-0.049,-0.024,-0.02,-0.01
2.784,0.024,0.059,0.034,-0.039,-0.005,0.044,-0.024,-0.068,-0.063,-0.039,-0.034,-0.029
2.786,0.024,0.054,0.029,-0.039,-0.005,0.039,-0.054,-0.083,-0.068,-0.044,-0.044,-0.029
2.788,0.024,0.054,0.029,-0.039,-0.005,0.039,-0.073,-0.098,-0.078,-0.049,-0.044,-0.024
2.79,0.005,0.049,0.044,-0.024,-0.02,0.044,-0.093,-0.122,-0.098,-0.059,-0.054,-0.029
2.792,0.005,0.049,0.044,-0.024,-0.02,0.044,-0.122,-0.137,-0.112,-0.068,-0.059,-0.024
2.794,0.02,0.054,0.034,-0.034,-0.01,0.044,-0.107,-0.127,-0.102,-0.059,-0.054,-0.02
2.796,0.024,0.054,0.029,-0.039,-0.005,0.039,-0.083,-0.093,-0.078,-0.039,-0.039,-0.01
2.798,0.034,0.049,0.015,-0.039,0.01,0.029,-0.063,-0.078,-0.063,-0.034,-0.034,-0.005
2.8,0.029,0.039,0.01,-0.034,0.01,0.024,-0.049,-0.068,-0.059,-0.029,-0.034,-0.015
2.802,0.044,0.044,0.0,-0.044,0.02,0.02,-0.034,-0.054,-0.049,-0.034,-0.039,-0.015
2.804,0.049,0.059,0.01,-0.054,0.02,0.034,-0.034,-0.068,-0.054,-0.034,-0.039,-0.02
2.806,0.044,0.049,0.005,-0.044,0.02,0.024,-0.054,-0.093,-0.078,-0.059,-0.059,-0.029
2.808,0.039,0.044,0.005,-0.039,0.015,0.024,-0.059,-0.107,-0.093,-0.073,-0.068,-0.029
2.81,0.01,0.024,0.015,-0.015,-0.005,0.02,-0.068,-0.117,-0.102,-0.083,-0.073,-0.034
2.812,-0.015,0.005,0.02,0.005,-0.02,0.01,-0.088,-0.146,-0.137,-0.098,-0.083,-0.034
2.814,-0.015,-0.01,0.005,0.015,-0.01,-0.005,-0.088,-0.146,-0.142,-0.102,-0.093,-0.039
2.816,-0.01,-0.029,-0.02,0.02,0.005,-0.024,-0.078,-0.146,-0.137,-0.107,-0.102,-0.049
2.818,0.0,-0.039,-0.039,0.02,0.02,-0.039,-0.073,-0.142,-0.137,-0.107,-0.107,-0.054
2.82,-0.01,-0.039,-0.029,0.024,0.01,-0.034,-0.054,-0.122,-0.122,-0.098,-0.102,-0.054
2.822,-0.005,-0.049,-0.044,0.029,0.02,-0.049,-0.024,-0.098,-0.098,-0.088,-0.093,-0.044
2.824,-0.005,-0.049,-0.044,0.029,0.02,-0.049,-0.015,-0.098,-0.093,-0.088,-0.088,-0.054
2.826,-0.015,-0.054,-0.039,0.034,0.01,-0.049,-0.024,-0.117,-0.117,-0.107,-0.107,-0.068
2.828,-0.024,-0.059,-0.034,0.044,0.005,-0.049,-0.034,-0.132,-0.127,-0.112,-0.112,-0.063
2.83,-0.034,-0.049,-0.015,0.044,-0.01,-0.034,-0.054,-0.151,-0.146,-0.127,-0.122,-0.073
2.832,-0.054,-0.059,-0.005,0.059,-0.024,-0.034,-0.073,-0.171,-0.171,-0.142,-0.146,-0.088
2.834,-0.059,-0.059,0.0,0.059,-0.029,-0.029,-0.068,-0.176,-0.176,-0.142,-0.151,-0.088
2.836,-0.054,-0.059,-0.005,0.059,-0.024,-0.034,-0.054,-0.161,-0.156,-0.132,-0.142,-0.088
2.838,-0.054,-0.059,-0.005,0.059,-0.024,-0.034,-0.049,-0.146,-0.151,-0.127,-0.142,-0.093
2.84,-0.044,-0.063,-0.02,0.054,-0.015,-0.044,-0.039,-0.137,-0.137,-0.117,-0.142,-0.093
2.842,-0.029,-0.073,-0.044,0.054,0.005,-0.059,-0.029,-0.122,-0.122,-0.107,-0.127,-0.098
2.844,-0.02,-0.068,-0.049,0.044,0.015,-0.059,-0.01,-0.117,-0.117,-0.107,-0.127,-0.093
2.846,-0.02,-0.063,-0.044,0.044,0.01,-0.054,-0.01,-0.132,-0.127,-0.117,-0.142,-0.098
2.848,-0.034,-0.068,-0.034,0.054,0.0,-0.054,-0.024,-0.146,-0.142,-0.137,-0.146,-0.098
2.85,-0.049,-0.063,-0.015,0.059,-0.02,-0.039,-0.029,-0.156,-0.156,-0.142,-0.151,-0.093
2.852,-0.054,-0.059,-0.005,0.059,-0.024,-0.034,-0.034,-0.161,-0.166,-0.146,-0.156,-0.093
2.854,-0.049,-0.063,-0.015,0.059,-0.02,-0.039,-0.039,-0.161,-0.161,-0.142,-0.156,-0.088
2.856,-0.049,-0.073,-0.024,0.063,-0.015,-0.049,-0.034,-0.156,-0.156,-0.137,-0.156,-0.078
2.858,-0.039,-0.078,-0.039,0.059,0.0,-0.059,-0.034,-0.156,-0.151,-0.137,-0.156,-0.088
2.86,-0.029,-0.073,-0.044,0.054,0.005,-0.059,-0.015,-0.142,-0.142,-0.117,-0.132,-0.073
2.862,-0.024,-0.073,-0.049,0.049,0.01,-0.063,0.01,-0.112,-0.112,-0.112,-0.122,-0.059
2.864,-0.02,-0.073,-0.054,0.049,0.015,-0.063,0.01,-0.117,-0.112,-0.112,-0.127,-0.073
2.866,-0.015,-0.068,-0.054,0.044,0.02,-0.063,0.01,-0.122,-0.112,-0.112,-0.122,-0.063
2.868,-0.024,-0.068,-0.044,0.049,0.01,-0.059,0.0,-0.132,-0.127,-0.122,-0.137,-0.073
2.87,-0.039,-0.073,-0.034,0.059,-0.005,-0.054,-0.005,-0.146,-0.137,-0.132,-0.151,-0.088
2.872,-0.044,-0.063,-0.02,0.054,-0.015,-0.044,-0.02,-0.156,-0.146,-0.132,-0.151,-0.078
2.874,-0.039,-0.049,-0.01,0.044,-0.015,-0.029,-0.01,-0.146,-0.137,-0.127,-0.142,-0.073
2.876,-0.034,-0.049,-0.015,0.044,-0.01,-0.034,-0.005,-0.137,-0.132,-0.127,-0.142,-0.078
2.878,-0.034,-0.049,-0.015,0.044,-0.01,-0.034,0.005,-0.132,-0.127,-0.132,-0.146,-0.078
2.88,-0.029,-0.068,-0.039,0.049,0.005,-0.054,0.01,-0.122,-0.117,-0.127,-0.151,-0.083
2.882,-0.01,-0.063,-0.054,0.039,0.02,-0.059,0.024,-0.107,-0.098,-0.112,-0.146,-0.083
2.884,0.0,-0.054,-0.054,0.029,0.024,-0.054,0.039,-0.093,-0.083,-0.107,-0.137,-0.083
2.886,-0.02,-0.044,-0.024,0.034,0.0,-0.034,0.024,-0.093,-0.083,-0.102,-0.151,-0.093
2.888,-0.024,-0.049,-0.024,0.039,0.0,-0.039,0.039,-0.073,-0.073,-0.098,-0.142,-0.088
2.89,-0.029,-0.049,-0.02,0.039,-0.005,-0.034,0.068,-0.02,-0.029,-0.068,-0.142,-0.098
2.892,-0.044,-0.024,0.02,0.034,-0.034,-0.005,0.127,0.068,0.044,-0.02,-0.137,-0.098
2.894,-0.029,0.005,0.034,0.015,-0.034,0.02,0.181,0.151,0.132,0.044,-0.102,-0.078
2.896,-0.015,0.039,0.054,-0.01,-0.034,0.044,0.195,0.22,0.22,0.142,-0.034,-0.034
2.898,0.034,0.068,0.034,-0.049,0.0,0.049,0.205,0.288,0.317,0.259,0.044,0.015
2.9,0.083,0.078,-0.005,-0.078,0.044,0.034,0.229,0.386,0.449,0.39,0.132,0.059
2.902,0.142,0.117,-0.024,-0.127,0.083,0.044,0.234,0.473,0.61,0.571,0.273,0.146
2.904,0.22,0.171,-0.049,-0.195,0.132,0.059,0.239,0.556,0.781,0.795,0.473,0.268
2.906,0.278,0.2,-0.078,-0.239,0.176,0.059,0.264,0.644,0.966,1.039,0.654,0.381
2.908,0.322,0.224,-0.098,-0.273,0.21,0.063,0.273,0.693,1.113,1.249,0.805,0.478
2.91,0.395,0.268,-0.127,-0.332,0.259,0.068,0.249,0.703,1.21,1.41,0.952,0.581
2.912,0.454,0.317,-0.137,-0.386,0.293,0.088,0.161,0.664,1.259,1.527,1.069,0.683
2.914,0.532,0.366,-0.166,-0.449,0.346,0.098,0.059,0.595,1.259,1.557,1.147,0.771
2.916,0.581,0.429,-0.151,-0.503,0.366,0.137,-0.068,0.459,1.147,1.464,1.152,0.825
2.918,0.59,0.464,-0.127,-0.527,0.356,0.166,-0.185,0.273,0.961,1.274,1.093,0.844
2.92,0.595,0.478,-0.117,-0.537,0.356,0.181,-0.288,0.034,0.659,0.986,0.966,0.815
2.922,0.512,0.468,-0.044,-0.488,0.278,0.21,-0.386,-0.361,0.127,0.473,0.708,0.722
2.924,0.322,0.439,0.117,-0.381,0.102,0.278,-0.503,-0.942,-0.634,-0.195,0.366,0.576
2.926,0.166,0.405,0.239,-0.283,-0.039,0.322,-0.59,-1.401,-1.235,-0.698,0.088,0.444
2.928,0.024,0.346,0.322,-0.185,-0.151,0.332,-0.649,-1.679,-1.591,-1.025,-0.166,0.303
2.93,-0.078,0.293,0.371,-0.107,-0.224,0.332,-0.722,-1.796,-1.732,-1.21,-0.4,0.142
2.932,-0.117,0.195,0.312,-0.039,-0.215,0.254,-0.776,-1.776,-1.718,-1.235,-0.517,0.024
2.934,-0.156,0.102,0.259,0.029,-0.21,0.181,-0.786,-1.693,-1.635,-1.196,-0.581,-0.083
2.936,-0.2,0.088,0.288,0.059,-0.244,0.185,-0.791,-1.601,-1.527,-1.118,-0.581,-0.132
2.938,-0.239,0.088,0.327,0.078,-0.283,0.205,-0.815,-1.547,-1.454,-1.049,-0.547,-0.132
2.94,-0.229,0.088,0.317,0.073,-0.273,0.2,-0.834,-1.493,-1.376,-0.996,-0.527,-0.137
2.942,-0.166,0.078,0.244,0.044,-0.205,0.161,-0.771,-1.352,-1.259,-0.922,-0.503,-0.142
2.944,-0.151,0.044,0.195,0.054,-0.176,0.117,-0.703,-1.21,-1.113,-0.849,-0.473,-0.151
2.946,-0.156,0.034,0.19,0.063,-0.176,0.112,-0.634,-1.074,-0.996,-0.771,-0.449,-0.146
2.948,-0.146,0.005,0.151,0.073,-0.151,0.078,-0.556,-0.927,-0.869,-0.683,-0.425,-0.156
2.95,-0.132,-0.029,0.102,0.083,-0.117,0.034,-0.473,-0.786,-0.747,-0.59,-0.4,-0.166
2.952,-0.107,-0.049,0.059,0.078,-0.083,0.005,-0.395,-0.634,-0.61,-0.488,-0.351,-0.146
2.954,-0.098,-0.068,0.029,0.083,-0.063,-0.02,-0.312,-0.503,-0.488,-0.386,-0.293,-0.122
2.956,-0.063,-0.054,0.01,0.059,-0.039,-0.024,-0.22,-0.381,-0.381,-0.303,-0.249,-0.102
2.958,-0.049,-0.034,0.015,0.044,-0.034,-0.01,-0.137,-0.298,-0.298,-0.244,-0.21,-0.078
2.96,-0.049,-0.029,0.02,0.039,-0.034,-0.005,-0.088,-0.254,-0.259,-0.22,-0.195,-0.078
2.962,-0.029,-0.024,0.005,0.029,-0.02,-0.01,-0.034,-0.195,-0.21,-0.195,-0.181,-0.073
2.964,-0.024,-0.015,0.01,0.02,-0.02,-0.005,0.0,-0.151,-0.176,-0.181,-0.181,-0.078
2.966,-0.039,-0.02,0.02,0.029,-0.029,0.0,0.02,-0.122,-0.151,-0.166,-0.185,-0.083
2.968,-0.054,-0.044,0.01,0.049,-0.034,-0.02,0.029,-0.102,-0.127,-0.151,-0.181,-0.088
2.97,-0.049,-0.044,0.005,0.049,-0.029,-0.02,0.034,-0.093,-0.117,-0.132,-0.181,-0.093
2.972,-0.049,-0.044,0.005,0.049,-0.029,-0.02,0.039,-0.083,-0.112,-0.127,-0.176,-0.078
2.974,-0.049,-0.054,-0.005,0.054,-0.024,-0.029,0.044,-0.078,-0.102,-0.122,-0.176,-0.073
2.976,-0.039,-0.063,-0.024,0.054,-0.01,-0.044,0.049,-0.068,-0.098,-0.117,-0.171,-0.078
2.978,-0.034,-0.068,-0.034,0.054,0.0,-0.054,0.068,-0.049,-0.083,-0.112,-0.171,-0.083
2.98,-0.02,-0.059,-0.039,0.039,0.01,-0.049,0.078,-0.029,-0.068,-0.102,-0.161,-0.078
2.982,-0.005,-0.044,-0.039,0.024,0.015,-0.044,0.098,0.005,-0.034,-0.083,-0.146,-0.073
2.984,0.0,-0.049,-0.049,0.024,0.024,-0.049,0.112,0.02,-0.015,-0.073,-0.142,-0.078
2.986,0.0,-0.054,-0.054,0.029,0.024,-0.054,0.098,0.024,-0.015,-0.059,-0.137,-0.078
2.988,-0.005,-0.059,-0.054,0.034,0.024,-0.059,0.098,0.015,-0.02,-0.059,-0.137,-0.078
2.99,-0.01,-0.054,-0.044,0.034,0.015,-0.049,0.098,0.0,-0.024,-0.063,-0.137,-0.083
2.992,-0.01,-0.049,-0.039,0.029,0.015,-0.044,0.083,-0.02,-0.039,-0.068,-0.142,-0.078
2.994,-0.005,-0.054,-0.049,0.029,0.02,-0.054,0.078,-0.02,-0.054,-0.078,-0.146,-0.083
2.996,-0.024,-0.059,-0.034,0.044,0.005,-0.049,0.088,-0.01,-0.044,-0.078,-0.146,-0.083
2.998,-0.029,-0.063,-0.034,0.049,0.0,-0.049,0.088,0.01,-0.034,-0.068,-0.146,-0.083
3.0,-0.01,-0.059,-0.049,0.034,0.02,-0.054,0.098,0.034,-0.01,-0.054,-0.142,-0.088
3.002,0.0,-0.059,-0.059,0.029,0.029,-0.059,0.127,0.063,0.024,-0.029,-0.122,-0.073
3.004,0.02,-0.049,-0.068,0.015,0.044,-0.059,0.132,0.078,0.044,-0.015,-0.102,-0.063
3.006,0.034,-0.039,-0.073,0.005,0.054,-0.059,0.122,0.063,0.029,-0.029,-0.107,-0.063
3.008,0.005,-0.054,-0.059,0.024,0.029,-0.059,0.112,0.049,0.015,-0.034,-0.112,-0.059
3.01,0.005,-0.054,-0.059,0.024,0.029,-0.059,0.102,0.034,0.005,-0.039,-0.112,-0.059
3.012,0.005,-0.054,-0.059,0.024,0.029,-0.059,0.088,0.02,-0.015,-0.059,-0.127,-0.063
3.014,-0.01,-0.063,-0.054,0.039,0.02,-0.059,0.083,0.024,-0.02,-0.059,-0.137,-0.068
3.016,-0.005,-0.054,-0.049,0.029,0.02,-0.054,0.098,0.044,0.005,-0.044,-0.132,-0.063
3.018,-0.015,-0.059,-0.044,0.039,0.015,-0.054,0.112,0.063,0.029,-0.029,-0.122,-0.059
3.02,-0.005,-0.059,-0.054,0.034,0.024,-0.059,0.122,0.083,0.049,-0.01,-0.112,-0.059
3.022,0.039,-0.054,-0.093,0.01,0.063,-0.073,0.132,0.093,0.068,-0.01,-0.098,-0.063
3.024,0.029,-0.059,-0.088,0.015,0.059,-0.073,0.127,0.093,0.068,-0.005,-0.093,-0.054
3.026,0.015,-0.063,-0.078,0.024,0.044,-0.073,0.122,0.078,0.054,-0.01,-0.102,-0.054
3.028,0.02,-0.059,-0.078,0.02,0.049,-0.068,0.107,0.068,0.039,-0.024,-0.112,-0.054
3.03,0.024,-0.059,-0.083,0.02,0.054,-0.073,0.102,0.063,0.029,-0.029,-0.122,-0.059
3.032,0.0,-0.044,-0.044,0.024,0.02,-0.044,0.093,0.059,0.015,-0.039,-0.132,-0.063
3.034,-0.01,-0.044,-0.034,0.029,0.01,-0.039,0.093,0.063,0.015,-0.039,-0.137,-0.068
3.036,0.005,-0.039,-0.044,0.02,0.024,-0.044,0.112,0.088,0.044,-0.024,-0.142,-0.068
3.038,0.02,-0.044,-0.063,0.015,0.039,-0.054,0.117,0.098,0.049,-0.015,-0.132,-0.073
3.04,0.029,-0.049,-0.078,0.01,0.054,-0.063,0.122,0.102,0.063,-0.01,-0.127,-0.068
3.042,0.034,-0.054,-0.088,0.01,0.059,-0.073,0.151,0.132,0.088,0.005,-0.107,-0.063
3.044,0.034,-0.054,-0.088,0.01,0.059,-0.073,0.146,0.132,0.088,0.005,-0.102,-0.059
3.046,0.02,-0.059,-0.078,0.02,0.049,-0.068,0.137,0.122,0.078,-0.005,-0.117,-0.059
3.048,0.02,-0.059,-0.078,0.02,0.049,-0.068,0.132,0.122,0.078,0.0,-0.117,-0.059
3.05,-0.01,-0.059,-0.049,0.034,0.02,-0.054,0.137,0.132,0.078,0.005,-0.112,-0.049
3.052,-0.015,-0.049,-0.034,0.034,0.01,-0.044,0.132,0.132,0.078,0.01,-0.107,-0.044
3.054,0.015,-0.044,-0.059,0.015,0.034,-0.054,0.132,0.142,0.083,0.02,-0.098,-0.039
3.056,0.029,-0.049,-0.078,0.01,0.054,-0.063,0.142,0.156,0.098,0.024,-0.088,-0.039
3.058,0.039,-0.039,-0.078,0.0,0.059,-0.059,0.156,0.171,0.112,0.039,-0.078,-0.034
3.06,0.039,-0.039,-0.078,0.0,0.059,-0.059,0.161,0.181,0.127,0.049,-0.068,-0.029
3.062,0.063,-0.039,-0.102,-0.01,0.083,-0.073,0.166,0.19,0.127,0.034,-0.078,-0.034
3.064,0.059,-0.024,-0.083,-0.015,0.068,-0.054,0.171,0.2,0.137,0.039,-0.083,-0.034
3.066,0.029,-0.029,-0.059,0.0,0.044,-0.044,0.171,0.205,0.142,0.044,-0.078,-0.034
3.068,0.024,-0.029,-0.054,0.005,0.039,-0.044,0.171,0.21,0.146,0.049,-0.078,-0.039
3.07,0.01,-0.039,-0.049,0.015,0.029,-0.044,0.161,0.21,0.146,0.054,-0.078,-0.039
3.072,0.015,-0.034,-0.049,0.01,0.029,-0.044,0.156,0.205,0.142,0.054,-0.073,-0.029
3.074,0.034,-0.024,-0.059,-0.005,0.044,-0.044,0.166,0.22,0.151,0.063,-0.068,-0.029
3.076,0.02,-0.034,-0.054,0.01,0.034,-0.044,0.185,0.239,0.166,0.078,-0.059,-0.02
3.078,0.02,-0.044,-0.063,0.015,0.039,-0.054,0.19,0.254,0.185,0.073,-0.059,-0.024
3.08,0.054,-0.034,-0.088,-0.01,0.068,-0.063,0.2,0.273,0.205,0.088,-0.054,-0.02
3.082,0.073,-0.02,-0.093,-0.024,0.083,-0.059,0.224,0.312,0.234,0.102,-0.044,-0.02
3.084,0.073,-0.02,-0.093,-0.024,0.083,-0.059,0.234,0.322,0.254,0.112,-0.034,-0.02
3.086,0.063,-0.015,-0.078,-0.024,0.068,-0.049,0.224,0.327,0.259,0.117,-0.049,-0.029
3.088,0.059,-0.02,-0.078,-0.02,0.068,-0.049,0.224,0.332,0.264,0.117,-0.049,-0.029
3.09,0.059,-0.015,-0.073,-0.02,0.063,-0.044,0.215,0.337,0.259,0.127,-0.039,-0.024
3.092,0.049,-0.01,-0.059,-0.02,0.054,-0.034,0.2,0.322,0.249,0.127,-0.039,-0.015
3.094,0.039,-0.01,-0.049,-0.015,0.044,-0.029,0.195,0.322,0.244,0.127,-0.039,-0.01
3.096,0.049,0.0,-0.049,-0.024,0.049,-0.024,0.22,0.346,0.273,0.142,-0.024,0.005
3.098,0.049,0.005,-0.044,-0.024,0.044,-0.02,0.239,0.381,0.303,0.161,-0.02,0.005
3.1,0.073,0.01,-0.063,-0.039,0.068,-0.029,0.249,0.42,0.337,0.181,-0.01,0.015
3.102,0.107,0.029,-0.078,-0.068,0.093,-0.024,0.273,0.454,0.371,0.205,0.015,0.015
3.104,0.107,0.034,-0.073,-0.068,0.088,-0.02,0.288,0.478,0.395,0.22,0.029,0.024
3.106,0.093,0.034,-0.059,-0.063,0.073,-0.015,0.283,0.483,0.405,0.234,0.044,0.034
3.108,0.073,0.024,-0.049,-0.049,0.059,-0.015,0.273,0.488,0.415,0.249,0.054,0.044
3.11,0.083,0.029,-0.054,-0.054,0.068,-0.015,0.259,0.483,0.415,0.244,0.049,0.044
3.112,0.068,0.024,-0.044,-0.044,0.054,-0.01,0.249,0.478,0.405,0.234,0.049,0.044
3.114,0.063,0.029,-0.034,-0.044,0.049,-0.005,0.244,0.498,0.42,0.249,0.049,0.054
3.116,0.098,0.049,-0.049,-0.073,0.073,0.0,0.268,0.527,0.449,0.278,0.068,0.068
3.118,0.112,0.054,-0.059,-0.083,0.083,-0.005,0.283,0.556,0.483,0.307,0.088,0.083
3.12,0.112,0.054,-0.059,-0.083,0.083,-0.005,0.293,0.59,0.517,0.346,0.117,0.098
3.122,0.142,0.073,-0.068,-0.107,0.102,0.0,0.307,0.62,0.551,0.366,0.137,0.112
3.124,0.161,0.083,-0.078,-0.122,0.117,0.0,0.303,0.63,0.566,0.376,0.151,0.112
3.126,0.156,0.098,-0.059,-0.127,0.107,0.02,0.293,0.625,0.571,0.381,0.156,0.117
3.128,0.161,0.112,-0.049,-0.137,0.102,0.029,0.278,0.615,0.566,0.386,0.161,0.132
3.13,0.156,0.117,-0.039,-0.137,0.098,0.039,0.268,0.615,0.571,0.39,0.161,0.137
3.132,0.151,0.127,-0.024,-0.137,0.088,0.049,0.264,0.615,0.571,0.405,0.171,0.142
3.134,0.151,0.127,-0.024,-0.137,0.088,0.049,0.259,0.62,0.581,0.42,0.181,0.151
3.136,0.156,0.122,-0.034,-0.137,0.093,0.044,0.259,0.639,0.6,0.444,0.19,0.156
3.138,0.176,0.127,-0.049,-0.151,0.112,0.039,0.264,0.659,0.625,0.464,0.21,0.166
3.14,0.181,0.127,-0.054,-0.151,0.117,0.034,0.268,0.673,0.649,0.483,0.234,0.19
3.142,0.2,0.132,-0.068,-0.166,0.132,0.029,0.278,0.693,0.673,0.508,0.264,0.21
3.144,0.21,0.137,-0.073,-0.171,0.142,0.029,0.278,0.688,0.673,0.508,0.268,0.215
3.146,0.215,0.142,-0.073,-0.176,0.142,0.034,0.264,0.678,0.664,0.498,0.268,0.215
3.148,0.215,0.151,-0.063,-0.181,0.137,0.044,0.249,0.669,0.659,0.498,0.273,0.229
3.15,0.2,0.166,-0.034,-0.181,0.117,0.063,0.239,0.659,0.649,0.503,0.278,0.234
3.152,0.19,0.171,-0.02,-0.181,0.102,0.073,0.22,0.63,0.634,0.508,0.268,0.229
3.154,0.185,0.176,-0.01,-0.181,0.098,0.083,0.21,0.63,0.639,0.517,0.278,0.234
3.156,0.185,0.166,-0.02,-0.176,0.102,0.073,0.21,0.634,0.649,0.532,0.293,0.244
3.158,0.19,0.161,-0.029,-0.176,0.107,0.063,0.205,0.62,0.644,0.532,0.298,0.249
3.16,0.195,0.166,-0.029,-0.181,0.112,0.068,0.195,0.605,0.639,0.542,0.312,0.249
3.162,0.215,0.171,-0.044,-0.19,0.127,0.063,0.185,0.6,0.639,0.537,0.312,0.249
3.164,0.229,0.185,-0.044,-0.205,0.137,0.068,0.181,0.576,0.625,0.527,0.317,0.249
3.166,0.2,0.19,-0.01,-0.195,0.102,0.088,0.166,0.556,0.61,0.527,0.322,0.254
3.168,0.19,0.185,-0.005,-0.185,0.098,0.088,0.146,0.522,0.586,0.512,0.312,0.254
3.17,0.185,0.19,0.005,-0.185,0.088,0.098,0.127,0.503,0.566,0.508,0.312,0.254
3.172,0.171,0.185,0.015,-0.176,0.078,0.098,0.102,0.454,0.522,0.488,0.293,0.249
3.174,0.171,0.181,0.01,-0.176,0.078,0.093,0.078,0.415,0.488,0.459,0.283,0.244
3.176,0.161,0.156,-0.005,-0.156,0.083,0.073,0.073,0.381,0.459,0.434,0.268,0.229
3.178,0.151,0.142,-0.01,-0.146,0.078,0.063,0.073,0.356,0.429,0.405,0.254,0.22
3.18,0.156,0.137,-0.02,-0.146,0.088,0.059,0.068,0.342,0.415,0.386,0.239,0.205
3.182,0.161,0.137,-0.024,-0.146,0.093,0.054,0.078,0.332,0.4,0.366,0.22,0.195
3.184,0.142,0.127,-0.015,-0.132,0.078,0.054,0.068,0.307,0.371,0.337,0.205,0.176
3.186,0.127,0.112,-0.015,-0.117,0.068,0.049,0.068,0.278,0.342,0.312,0.185,0.171
3.188,0.098,0.093,-0.005,-0.093,0.049,0.044,0.049,0.244,0.312,0.288,0.171,0.156
3.19,0.093,0.073,-0.02,-0.083,0.054,0.024,0.029,0.19,0.264,0.249,0.142,0.142
3.192,0.073,0.068,-0.005,-0.068,0.039,0.029,0.015,0.146,0.205,0.21,0.117,0.122
3.194,0.068,0.078,0.01,-0.073,0.029,0.044,0.005,0.112,0.161,0.176,0.093,0.112
3.196,0.068,0.083,0.015,-0.073,0.024,0.049,0.015,0.107,0.151,0.161,0.083,0.098
3.198,0.068,0.078,0.01,-0.073,0.029,0.044,0.015,0.088,0.137,0.137,0.059,0.068
3.2,0.049,0.044,-0.005,-0.044,0.024,0.02,0.024,0.093,0.137,0.122,0.049,0.049
3.202,0.049,0.039,-0.01,-0.044,0.029,0.015,0.039,0.093,0.132,0.117,0.044,0.044
3.204,0.044,0.029,-0.015,-0.034,0.029,0.005,0.044,0.083,0.122,0.107,0.029,0.039
3.206,0.044,0.024,-0.02,-0.034,0.029,0.0,0.029,0.059,0.098,0.088,0.015,0.034
3.208,0.029,0.01,-0.02,-0.02,0.024,-0.005,0.024,0.034,0.068,0.063,0.0,0.024
3.21,0.02,0.01,-0.01,-0.015,0.015,0.0,0.01,-0.005,0.029,0.029,-0.02,0.015
3.212,-0.005,0.01,0.015,0.0,-0.01,0.01,0.005,-0.024,0.005,0.01,-0.034,0.015
3.214,-0.02,-0.01,0.01,0.015,-0.015,0.0,-0.005,-0.034,-0.02,0.0,-0.049,0.005
3.216,-0.02,-0.01,0.01,0.015,-0.015,0.0,0.0,-0.024,-0.015,0.0,-0.054,0.0
3.218,0.0,0.005,0.005,0.0,-0.005,0.005,0.005,-0.02,-0.015,-0.015,-0.059,-0.01
3.22,0.0,-0.01,-0.01,0.005,0.005,-0.01,0.02,-0.015,-0.01,-0.015,-0.059,-0.02
3.222,0.005,-0.015,-0.02,0.005,0.01,-0.02,0.039,0.0,0.005,-0.005,-0.054,-0.02
3.224,0.015,-0.01,-0.024,0.0,0.02,-0.02,0.034,-0.015,-0.01,-0.02,-0.054,-0.02
3.226,-0.015,-0.015,0.0,0.015,-0.01,-0.01,0.02,-0.034,-0.024,-0.029,-0.063,-0.02
3.228,-0.029,-0.02,0.01,0.024,-0.02,-0.005,0.01,-0.039,-0.034,-0.039,-0.063,-0.015
3.23,-0.029,-0.029,0.0,0.029,-0.015,-0.015,-0.005,-0.063,-0.063,-0.063,-0.083,-0.029
3.232,-0.049,-0.039,0.01,0.044,-0.029,-0.015,-0.02,-0.068,-0.073,-0.068,-0.088,-0.02
3.234,-0.044,-0.039,0.005,0.044,-0.024,-0.02,-0.029,-0.078,-0.083,-0.068,-0.093,-0.024
3.236,-0.029,-0.049,-0.02,0.039,-0.005,-0.034,-0.01,-0.068,-0.073,-0.059,-0.088,-0.024
3.238,-0.034,-0.044,-0.01,0.039,-0.015,-0.029,0.005,-0.049,-0.063,-0.049,-0.078,-0.02
3.24,-0.02,-0.039,-0.02,0.029,0.0,-0.029,0.01,-0.049,-0.059,-0.054,-0.078,-0.015
3.242,-0.01,-0.054,-0.044,0.034,0.015,-0.049,0.015,-0.039,-0.044,-0.044,-0.068,-0.015
3.244,-0.005,-0.049,-0.044,0.029,0.02,-0.049,0.024,-0.044,-0.044,-0.049,-0.063,-0.02
3.246,-0.015,-0.044,-0.029,0.029,0.005,-0.039,0.01,-0.059,-0.063,-0.063,-0.083,-0.024
3.248,-0.029,-0.039,-0.01,0.034,-0.01,-0.024,0.01,-0.059,-0.073,-0.059,-0.083,-0.029
3.25,-0.029,-0.034,-0.005,0.034,-0.015,-0.02,0.005,-0.068,-0.078,-0.068,-0.093,-0.029
3.252,-0.044,-0.034,0.01,0.039,-0.029,-0.015,-0.015,-0.088,-0.098,-0.083,-0.107,-0.034
3.254,-0.054,-0.044,0.01,0.049,-0.034,-0.02,-0.02,-0.088,-0.107,-0.078,-0.107,-0.039
3.256,-0.049,-0.049,0.0,0.049,-0.024,-0.024,-0.015,-0.088,-0.107,-0.088,-0.112,-0.044
3.258,-0.039,-0.049,-0.01,0.044,-0.015,-0.029,0.0,-0.078,-0.093,-0.083,-0.112,-0.039
3.26,-0.034,-0.049,-0.015,0.044,-0.01,-0.034,0.005,-0.073,-0.083,-0.083,-0.102,-0.034
3.262,-0.034,-0.054,-0.02,0.044,-0.01,-0.039,0.02,-0.054,-0.073,-0.078,-0.102,-0.034
3.264,-0.02,-0.044,-0.024,0.034,0.0,-0.034,0.02,-0.054,-0.068,-0.083,-0.107,-0.044
3.266,-0.02,-0.039,-0.02,0.029,0.0,-0.029,0.0,-0.068,-0.073,-0.083,-0.122,-0.049
3.268,-0.039,-0.039,0.0,0.039,-0.02,-0.02,0.0,-0.073,-0.083,-0.093,-0.127,-0.054
3.27,-0.039,-0.039,0.0,0.039,-0.02,-0.02,-0.005,-0.078,-0.088,-0.083,-0.127,-0.054
3.272,-0.049,-0.044,0.005,0.049,-0.029,-0.02,-0.02,-0.093,-0.102,-0.088,-0.122,-0.044
3.274,-0.049,-0.049,0.0,0.049,-0.024,-0.024,-0.029,-0.107,-0.117,-0.093,-0.127,-0.044
3.276,-0.049,-0.054,-0.005,0.054,-0.024,-0.029,-0.02,-0.098,-0.112,-0.093,-0.117,-0.044
3.278,-0.049,-0.063,-0.015,0.059,-0.02,-0.039,-0.005,-0.093,-0.102,-0.083,-0.107,-0.034
3.28,-0.039,-0.068,-0.029,0.054,-0.005,-0.049,0.005,-0.083,-0.093,-0.078,-0.098,-0.029
3.282,-0.039,-0.063,-0.024,0.054,-0.01,-0.044,0.015,-0.059,-0.073,-0.073,-0.093,-0.034
3.284,-0.015,-0.044,-0.029,0.029,0.005,-0.039,0.024,-0.054,-0.059,-0.068,-0.088,-0.029
3.286,-0.005,-0.034,-0.029,0.02,0.01,-0.034,0.02,-0.059,-0.068,-0.073,-0.098,-0.034
3.288,-0.024,-0.054,-0.029,0.039,0.0,-0.044,0.005,-0.073,-0.078,-0.083,-0.112,-0.049
3.29,-0.054,-0.054,0.0,0.054,-0.029,-0.029,0.01,-0.083,-0.083,-0.088,-0.107,-0.039
3.292,-0.063,-0.039,0.024,0.054,-0.044,-0.01,0.0,-0.098,-0.107,-0.102,-0.122,-0.039
3.294,-0.054,-0.039,0.015,0.049,-0.034,-0.015,-0.02,-0.112,-0.122,-0.117,-0.132,-0.044
3.296,-0.049,-0.039,0.01,0.044,-0.029,-0.015,-0.015,-0.107,-0.122,-0.122,-0.142,-0.049
3.298,-0.049,-0.039,0.01,0.044,-0.029,-0.015,-0.01,-0.093,-0.117,-0.112,-0.142,-0.054
3.3,-0.049,-0.044,0.005,0.049,-0.029,-0.02,0.005,-0.073,-0.098,-0.107,-0.142,-0.054
3.302,-0.034,-0.039,-0.005,0.039,-0.015,-0.024,0.024,-0.054,-0.078,-0.102,-0.137,-0.059
3.304,-0.039,-0.054,-0.015,0.049,-0.015,-0.034,0.034,-0.039,-0.059,-0.088,-0.122,-0.059
3.306,-0.034,-0.049,-0.015,0.044,-0.01,-0.034,0.02,-0.054,-0.068,-0.098,-0.137,-0.063
3.308,-0.024,-0.039,-0.015,0.034,-0.005,-0.029,0.01,-0.063,-0.083,-0.102,-0.132,-0.059
3.31,-0.049,-0.039,0.01,0.044,-0.029,-0.015,0.0,-0.078,-0.093,-0.107,-0.132,-0.054
3.312,-0.059,-0.044,0.015,0.054,-0.039,-0.015,-0.01,-0.083,-0.107,-0.112,-0.132,-0.049
3.314,-0.073,-0.059,0.015,0.068,-0.044,-0.024,-0.01,-0.083,-0.117,-0.112,-0.132,-0.044
3.316,-0.063,-0.068,-0.005,0.068,-0.029,-0.039,-0.01,-0.078,-0.112,-0.117,-0.137,-0.049
3.318,-0.029,-0.063,-0.034,0.049,0.0,-0.049,-0.005,-0.059,-0.102,-0.107,-0.132,-0.049
3.32,-0.024,-0.059,-0.034,0.044,0.005,-0.049,0.005,-0.054,-0.088,-0.102,-0.132,-0.054
3.322,-0.039,-0.059,-0.02,0.049,-0.01,-0.039,0.02,-0.029,-0.063,-0.083,-0.117,-0.049
3.324,-0.039,-0.054,-0.015,0.049,-0.015,-0.034,0.029,-0.024,-0.059,-0.083,-0.107,-0.044
3.326,-0.034,-0.059,-0.024,0.049,-0.005,-0.044,0.02,-0.039,-0.063,-0.093,-0.117,-0.044
3.328,-0.015,-0.049,-0.034,0.034,0.01,-0.044,0.005,-0.049,-0.083,-0.102,-0.122,-0.044
3.33,-0.034,-0.049,-0.015,0.044,-0.01,-0.034,-0.005,-0.063,-0.098,-0.117,-0.137,-0.049
3.332,-0.054,-0.054,0.0,0.054,-0.029,-0.029,-0.015,-0.078,-0.112,-0.122,-0.146,-0.049
3.334,-0.059,-0.049,0.01,0.054,-0.034,-0.02,-0.01,-0.073,-0.117,-0.122,-0.146,-0.049
3.336,-0.054,-0.054,0.0,0.054,-0.029,-0.029,0.005,-0.054,-0.093,-0.098,-0.122,-0.044
3.338,-0.044,-0.049,-0.005,0.049,-0.02,-0.029,0.01,-0.039,-0.088,-0.088,-0.093,-0.044
3.34,-0.039,-0.054,-0.015,0.049,-0.015,-0.034,0.015,-0.039,-0.073,-0.083,-0.088,-0.044
3.342,-0.024,-0.059,-0.034,0.044,0.005,-0.049,0.02,-0.029,-0.063,-0.078,-0.093,-0.044
3.344,-0.01,-0.049,-0.039,0.029,0.015,-0.044,0.029,-0.02,-0.059,-0.088,-0.093,-0.049
3.346,-0.024,-0.049,-0.024,0.039,0.0,-0.039,0.024,-0.024,-0.063,-0.093,-0.098,-0.044
3.348,-0.034,-0.054,-0.02,0.044,-0.01,-0.039,0.015,-0.039,-0.068,-0.102,-0.098,-0.054
3.35,-0.029,-0.034,-0.005,0.034,-0.015,-0.02,0.015,-0.039,-0.078,-0.107,-0.098,-0.054
3.352,-0.039,-0.044,-0.005,0.044,-0.02,-0.024,-0.01,-0.059,-0.093,-0.112,-0.107,-0.059
3.354,-0.054,-0.044,0.01,0.049,-0.034,-0.02,-0.015,-0.063,-0.098,-0.107,-0.112,-0.059
3.356,-0.034,-0.034,0.0,0.034,-0.02,-0.02,-0.01,-0.059,-0.093,-0.098,-0.102,-0.054
3.358,-0.024,-0.034,-0.01,0.029,-0.01,-0.024,-0.005,-0.054,-0.078,-0.088,-0.098,-0.044
3.36,-0.015,-0.034,-0.02,0.024,0.0,-0.029,0.005,-0.039,-0.068,-0.078,-0.088,-0.049
3.362,-0.01,-0.049,-0.039,0.029,0.015,-0.044,0.024,-0.024,-0.049,-0.063,-0.078,-0.039
3.364,-0.015,-0.049,-0.034,0.034,0.01,-0.044,0.024,-0.024,-0.049,-0.068,-0.083,-0.049
3.366,-0.02,-0.054,-0.034,0.039,0.005,-0.044,0.015,-0.02,-0.049,-0.063,-0.078,-0.039
3.368,-0.034,-0.054,-0.02,0.044,-0.01,-0.039,0.01,-0.034,-0.054,-0.059,-0.083,-0.039
3.37,-0.049,-0.063,-0.015,0.059,-0.02,-0.039,-0.01,-0.049,-0.073,-0.073,-0.093,-0.044
3.372,-0.049,-0.059,-0.01,0.054,-0.02,-0.034,-0.015,-0.059,-0.078,-0.073,-0.093,-0.039
3.374,-0.054,-0.054,0.0,0.054,-0.029,-0.029,-0.02,-0.063,-0.088,-0.078,-0.098,-0.034
3.376,-0.024,-0.054,-0.029,0.039,0.0,-0.044,-0.02,-0.059,-0.088,-0.078,-0.102,-0.034
3.378,-0.029,-0.049,-0.02,0.039,-0.005,-0.034,-0.01,-0.054,-0.078,-0.073,-0.093,-0.029
3.38,-0.024,-0.054,-0.029,0.039,0.0,-0.044,0.0,-0.044,-0.073,-0.078,-0.098,-0.039
3.382,-0.01,-0.049,-0.039,0.029,0.015,-0.044,0.015,-0.024,-0.054,-0.073,-0.102,-0.049
3.384,-0.024,-0.054,-0.029,0.039,0.0,-0.044,0.024,-0.015,-0.039,-0.073,-0.093,-0.049
3.386,-0.024,-0.054,-0.029,0.039,0.0,-0.044,0.015,-0.024,-0.054,-0.073,-0.102,-0.049
3.388,-0.034,-0.059,-0.024,0.049,-0.005,-0.044,0.005,-0.029,-0.054,-0.068,-0.093,-0.044
3.39,-0.044,-0.054,-0.01,0.049,-0.02,-0.034,-0.015,-0.059,-0.083,-0.078,-0.102,-0.049
3.392,-0.034,-0.059,-0.024,0.049,-0.005,-0.044,-0.024,-0.078,-0.093,-0.078,-0.107,-0.049
3.394,-0.054,-0.063,-0.01,0.059,-0.024,-0.039,-0.024,-0.068,-0.088,-0.073,-0.102,-0.039
3.396,-0.054,-0.063,-0.01,0.059,-0.024,-0.039,-0.02,-0.059,-0.088,-0.078,-0.102,-0.044
3.398,-0.039,-0.054,-0.015,0.049,-0.015,-0.034,-0.02,-0.049,-0.083,-0.073,-0.102,-0.044
3.4,-0.034,-0.059,-0.024,0.049,-0.005,-0.044,-0.01,-0.039,-0.068,-0.073,-0.102,-0.044
3.402,-0.01,-0.039,-0.029,0.024,0.01,-0.034,0.01,-0.015,-0.039,-0.054,-0.088,-0.034
3.404,0.0,-0.029,-0.029,0.015,0.015,-0.029,0.015,-0.01,-0.024,-0.044,-0.073,-0.034
3.406,-0.029,-0.039,-0.01,0.034,-0.01,-0.024,0.005,-0.029,-0.044,-0.054,-0.073,-0.024
3.408,-0.039,-0.049,-0.01,0.044,-0.015,-0.029,0.0,-0.034,-0.049,-0.059,-0.073,-0.02
3.41,-0.029,-0.039,-0.01,0.034,-0.01,-0.024,-0.02,-0.059,-0.073,-0.073,-0.083,-0.024
3.412,-0.049,-0.049,0.0,0.049,-0.024,-0.024,-0.044,-0.078,-0.098,-0.083,-0.093,-0.034
3.414,-0.044,-0.044,0.0,0.044,-0.024,-0.024,-0.049,-0.093,-0.112,-0.093,-0.107,-0.044
3.416,-0.034,-0.044,-0.01,0.039,-0.015,-0.029,-0.039,-0.078,-0.098,-0.088,-0.102,-0.044
3.418,-0.02,-0.039,-0.02,0.029,0.0,-0.029,-0.034,-0.054,-0.083,-0.083,-0.098,-0.039
3.42,-0.015,-0.044,-0.029,0.029,0.005,-0.039,-0.015,-0.039,-0.063,-0.068,-0.083,-0.034
3.422,-0.015,-0.059,-0.044,0.039,0.015,-0.054,-0.01,-0.029,-0.054,-0.063,-0.078,-0.034
3.424,0.01,-0.034,-0.044,0.015,0.024,-0.039,0.0,-0.024,-0.039,-0.054,-0.059,-0.02
3.426,0.0,-0.029,-0.029,0.015,0.015,-0.029,-0.01,-0.044,-0.049,-0.059,-0.054,-0.02
3.428,-0.015,-0.029,-0.015,0.024,0.0,-0.024,-0.029,-0.059,-0.068,-0.073,-0.054,-0.024
3.43,-0.02,-0.029,-0.01,0.024,-0.005,-0.02,-0.029,-0.068,-0.078,-0.073,-0.063,-0.024
3.432,-0.049,-0.039,0.01,0.044,-0.029,-0.015,-0.049,-0.088,-0.102,-0.088,-0.078,-0.034
3.434,-0.059,-0.044,0.015,0.054,-0.039,-0.015,-0.049,-0.083,-0.102,-0.083,-0.078,-0.029
3.436,-0.059,-0.049,0.01,0.054,-0.034,-0.02,-0.039,-0.068,-0.088,-0.073,-0.078,-0.029
3.438,-0.059,-0.049,0.01,0.054,-0.034,-0.02,-0.034,-0.059,-0.078,-0.068,-0.073,-0.029
3.44,-0.034,-0.054,-0.02,0.044,-0.01,-0.039,-0.034,-0.054,-0.078,-0.073,-0.083,-0.039
3.442,-0.02,-0.059,-0.039,0.039,0.01,-0.049,-0.02,-0.039,-0.059,-0.063,-0.073,-0.034
3.444,-0.005,-0.044,-0.039,0.024,0.015,-0.044,-0.015,-0.039,-0.049,-0.063,-0.063,-0.029
3.446,0.0,-0.029,-0.029,0.015,0.015,-0.029,-0.024,-0.049,-0.059,-0.073,-0.063,-0.034
3.448,-0.02,-0.039,-0.02,0.029,0.0,-0.029,-0.034,-0.063,-0.073,-0.078,-0.068,-0.034
3.45,-0.044,-0.034,0.01,0.039,-0.029,-0.015,-0.024,-0.059,-0.078,-0.073,-0.063,-0.029
3.452,-0.059,-0.049,0.01,0.054,-0.034,-0.02,-0.044,-0.078,-0.088,-0.083,-0.073,-0.034
3.454,-0.068,-0.049,0.02,0.059,-0.044,-0.015,-0.054,-0.093,-0.098,-0.088,-0.073,-0.034
3.456,-0.034,-0.039,-0.005,0.039,-0.015,-0.024,-0.059,-0.102,-0.112,-0.102,-0.093,-0.044
3.458,-0.034,-0.049,-0.015,0.044,-0.01,-0.034,-0.049,-0.093,-0.102,-0.093,-0.078,-0.039
3.46,-0.029,-0.054,-0.024,0.044,-0.005,-0.039,-0.039,-0.073,-0.088,-0.083,-0.073,-0.029
3.462,-0.01,-0.054,-0.044,0.034,0.015,-0.049,-0.024,-0.054,-0.068,-0.068,-0.059,-0.02
3.464,-0.01,-0.059,-0.049,0.034,0.02,-0.054,-0.02,-0.049,-0.059,-0.068,-0.059,-0.024
3.466,-0.01,-0.054,-0.044,0.034,0.015,-0.049,-0.024,-0.049,-0.063,-0.068,-0.059,-0.024
3.468,-0.024,-0.049,-0.024,0.039,0.0,-0.039,-0.029,-0.068,-0.073,-0.078,-0.063,-0.034
3.47,-0.024,-0.049,-0.024,0.039,0.0,-0.039,-0.039,-0.083,-0.083,-0.088,-0.073,-0.039
3.472,-0.015,-0.039,-0.024,0.029,0.005,-0.034,-0.039,-0.083,-0.093,-0.083,-0.083,-0.034
3.474,-0.044,-0.044,0.0,0.044,-0.024,-0.024,-0.044,-0.093,-0.102,-0.093,-0.088,-0.034
3.476,-0.049,-0.063,-0.015,0.059,-0.02,-0.039,-0.039,-0.093,-0.102,-0.093,-0.078,-0.034
3.478,-0.039,-0.059,-0.02,0.049,-0.01,-0.039,-0.034,-0.078,-0.093,-0.093,-0.073,-0.034
3.48,-0.044,-0.054,-0.01,0.049,-0.02,-0.034,-0.029,-0.073,-0.088,-0.088,-0.068,-0.044
3.482,-0.039,-0.044,-0.005,0.044,-0.02,-0.024,-0.015,-0.054,-0.063,-0.078,-0.063,-0.044
3.484,-0.044,-0.044,0.0,0.044,-0.024,-0.024,-0.01,-0.044,-0.059,-0.078,-0.059,-0.034
3.486,-0.029,-0.034,-0.005,0.034,-0.015,-0.02,-0.02,-0.054,-0.068,-0.083,-0.073,-0.039
3.488,-0.015,-0.029,-0.015,0.024,0.0,-0.024,-0.034,-0.063,-0.073,-0.088,-0.068,-0.029
3.49,-0.044,-0.044,0.0,0.044,-0.024,-0.024,-0.039,-0.078,-0.093,-0.093,-0.063,-0.029
3.492,-0.059,-0.039,0.02,0.049,-0.039,-0.01,-0.049,-0.093,-0.102,-0.098,-0.073,-0.024
3.494,-0.054,-0.029,0.024,0.044,-0.039,-0.005,-0.059,-0.098,-0.112,-0.107,-0.073,-0.02
3.496,-0.044,-0.039,0.005,0.044,-0.024,-0.02,-0.049,-0.093,-0.112,-0.102,-0.068,-0.02
3.498,-0.039,-0.049,-0.01,0.044,-0.015,-0.029,-0.044,-0.078,-0.098,-0.098,-0.068,-0.02
3.5,-0.024,-0.054,-0.029,0.039,0.0,-0.044,-0.034,-0.063,-0.083,-0.083,-0.054,-0.015
3.502,-0.005,-0.054,-0.049,0.029,0.02,-0.054,-0.015,-0.039,-0.059,-0.063,-0.039,-0.01
3.504,0.005,-0.039,-0.044,0.02,0.024,-0.044,-0.01,-0.039,-0.054,-0.059,-0.029,-0.015
3.506,-0.024,-0.063,-0.039,0.044,0.005,-0.054,-0.024,-0.054,-0.068,-0.073,-0.039,-0.015
3.508,-0.054,-0.078,-0.024,0.068,-0.015,-0.054,-0.044,-0.078,-0.093,-0.088,-0.059,-0.029
3.51,-0.049,-0.063,-0.015,0.059,-0.02,-0.039,-0.044,-0.078,-0.098,-0.083,-0.059,-0.034
3.512,-0.054,-0.049,0.005,0.054,-0.029,-0.024,-0.054,-0.093,-0.112,-0.093,-0.073,-0.034
3.514,-0.054,-0.044,0.01,0.049,-0.034,-0.02,-0.059,-0.098,-0.122,-0.102,-0.078,-0.049
3.516,-0.059,-0.049,0.01,0.054,-0.034,-0.02,-0.044,-0.083,-0.107,-0.098,-0.068,-0.039
3.518,-0.054,-0.049,0.005,0.054,-0.029,-0.024,-0.044,-0.073,-0.102,-0.098,-0.068,-0.039
3.52,-0.034,-0.049,-0.015,0.044,-0.01,-0.034,-0.034,-0.068,-0.088,-0.088,-0.063,-0.044
3.522,-0.024,-0.059,-0.034,0.044,0.005,-0.049,-0.024,-0.063,-0.078,-0.088,-0.059,-0.049
3.524,-0.039,-0.063,-0.024,0.054,-0.01,-0.044,-0.02,-0.063,-0.078,-0.083,-0.054,-0.044
3.526,-0.049,-0.063,-0.015,0.059,-0.02,-0.039,-0.024,-0.073,-0.083,-0.083,-0.054,-0.039
3.528,-0.049,-0.059,-0.01,0.054,-0.02,-0.034,-0.044,-0.083,-0.102,-0.093,-0.059,-0.029
3.53,-0.059,-0.059,0.0,0.059,-0.029,-0.029,-0.054,-0.093,-0.112,-0.098,-0.068,-0.029
3.532,-0.078,-0.059,0.02,0.068,-0.049,-0.02,-0.063,-0.107,-0.132,-0.107,-0.073,-0.034
3.534,-0.083,-0.059,0.024,0.073,-0.054,-0.02,-0.063,-0.107,-0.137,-0.107,-0.073,-0.029
3.536,-0.059,-0.054,0.005,0.059,-0.034,-0.024,-0.049,-0.093,-0.117,-0.093,-0.068,-0.024
3.538,-0.044,-0.049,-0.005,0.049,-0.02,-0.029,-0.044,-0.088,-0.112,-0.093,-0.068,-0.029
3.54,-0.044,-0.049,-0.005,0.049,-0.02,-0.029,-0.044,-0.078,-0.112,-0.098,-0.068,-0.029
3.542,-0.02,-0.054,-0.034,0.039,0.005,-0.044,-0.024,-0.063,-0.093,-0.088,-0.063,-0.029
3.544,-0.015,-0.054,-0.039,0.034,0.01,-0.049,-0.029,-0.063,-0.098,-0.098,-0.068,-0.039
3.546,-0.029,-0.054,-0.024,0.044,-0.005,-0.039,-0.039,-0.073,-0.102,-0.098,-0.073,-0.039
3.548,-0.054,-0.063,-0.01,0.059,-0.024,-0.039,-0.049,-0.083,-0.112,-0.102,-0.078,-0.039
3.55,-0.054,-0.068,-0.015,0.063,-0.02,-0.044,-0.059,-0.098,-0.127,-0.107,-0.083,-0.049
3.552,-0.049,-0.059,-0.01,0.054,-0.02,-0.034,-0.063,-0.112,-0.137,-0.112,-0.093,-0.054
3.554,-0.059,-0.059,0.0,0.059,-0.029,-0.029,-0.068,-0.112,-0.137,-0.112,-0.098,-0.044
3.556,-0.059,-0.054,0.005,0.059,-0.034,-0.024,-0.044,-0.088,-0.117,-0.098,-0.078,-0.029
3.558,-0.054,-0.044,0.01,0.049,-0.034,-0.02,-0.044,-0.093,-0.112,-0.102,-0.078,-0.029
3.56,-0.039,-0.044,-0.005,0.044,-0.02,-0.024,-0.049,-0.083,-0.112,-0.107,-0.073,-0.029
3.562,-0.015,-0.044,-0.029,0.029,0.005,-0.039,-0.029,-0.063,-0.088,-0.093,-0.063,-0.02
3.564,0.005,-0.034,-0.039,0.015,0.02,-0.039,-0.024,-0.059,-0.083,-0.093,-0.059,-0.024
3.566,-0.01,-0.029,-0.02,0.02,0.005,-0.024,-0.039,-0.073,-0.093,-0.107,-0.073,-0.044
3.568,-0.034,-0.029,0.005,0.034,-0.02,-0.015,-0.044,-0.078,-0.098,-0.107,-0.083,-0.049
3.57,-0.068,-0.044,0.024,0.059,-0.049,-0.01,-0.049,-0.088,-0.107,-0.107,-0.083,-0.044
3.572,-0.073,-0.044,0.029,0.059,-0.054,-0.01,-0.059,-0.098,-0.117,-0.112,-0.088,-0.039
3.574,-0.063,-0.044,0.02,0.054,-0.044,-0.015,-0.059,-0.102,-0.122,-0.112,-0.083,-0.034
3.576,-0.063,-0.044,0.02,0.054,-0.044,-0.015,-0.059,-0.098,-0.117,-0.098,-0.073,-0.024
3.578,-0.059,-0.049,0.01,0.054,-0.034,-0.02,-0.044,-0.078,-0.102,-0.088,-0.063,-0.01
3.58,-0.049,-0.049,0.0,0.049,-0.024,-0.024,-0.029,-0.063,-0.088,-0.083,-0.054,-0.015
3.582,-0.029,-0.034,-0.005,0.034,-0.015,-0.02,-0.015,-0.049,-0.068,-0.068,-0.039,-0.005
3.584,-0.015,-0.005,0.01,0.01,-0.015,0.0,0.005,-0.034,-0.049,-0.063,-0.024,0.0
3.586,-0.01,0.01,0.02,0.0,-0.015,0.015,-0.005,-0.039,-0.054,-0.063,-0.029,0.005
3.588,-0.005,0.02,0.024,-0.005,-0.015,0.02,-0.02,-0.044,-0.059,-0.068,-0.034,0.005
3.59,-0.01,0.024,0.034,-0.005,-0.024,0.029,-0.039,-0.068,-0.083,-0.083,-0.049,-0.005
3.592,-0.039,0.02,0.059,0.01,-0.049,0.039,-0.059,-0.088,-0.107,-0.093,-0.059,0.0
3.594,-0.068,0.02,0.088,0.024,-0.078,0.054,-0.059,-0.098,-0.112,-0.088,-0.049,0.015
3.596,-0.049,0.024,0.073,0.015,-0.063,0.049,-0.049,-0.083,-0.107,-0.083,-0.049,0.015
3.598,-0.024,0.02,0.044,0.005,-0.034,0.029,-0.034,-0.073,-0.098,-0.073,-0.044,0.01
3.6,-0.02,0.005,0.024,0.01,-0.024,0.015,-0.01,-0.049,-0.083,-0.063,-0.039,0.01
3.602,-0.015,-0.01,0.005,0.015,-0.01,-0.005,0.01,-0.02,-0.049,-0.049,-0.02,0.015
3.604,-0.005,-0.005,0.0,0.005,-0.005,-0.005,0.02,-0.01,-0.034,-0.034,0.005,0.024
3.606,-0.005,0.01,0.015,0.0,-0.01,0.01,0.005,-0.02,-0.039,-0.039,0.0,0.024
3.608,-0.02,0.024,0.044,0.0,-0.034,0.034,-0.015,-0.034,-0.054,-0.044,-0.005,0.024
3.61,-0.015,0.054,0.068,-0.02,-0.044,0.059,-0.034,-0.054,-0.063,-0.044,0.0,0.029
3.612,-0.02,0.044,0.063,-0.01,-0.044,0.054,-0.068,-0.083,-0.098,-0.068,-0.01,0.024
3.614,-0.039,0.039,0.078,0.0,-0.059,0.059,-0.098,-0.102,-0.112,-0.078,-0.029,0.02
3.616,-0.039,0.029,0.068,0.005,-0.054,0.049,-0.107,-0.102,-0.107,-0.073,-0.024,0.024
3.618,-0.034,0.024,0.059,0.005,-0.049,0.039,-0.112,-0.093,-0.098,-0.063,-0.015,0.029
3.62,-0.034,0.024,0.059,0.005,-0.049,0.039,-0.112,-0.083,-0.088,-0.054,-0.01,0.034
3.622,-0.02,0.015,0.034,0.005,-0.029,0.024,-0.088,-0.063,-0.063,-0.044,0.005,0.044
3.624,0.02,0.039,0.02,-0.029,0.0,0.029,-0.073,-0.044,-0.049,-0.039,0.005,0.039
3.626,0.034,0.054,0.02,-0.044,0.005,0.034,-0.059,-0.034,-0.034,-0.029,0.015,0.044
3.628,0.005,0.044,0.039,-0.024,-0.02,0.039,-0.063,-0.034,-0.044,-0.034,0.01,0.044
3.63,0.0,0.039,0.039,-0.02,-0.02,0.039,-0.073,-0.063,-0.073,-0.063,-0.02,0.034
3.632,-0.015,0.044,0.059,-0.015,-0.039,0.049,-0.093,-0.093,-0.107,-0.088,-0.049,0.02
3.634,-0.024,0.039,0.063,-0.005,-0.044,0.049,-0.098,-0.107,-0.127,-0.102,-0.059,0.005
3.636,-0.024,0.029,0.054,0.0,-0.039,0.039,-0.088,-0.102,-0.117,-0.098,-0.054,0.01
3.638,-0.024,0.015,0.039,0.005,-0.034,0.024,-0.073,-0.083,-0.102,-0.083,-0.034,0.015
3.64,-0.015,0.005,0.02,0.005,-0.02,0.01,-0.073,-0.083,-0.102,-0.083,-0.029,0.01
3.642,-0.015,-0.005,0.01,0.01,-0.015,0.0,-0.063,-0.078,-0.093,-0.078,-0.02,0.02
3.644,-0.015,-0.015,0.0,0.015,-0.01,-0.01,-0.059,-0.078,-0.093,-0.088,-0.015,0.015
3.646,-0.024,-0.039,-0.015,0.034,-0.005,-0.029,-0.063,-0.088,-0.107,-0.098,-0.034,0.005
3.648,-0.024,-0.054,-0.029,0.039,0.0,-0.044,-0.068,-0.098,-0.122,-0.112,-0.039,0.0
3.65,-0.044,-0.063,-0.02,0.054,-0.015,-0.044,-0.063,-0.102,-0.132,-0.127,-0.054,-0.005
3.652,-0.063,-0.059,0.005,0.063,-0.034,-0.029,-0.068,-0.102,-0.137,-0.122,-0.059,-0.01
3.654,-0.073,-0.068,0.005,0.073,-0.039,-0.034,-0.073,-0.117,-0.146,-0.127,-0.068,-0.015
3.656,-0.088,-0.078,0.01,0.083,-0.049,-0.034,-0.063,-0.107,-0.137,-0.122,-0.063,-0.01
3.658,-0.078,-0.068,0.01,0.073,-0.044,-0.029,-0.054,-0.102,-0.127,-0.117,-0.059,-0.005
3.66,-0.083,-0.073,0.01,0.078,-0.049,-0.034,-0.054,-0.098,-0.122,-0.122,-0.063,-0.015
3.662,-0.068,-0.073,-0.005,0.073,-0.034,-0.039,-0.049,-0.088,-0.112,-0.112,-0.063,-0.02
3.664,-0.049,-0.068,-0.02,0.059,-0.015,-0.044,-0.049,-0.088,-0.107,-0.112,-0.059,-0.02
3.666,-0.049,-0.073,-0.024,0.063,-0.015,-0.049,-0.054,-0.093,-0.122,-0.127,-0.068,-0.029
3.668,-0.054,-0.068,-0.015,0.063,-0.02,-0.044,-0.059,-0.102,-0.127,-0.127,-0.083,-0.034
3.67,-0.068,-0.068,0.0,0.068,-0.034,-0.034,-0.063,-0.107,-0.142,-0.142,-0.088,-0.039
3.672,-0.083,-0.073,0.01,0.078,-0.049,-0.034,-0.073,-0.127,-0.156,-0.156,-0.098,-0.039
3.674,-0.073,-0.073,0.0,0.073,-0.039,-0.039,-0.078,-0.137,-0.166,-0.156,-0.098,-0.039
3.676,-0.083,-0.088,-0.005,0.088,-0.039,-0.049,-0.073,-0.122,-0.156,-0.151,-0.083,-0.034
3.678,-0.078,-0.088,-0.01,0.083,-0.034,-0.049,-0.054,-0.107,-0.146,-0.142,-0.078,-0.034
3.68,-0.063,-0.078,-0.015,0.073,-0.024,-0.049,-0.049,-0.098,-0.132,-0.132,-0.073,-0.034
3.682,-0.054,-0.078,-0.024,0.068,-0.015,-0.054,-0.044,-0.088,-0.122,-0.127,-0.068,-0.034
3.684,-0.049,-0.073,-0.024,0.063,-0.015,-0.049,-0.034,-0.078,-0.107,-0.127,-0.063,-0.034
3.686,-0.044,-0.068,-0.024,0.059,-0.01,-0.049,-0.044,-0.098,-0.122,-0.137,-0.073,-0.044
3.688,-0.063,-0.073,-0.01,0.068,-0.029,-0.044,-0.049,-0.102,-0.132,-0.137,-0.073,-0.034
3.69,-0.078,-0.073,0.005,0.078,-0.044,-0.034,-0.054,-0.098,-0.132,-0.132,-0.063,-0.034
3.692,-0.088,-0.083,0.005,0.088,-0.049,-0.039,-0.068,-0.117,-0.146,-0.137,-0.073,-0.039
3.694,-0.078,-0.078,0.0,0.078,-0.039,-0.039,-0.078,-0.122,-0.156,-0.146,-0.078,-0.044
3.696,-0.073,-0.073,0.0,0.073,-0.039,-0.039,-0.059,-0.102,-0.142,-0.132,-0.068,-0.034
3.698,-0.068,-0.073,-0.005,0.073,-0.034,-0.039,-0.044,-0.093,-0.132,-0.122,-0.054,-0.024
3.7,-0.059,-0.073,-0.015,0.068,-0.024,-0.044,-0.029,-0.078,-0.112,-0.112,-0.049,-0.02
3.702,-0.044,-0.063,-0.02,0.054,-0.015,-0.044,-0.005,-0.054,-0.088,-0.102,-0.044,-0.02
3.704,-0.034,-0.063,-0.029,0.049,-0.005,-0.049,-0.005,-0.059,-0.083,-0.112,-0.044,-0.029
3.706,-0.054,-0.063,-0.01,0.059,-0.024,-0.039,-0.015,-0.068,-0.093,-0.117,-0.059,-0.029
3.708,-0.054,-0.063,-0.01,0.059,-0.024,-0.039,-0.034,-0.088,-0.107,-0.127,-0.068,-0.039
3.71,-0.054,-0.068,-0.015,0.063,-0.02,-0.044,-0.034,-0.098,-0.117,-0.127,-0.068,-0.034
3.712,-0.083,-0.073,0.01,0.078,-0.049,-0.034,-0.054,-0.107,-0.127,-0.142,-0.083,-0.044
3.714,-0.102,-0.078,0.024,0.093,-0.063,-0.029,-0.054,-0.102,-0.127,-0.132,-0.078,-0.034
3.716,-0.088,-0.083,0.005,0.088,-0.049,-0.039,-0.044,-0.083,-0.107,-0.112,-0.078,-0.039
3.718,-0.073,-0.073,0.0,0.073,-0.039,-0.039,0.0,-0.02,-0.054,-0.088,-0.068,-0.039
3.72,-0.063,-0.068,-0.005,0.068,-0.029,-0.039,0.068,0.073,0.034,-0.034,-0.049,-0.044
3.722,-0.044,-0.034,0.01,0.039,-0.029,-0.015,0.146,0.19,0.142,0.039,-0.02,-0.029
3.724,-0.039,0.0,0.039,0.02,-0.039,0.02,0.185,0.259,0.224,0.112,0.039,0.0
3.726,0.0,0.039,0.039,-0.02,-0.02,0.039,0.171,0.298,0.293,0.2,0.102,0.029
3.728,0.024,0.054,0.029,-0.039,-0.005,0.039,0.166,0.337,0.381,0.303,0.176,0.078
3.73,0.049,0.083,0.034,-0.063,0.005,0.059,0.171,0.415,0.498,0.454,0.278,0.142
3.732,0.078,0.137,0.059,-0.107,0.01,0.098,0.151,0.464,0.634,0.664,0.449,0.259
3.734,0.137,0.176,0.039,-0.156,0.049,0.107,0.151,0.532,0.795,0.917,0.659,0.39
3.736,0.21,0.2,-0.01,-0.205,0.107,0.093,0.181,0.625,0.986,1.166,0.854,0.517
3.738,0.278,0.234,-0.044,-0.254,0.161,0.093,0.21,0.693,1.147,1.386,1.025,0.625
3.74,0.356,0.288,-0.068,-0.322,0.21,0.107,0.176,0.708,1.254,1.557,1.186,0.737
3.742,0.434,0.361,-0.073,-0.395,0.254,0.142,0.107,0.693,1.322,1.669,1.318,0.849
3.744,0.488,0.415,-0.073,-0.449,0.278,0.171,0.02,0.61,1.293,1.659,1.371,0.922
3.746,0.483,0.459,-0.024,-0.468,0.254,0.215,-0.122,0.434,1.132,1.513,1.342,0.956
3.748,0.493,0.483,-0.01,-0.488,0.249,0.234,-0.239,0.224,0.888,1.274,1.23,0.937
3.75,0.464,0.488,0.024,-0.473,0.22,0.254,-0.356,-0.059,0.498,0.883,1.02,0.864
3.752,0.298,0.464,0.166,-0.381,0.063,0.312,-0.478,-0.542,-0.2,0.2,0.659,0.722
3.754,0.137,0.434,0.298,-0.283,-0.083,0.366,-0.571,-1.064,-0.952,-0.498,0.283,0.566
3.756,0.034,0.386,0.351,-0.21,-0.161,0.366,-0.62,-1.381,-1.43,-0.947,-0.005,0.405
3.758,-0.068,0.332,0.4,-0.132,-0.234,0.366,-0.659,-1.552,-1.659,-1.22,-0.273,0.229
3.76,-0.122,0.264,0.386,-0.068,-0.254,0.322,-0.698,-1.586,-1.693,-1.308,-0.449,0.088
3.762,-0.137,0.166,0.303,-0.015,-0.22,0.234,-0.717,-1.513,-1.615,-1.264,-0.498,-0.005
3.764,-0.171,0.102,0.273,0.034,-0.224,0.185,-0.708,-1.425,-1.498,-1.181,-0.517,-0.073
3.766,-0.229,0.083,0.312,0.073,-0.273,0.195,-0.747,-1.396,-1.435,-1.118,-0.512,-0.107
3.768,-0.249,0.083,0.332,0.083,-0.293,0.205,-0.791,-1.391,-1.396,-1.078,-0.493,-0.107
3.77,-0.239,0.078,0.317,0.083,-0.278,0.195,-0.81,-1.342,-1.337,-1.03,-0.478,-0.117
3.772,-0.239,0.049,0.288,0.098,-0.264,0.166,-0.776,-1.24,-1.235,-0.966,-0.454,-0.132
3.774,-0.234,0.029,0.264,0.102,-0.249,0.146,-0.727,-1.108,-1.118,-0.874,-0.425,-0.127
3.776,-0.205,0.005,0.21,0.102,-0.21,0.107,-0.644,-0.966,-0.981,-0.791,-0.39,-0.127
3.778,-0.185,-0.029,0.156,0.107,-0.171,0.063,-0.551,-0.805,-0.834,-0.693,-0.366,-0.137
3.78,-0.161,-0.044,0.117,0.102,-0.142,0.034,-0.444,-0.63,-0.664,-0.561,-0.303,-0.117
3.782,-0.117,-0.063,0.054,0.093,-0.088,-0.005,-0.356,-0.478,-0.517,-0.449,-0.244,-0.098
3.784,-0.078,-0.063,0.015,0.073,-0.049,-0.024,-0.264,-0.346,-0.381,-0.342,-0.181,-0.073
3.786,-0.068,-0.059,0.01,0.063,-0.039,-0.024,-0.195,-0.264,-0.298,-0.273,-0.142,-0.049
3.788,-0.083,-0.049,0.034,0.068,-0.059,-0.01,-0.146,-0.22,-0.259,-0.244,-0.137,-0.044
3.79,-0.078,-0.029,0.049,0.054,-0.063,0.01,-0.117,-0.2,-0.239,-0.229,-0.127,-0.039
3.792,-0.073,-0.024,0.049,0.049,-0.063,0.01,-0.102,-0.185,-0.229,-0.234,-0.142,-0.044
3.794,-0.093,-0.034,0.059,0.063,-0.078,0.01,-0.078,-0.146,-0.2,-0.22,-0.146,-0.063
3.796,-0.088,-0.029,0.059,0.059,-0.073,0.015,-0.044,-0.112,-0.176,-0.195,-0.146,-0.073
3.798,-0.083,-0.044,0.039,0.063,-0.063,-0.005,-0.024,-0.073,-0.132,-0.166,-0.132,-0.073
3.8,-0.073,-0.054,0.02,0.063,-0.049,-0.02,0.01,-0.034,-0.093,-0.137,-0.112,-0.073
3.802,-0.044,-0.059,-0.015,0.054,-0.015,-0.039,0.029,-0.005,-0.063,-0.112,-0.083,-0.054
3.804,-0.054,-0.068,-0.015,0.063,-0.02,-0.044,0.049,0.01,-0.044,-0.102,-0.068,-0.039
3.806,-0.063,-0.063,0.0,0.063,-0.034,-0.034,0.054,0.01,-0.039,-0.093,-0.049,-0.02
3.808,-0.059,-0.068,-0.01,0.063,-0.024,-0.039,0.054,0.015,-0.039,-0.093,-0.054,-0.01
3.81,-0.044,-0.063,-0.02,0.054,-0.015,-0.044,0.044,0.005,-0.049,-0.102,-0.068,-0.024
3.812,-0.049,-0.059,-0.01,0.054,-0.02,-0.034,0.039,0.005,-0.054,-0.102,-0.078,-0.034
3.814,-0.068,-0.059,0.01,0.063,-0.039,-0.024,0.044,0.02,-0.044,-0.088,-0.078,-0.039
3.816,-0.073,-0.068,0.005,0.073,-0.039,-0.034,0.054,0.034,-0.029,-0.068,-0.073,-0.044
3.818,-0.049,-0.063,-0.015,0.059,-0.02,-0.039,0.063,0.049,-0.01,-0.063,-0.063,-0.044
3.82,-0.049,-0.073,-0.024,0.063,-0.015,-0.049,0.073,0.054,0.0,-0.054,-0.049,-0.029
3.822,-0.049,-0.083,-0.034,0.068,-0.01,-0.059,0.083,0.073,0.02,-0.044,-0.039,-0.02
3.824,-0.029,-0.078,-0.049,0.054,0.01,-0.063,0.078,0.068,0.02,-0.054,-0.039,-0.024
3.826,-0.015,-0.063,-0.049,0.039,0.015,-0.059,0.083,0.068,0.02,-0.044,-0.044,-0.02
3.828,-0.034,-0.054,-0.02,0.044,-0.01,-0.039,0.078,0.073,0.024,-0.044,-0.044,-0.015
3.83,-0.054,-0.063,-0.01,0.059,-0.024,-0.039,0.083,0.068,0.02,-0.054,-0.049,-0.015
3.832,-0.049,-0.054,-0.005,0.054,-0.024,-0.029,0.068,0.059,0.005,-0.063,-0.054,-0.02
3.834,-0.059,-0.049,0.01,0.054,-0.034,-0.02,0.063,0.054,0.005,-0.059,-0.054,-0.02
3.836,-0.054,-0.059,-0.005,0.059,-0.024,-0.034,0.063,0.063,0.01,-0.054,-0.049,-0.02
3.838,-0.039,-0.059,-0.02,0.049,-0.01,-0.039,0.078,0.073,0.02,-0.063,-0.054,-0.024
3.84,-0.024,-0.063,-0.039,0.044,0.005,-0.054,0.088,0.083,0.02,-0.049,-0.049,-0.024
3.842,-0.029,-0.068,-0.039,0.049,0.005,-0.054,0.098,0.107,0.039,-0.029,-0.029,-0.015
3.844,-0.01,-0.063,-0.054,0.039,0.02,-0.059,0.107,0.112,0.049,-0.029,-0.024,-0.024
3.846,-0.034,-0.068,-0.034,0.054,0.0,-0.054,0.098,0.112,0.049,-0.034,-0.034,-0.024
3.848,-0.034,-0.059,-0.024,0.049,-0.005,-0.044,0.088,0.098,0.044,-0.034,-0.044,-0.024
3.85,-0.024,-0.054,-0.029,0.039,0.0,-0.044,0.083,0.098,0.039,-0.034,-0.049,-0.024
3.852,-0.044,-0.049,-0.005,0.049,-0.02,-0.029,0.059,0.073,0.015,-0.054,-0.059,-0.034
3.854,-0.073,-0.054,0.02,0.063,-0.049,-0.02,0.063,0.073,0.01,-0.044,-0.054,-0.015
3.856,-0.063,-0.059,0.005,0.063,-0.034,-0.029,0.078,0.088,0.015,-0.039,-0.054,-0.024
3.858,-0.044,-0.059,-0.015,0.054,-0.015,-0.039,0.078,0.098,0.024,-0.039,-0.059,-0.029
3.86,-0.029,-0.059,-0.029,0.044,0.0,-0.044,0.098,0.122,0.044,-0.029,-0.049,-0.029
3.862,-0.015,-0.068,-0.054,0.044,0.02,-0.063,0.117,0.146,0.068,-0.02,-0.044,-0.034
3.864,-0.005,-0.068,-0.063,0.039,0.029,-0.068,0.127,0.156,0.078,-0.015,-0.039,-0.034
3.866,-0.01,-0.068,-0.059,0.039,0.024,-0.063,0.122,0.156,0.073,-0.015,-0.044,-0.034
3.868,-0.01,-0.078,-0.068,0.044,0.029,-0.073,0.112,0.146,0.068,-0.015,-0.044,-0.034
3.87,-0.029,-0.073,-0.044,0.054,0.005,-0.059,0.107,0.142,0.068,-0.005,-0.034,-0.02
3.872,-0.059,-0.078,-0.02,0.068,-0.02,-0.049,0.098,0.127,0.049,-0.02,-0.044,-0.02
3.874,-0.063,-0.088,-0.024,0.078,-0.02,-0.059,0.083,0.107,0.029,-0.039,-0.063,-0.029
3.876,-0.039,-0.063,-0.024,0.054,-0.01,-0.044,0.093,0.127,0.044,-0.024,-0.059,-0.02
3.878,-0.034,-0.059,-0.024,0.049,-0.005,-0.044,0.102,0.137,0.049,-0.02,-0.059,-0.024
3.88,-0.024,-0.049,-0.024,0.039,0.0,-0.039,0.122,0.171,0.083,-0.005,-0.039,-0.015
3.882,-0.005,-0.049,-0.044,0.029,0.02,-0.049,0.142,0.2,0.117,0.024,-0.02,-0.015
3.884,0.005,-0.049,-0.054,0.024,0.029,-0.054,0.151,0.21,0.137,0.039,0.0,-0.01
3.886,0.01,-0.049,-0.059,0.02,0.034,-0.054,0.146,0.215,0.142,0.044,0.01,0.0
3.888,0.005,-0.054,-0.059,0.024,0.029,-0.059,0.142,0.205,0.132,0.039,0.0,0.005
3.89,-0.005,-0.059,-0.054,0.034,0.024,-0.059,0.132,0.195,0.117,0.024,-0.01,0.0
3.892,-0.024,-0.054,-0.029,0.039,0.0,-0.044,0.127,0.19,0.112,0.02,-0.015,0.0
3.894,-0.039,-0.049,-0.01,0.044,-0.015,-0.029,0.122,0.185,0.107,0.02,-0.02,0.0
3.896,-0.034,-0.044,-0.01,0.039,-0.015,-0.029,0.132,0.205,0.127,0.029,-0.024,-0.005
3.898,-0.02,-0.034,-0.015,0.029,-0.005,-0.024,0.142,0.234,0.142,0.044,-0.015,-0.005
3.9,-0.005,-0.029,-0.024,0.02,0.01,-0.029,0.142,0.244,0.161,0.054,-0.01,-0.01
3.902,0.02,-0.024,-0.044,0.005,0.029,-0.034,0.166,0.273,0.19,0.078,0.015,-0.005
3.904,0.024,-0.02,-0.044,0.0,0.034,-0.034,0.185,0.288,0.205,0.093,0.024,0.005
3.906,0.024,-0.02,-0.044,0.0,0.034,-0.034,0.185,0.293,0.21,0.098,0.039,0.015
3.908,0.02,-0.015,-0.034,0.0,0.024,-0.024,0.185,0.288,0.205,0.083,0.029,0.024
3.91,0.0,-0.024,-0.024,0.015,0.01,-0.024,0.19,0.293,0.2,0.078,0.02,0.02
3.912,-0.015,-0.029,-0.015,0.024,0.0,-0.024,0.181,0.293,0.2,0.083,0.024,0.02
3.914,-0.024,-0.02,0.005,0.024,-0.015,-0.01,0.176,0.293,0.205,0.093,0.01,0.015
3.916,-0.01,-0.024,-0.015,0.02,0.0,-0.02,0.181,0.317,0.22,0.102,0.01,0.01
3.918,0.015,-0.02,-0.034,0.005,0.024,-0.029,0.2,0.342,0.239,0.122,0.029,0.024
3.92,0.024,-0.02,-0.044,0.0,0.034,-0.034,0.21,0.356,0.254,0.127,0.034,0.029
3.922,0.024,-0.02,-0.044,0.0,0.034,-0.034,0.234,0.381,0.278,0.146,0.063,0.039
3.924,0.039,-0.015,-0.054,-0.01,0.044,-0.034,0.254,0.415,0.312,0.171,0.073,0.049
3.926,0.024,-0.024,-0.049,0.0,0.034,-0.039,0.254,0.42,0.322,0.171,0.068,0.044
3.928,0.015,-0.029,-0.044,0.01,0.029,-0.039,0.254,0.429,0.332,0.176,0.068,0.044
3.93,0.01,-0.02,-0.029,0.005,0.02,-0.024,0.259,0.439,0.337,0.181,0.068,0.054
3.932,0.015,0.0,-0.015,-0.005,0.015,-0.01,0.249,0.444,0.351,0.195,0.083,0.068
3.934,0.015,0.0,-0.015,-0.005,0.015,-0.01,0.244,0.449,0.356,0.21,0.088,0.073
3.936,0.015,0.0,-0.015,-0.005,0.015,-0.01,0.244,0.468,0.366,0.224,0.093,0.083
3.938,0.034,0.005,-0.029,-0.02,0.029,-0.015,0.259,0.488,0.39,0.244,0.112,0.083
3.94,0.044,0.029,-0.015,-0.034,0.029,0.005,0.273,0.512,0.41,0.264,0.122,0.088
3.942,0.054,0.024,-0.029,-0.039,0.039,-0.005,0.283,0.537,0.439,0.283,0.137,0.098
3.944,0.083,0.044,-0.039,-0.063,0.059,0.0,0.288,0.556,0.468,0.303,0.142,0.098
3.946,0.078,0.049,-0.029,-0.063,0.054,0.01,0.283,0.561,0.473,0.303,0.146,0.093
3.948,0.083,0.063,-0.02,-0.073,0.049,0.02,0.283,0.576,0.493,0.322,0.156,0.112
3.95,0.083,0.083,0.0,-0.083,0.039,0.039,0.293,0.59,0.508,0.346,0.185,0.127
3.952,0.083,0.088,0.005,-0.083,0.039,0.044,0.268,0.576,0.503,0.346,0.185,0.132
3.954,0.078,0.088,0.01,-0.083,0.034,0.049,0.264,0.581,0.512,0.366,0.195,0.142
3.956,0.093,0.088,-0.005,-0.088,0.049,0.039,0.273,0.605,0.537,0.395,0.224,0.171
3.958,0.102,0.088,-0.015,-0.093,0.059,0.034,0.288,0.615,0.561,0.405,0.239,0.181
3.96,0.112,0.088,-0.024,-0.098,0.068,0.029,0.293,0.634,0.586,0.429,0.254,0.19
3.962,0.117,0.098,-0.02,-0.107,0.068,0.039,0.307,0.669,0.615,0.459,0.278,0.2
3.964,0.112,0.112,0.0,-0.112,0.054,0.054,0.312,0.688,0.644,0.478,0.298,0.215
3.966,0.122,0.117,-0.005,-0.117,0.063,0.054,0.303,0.678,0.649,0.493,0.298,0.215
3.968,0.137,0.122,-0.015,-0.127,0.073,0.054,0.278,0.664,0.634,0.488,0.293,0.205
3.97,0.137,0.137,0.0,-0.137,0.068,0.068,0.268,0.654,0.63,0.493,0.303,0.21
3.972,0.112,0.146,0.034,-0.127,0.039,0.088,0.249,0.634,0.62,0.493,0.303,0.224
3.974,0.107,0.137,0.029,-0.122,0.039,0.083,0.239,0.62,0.605,0.483,0.298,0.229
3.976,0.142,0.156,0.015,-0.146,0.063,0.083,0.234,0.625,0.61,0.488,0.307,0.239
3.978,0.146,0.166,0.02,-0.156,0.063,0.093,0.249,0.649,0.639,0.522,0.342,0.259
3.98,0.146,0.171,0.024,-0.156,0.059,0.098,0.254,0.659,0.654,0.542,0.351,0.268
3.982,0.166,0.166,0.0,-0.166,0.083,0.083,0.259,0.664,0.673,0.556,0.371,0.278
3.984,0.166,0.166,0.0,-0.166,0.083,0.083,0.249,0.659,0.673,0.561,0.39,0.283
3.986,0.156,0.161,0.005,-0.156,0.073,0.083,0.229,0.639,0.664,0.556,0.39,0.298
3.988,0.156,0.176,0.02,-0.166,0.068,0.098,0.215,0.61,0.639,0.551,0.395,0.298
3.99,0.142,0.176,0.034,-0.156,0.054,0.102,0.19,0.571,0.615,0.532,0.386,0.293
3.992,0.132,0.171,0.039,-0.151,0.044,0.102,0.156,0.532,0.576,0.512,0.376,0.288
3.994,0.117,0.166,0.049,-0.142,0.034,0.107,0.142,0.508,0.561,0.512,0.371,0.288
3.996,0.122,0.171,0.049,-0.146,0.034,0.107,0.142,0.508,0.556,0.517,0.371,0.293
3.998,0.137,0.171,0.034,-0.151,0.049,0.102,0.146,0.503,0.561,0.517,0.376,0.288
4.0,0.142,0.166,0.024,-0.151,0.059,0.093,0.132,0.483,0.537,0.508,0.371,0.283
4.002,0.137,0.166,0.029,-0.151,0.054,0.098,0.142,0.473,0.532,0.503,0.376,0.288
4.004,0.142,0.156,0.015,-0.146,0.063,0.083,0.137,0.454,0.512,0.483,0.366,0.273
4.006,0.117,0.146,0.029,-0.132,0.044,0.088,0.102,0.4,0.464,0.449,0.346,0.264
4.008,0.112,0.146,0.034,-0.127,0.039,0.088,0.088,0.356,0.415,0.405,0.317,0.244
4.01,0.102,0.137,0.034,-0.117,0.034,0.083,0.078,0.322,0.381,0.376,0.288,0.229
4.012,0.078,0.127,0.049,-0.102,0.015,0.088,0.059,0.288,0.337,0.346,0.273,0.21
4.014,0.059,0.107,0.049,-0.083,0.005,0.078,0.044,0.259,0.303,0.322,0.239,0.19
4.016,0.054,0.098,0.044,-0.073,0.005,0.068,0.049,0.239,0.273,0.293,0.22,0.176
4.018,0.059,0.098,0.039,-0.078,0.01,0.068,0.044,0.224,0.254,0.264,0.205,0.161
4.02,0.068,0.083,0.015,-0.073,0.024,0.049,0.054,0.22,0.239,0.254,0.205,0.161
4.022,0.063,0.073,0.01,-0.068,0.024,0.039,0.059,0.205,0.224,0.239,0.19,0.146
4.024,0.063,0.073,0.01,-0.068,0.024,0.039,0.073,0.19,0.21,0.215,0.185,0.142
4.026,0.049,0.063,0.015,-0.054,0.015,0.039,0.063,0.161,0.176,0.176,0.161,0.127
4.028,0.02,0.034,0.015,-0.024,0.0,0.024,0.049,0.132,0.142,0.146,0.132,0.093
4.03,0.0,0.024,0.024,-0.01,-0.015,0.024,0.044,0.107,0.107,0.122,0.098,0.073
4.032,-0.034,0.005,0.039,0.015,-0.039,0.02,0.024,0.078,0.073,0.088,0.068,0.049
4.034,-0.044,0.005,0.049,0.02,-0.049,0.024,0.01,0.054,0.044,0.063,0.044,0.044
4.036,-0.039,0.005,0.044,0.02,-0.044,0.024,0.02,0.054,0.034,0.049,0.044,0.049
4.038,-0.039,-0.005,0.034,0.024,-0.039,0.015,0.024,0.044,0.02,0.034,0.034,0.029
4.04,-0.029,0.0,0.029,0.015,-0.029,0.015,0.034,0.044,0.01,0.024,0.029,0.024
4.042,-0.01,-0.015,-0.005,0.015,-0.005,-0.01,0.044,0.049,0.02,0.02,0.024,0.015
4.044,-0.01,-0.02,-0.01,0.015,0.0,-0.015,0.059,0.059,0.02,0.005,0.01,-0.005
4.046,-0.024,-0.029,-0.005,0.029,-0.01,-0.02,0.054,0.044,0.005,-0.01,-0.005,-0.01
4.048,-0.034,-0.02,0.015,0.029,-0.024,-0.005,0.044,0.029,-0.015,-0.02,-0.02,-0.01
4.05,-0.044,-0.015,0.029,0.029,-0.039,0.005,0.034,0.01,-0.029,-0.02,-0.02,-0.015
4.052,-0.063,-0.034,0.029,0.049,-0.049,-0.005,0.024,-0.005,-0.039,-0.034,-0.024,0.0
4.054,-0.078,-0.049,0.029,0.063,-0.054,-0.01,0.01,-0.029,-0.063,-0.044,-0.034,-0.005
4.056,-0.063,-0.034,0.029,0.049,-0.049,-0.005,0.02,-0.02,-0.059,-0.034,-0.02,0.015
4.058,-0.059,-0.039,0.02,0.049,-0.039,-0.01,0.02,-0.02,-0.063,-0.049,-0.024,0.005
4.06,-0.054,-0.049,0.005,0.054,-0.029,-0.024,0.015,-0.024,-0.068,-0.054,-0.039,-0.015
4.062,-0.044,-0.049,-0.005,0.049,-0.02,-0.029,0.029,-0.01,-0.059,-0.049,-0.044,-0.024
4.064,-0.054,-0.044,0.01,0.049,-0.034,-0.02,0.044,0.01,-0.044,-0.044,-0.039,-0.024
4.066,-0.044,-0.034,0.01,0.039,-0.029,-0.015,0.044,0.005,-0.044,-0.049,-0.044,-0.034
4.068,-0.054,-0.039,0.015,0.049,-0.034,-0.015,0.039,-0.015,-0.063,-0.063,-0.059,-0.039
4.07,-0.059,-0.044,0.015,0.054,-0.039,-0.015,0.029,-0.029,-0.073,-0.073,-0.063,-0.034
4.072,-0.054,-0.054,0.0,0.054,-0.029,-0.029,0.015,-0.049,-0.093,-0.083,-0.063,-0.029
4.074,-0.068,-0.068,0.0,0.068,-0.034,-0.034,0.0,-0.063,-0.112,-0.093,-0.068,-0.029
4.076,-0.083,-0.078,0.005,0.083,-0.044,-0.039,0.0,-0.059,-0.107,-0.093,-0.073,-0.029
4.078,-0.068,-0.073,-0.005,0.073,-0.034,-0.039,0.024,-0.034,-0.088,-0.068,-0.059,-0.029
4.08,-0.054,-0.063,-0.01,0.059,-0.024,-0.039,0.015,-0.029,-0.078,-0.063,-0.059,-0.034
4.082,-0.059,-0.059,0.0,0.059,-0.029,-0.029,0.029,-0.01,-0.059,-0.049,-0.049,-0.029
4.084,-0.063,-0.063,0.0,0.063,-0.034,-0.034,0.049,0.005,-0.039,-0.049,-0.034,-0.029
4.086,-0.059,-0.083,-0.024,0.073,-0.02,-0.054,0.029,-0.02,-0.063,-0.068,-0.049,-0.029
4.088,-0.059,-0.073,-0.015,0.068,-0.024,-0.044,0.029,-0.024,-0.068,-0.073,-0.049,-0.029
4.09,-0.054,-0.054,0.0,0.054,-0.029,-0.029,0.015,-0.039,-0.083,-0.083,-0.054,-0.029
4.092,-0.063,-0.054,0.01,0.059,-0.039,-0.024,-0.005,-0.068,-0.112,-0.107,-0.068,-0.034
4.094,-0.073,-0.054,0.02,0.063,-0.049,-0.02,-0.005,-0.059,-0.112,-0.098,-0.073,-0.034
4.096,-0.068,-0.054,0.015,0.063,-0.044,-0.02,-0.01,-0.063,-0.117,-0.107,-0.083,-0.044
4.098,-0.063,-0.054,0.01,0.059,-0.039,-0.024,0.01,-0.049,-0.102,-0.107,-0.088,-0.049
4.1,-0.059,-0.054,0.005,0.059,-0.034,-0.024,0.015,-0.034,-0.093,-0.102,-0.088,-0.049
4.102,-0.049,-0.059,-0.01,0.054,-0.02,-0.034,0.015,-0.039,-0.093,-0.098,-0.083,-0.049
4.104,-0.034,-0.059,-0.024,0.049,-0.005,-0.044,0.029,-0.024,-0.073,-0.088,-0.073,-0.044
4.106,-0.039,-0.059,-0.02,0.049,-0.01,-0.039,0.02,-0.034,-0.083,-0.088,-0.073,-0.044
4.108,-0.054,-0.059,-0.005,0.059,-0.024,-0.034,0.024,-0.044,-0.088,-0.088,-0.068,-0.039
4.11,-0.059,-0.059,0.0,0.059,-0.029,-0.029,0.015,-0.059,-0.093,-0.102,-0.073,-0.049
4.112,-0.083,-0.059,0.024,0.073,-0.054,-0.02,0.005,-0.059,-0.107,-0.102,-0.078,-0.049
4.114,-0.088,-0.049,0.039,0.068,-0.063,-0.005,0.0,-0.063,-0.112,-0.107,-0.083,-0.054
4.116,-0.073,-0.054,0.02,0.063,-0.049,-0.02,0.01,-0.049,-0.102,-0.093,-0.088,-0.059
4.118,-0.068,-0.059,0.01,0.063,-0.039,-0.024,0.005,-0.054,-0.102,-0.102,-0.098,-0.068
4.12,-0.059,-0.054,0.005,0.059,-0.034,-0.024,0.01,-0.044,-0.093,-0.107,-0.098,-0.063
4.122,-0.044,-0.049,-0.005,0.049,-0.02,-0.029,0.02,-0.029,-0.083,-0.102,-0.088,-0.059
4.124,-0.044,-0.044,0.0,0.044,-0.024,-0.024,0.034,-0.024,-0.073,-0.093,-0.078,-0.049
4.126,-0.039,-0.054,-0.015,0.049,-0.015,-0.034,0.02,-0.044,-0.083,-0.112,-0.083,-0.054
4.128,-0.083,-0.088,-0.005,0.088,-0.039,-0.049,0.015,-0.049,-0.088,-0.107,-0.093,-0.054
4.13,-0.088,-0.088,0.0,0.088,-0.044,-0.044,0.01,-0.049,-0.093,-0.117,-0.098,-0.059
4.132,-0.078,-0.083,-0.005,0.083,-0.039,-0.044,-0.005,-0.063,-0.112,-0.117,-0.112,-0.059
4.134,-0.088,-0.073,0.015,0.083,-0.054,-0.029,-0.01,-0.068,-0.122,-0.117,-0.117,-0.063
4.136,-0.078,-0.059,0.02,0.068,-0.049,-0.02,0.0,-0.063,-0.107,-0.122,-0.112,-0.063
4.138,-0.073,-0.049,0.024,0.063,-0.049,-0.015,0.0,-0.059,-0.107,-0.117,-0.102,-0.059
4.14,-0.068,-0.054,0.015,0.063,-0.044,-0.02,0.005,-0.044,-0.093,-0.107,-0.088,-0.059
4.142,-0.073,-0.063,0.01,0.068,-0.044,-0.029,0.015,-0.029,-0.078,-0.102,-0.083,-0.049
4.144,-0.054,-0.068,-0.015,0.063,-0.02,-0.044,0.02,-0.024,-0.073,-0.102,-0.088,-0.063
4.146,-0.039,-0.068,-0.029,0.054,-0.005,-0.049,0.024,-0.02,-0.078,-0.107,-0.088,-0.059
4.148,-0.063,-0.088,-0.024,0.078,-0.02,-0.059,0.02,-0.024,-0.083,-0.102,-0.093,-0.054
4.15,-0.093,-0.093,0.0,0.093,-0.049,-0.049,0.01,-0.034,-0.088,-0.102,-0.093,-0.059
4.152,-0.093,-0.088,0.005,0.093,-0.049,-0.044,0.0,-0.039,-0.093,-0.107,-0.098,-0.054
4.154,-0.088,-0.078,0.01,0.083,-0.049,-0.034,-0.015,-0.054,-0.107,-0.112,-0.098,-0.049
4.156,-0.093,-0.068,0.024,0.083,-0.059,-0.024,-0.005,-0.049,-0.107,-0.107,-0.088,-0.039
4.158,-0.088,-0.078,0.01,0.083,-0.049,-0.034,0.005,-0.044,-0.098,-0.102,-0.088,-0.044
4.16,-0.078,-0.083,-0.005,0.083,-0.039,-0.044,0.015,-0.029,-0.083,-0.098,-0.083,-0.044
4.162,-0.049,-0.073,-0.024,0.063,-0.015,-0.049,0.029,-0.01,-0.068,-0.088,-0.078,-0.049
4.164,-0.034,-0.063,-0.029,0.049,-0.005,-0.049,0.039,0.0,-0.044,-0.088,-0.078,-0.049
4.166,-0.034,-0.063,-0.029,0.049,-0.005,-0.049,0.024,-0.005,-0.049,-0.093,-0.088,-0.059
4.168,-0.049,-0.063,-0.015,0.059,-0.02,-0.039,0.02,-0.015,-0.059,-0.093,-0.083,-0.049
4.17,-0.073,-0.068,0.005,0.073,-0.039,-0.034,0.015,-0.029,-0.068,-0.098,-0.088,-0.054
4.172,-0.073,-0.068,0.005,0.073,-0.039,-0.034,-0.01,-0.049,-0.083,-0.102,-0.102,-0.059
4.174,-0.073,-0.068,0.005,0.073,-0.039,-0.034,-0.02,-0.059,-0.098,-0.112,-0.107,-0.063
4.176,-0.063,-0.068,-0.005,0.068,-0.029,-0.039,-0.02,-0.059,-0.098,-0.117,-0.117,-0.073
4.178,-0.049,-0.059,-0.01,0.054,-0.02,-0.034,-0.015,-0.044,-0.083,-0.112,-0.122,-0.078
4.18,-0.049,-0.054,-0.005,0.054,-0.024,-0.029,0.0,-0.029,-0.073,-0.107,-0.112,-0.073
4.182,-0.039,-0.049,-0.01,0.044,-0.015,-0.029,0.02,-0.015,-0.044,-0.093,-0.102,-0.068
4.184,-0.039,-0.054,-0.015,0.049,-0.015,-0.034,0.029,0.0,-0.034,-0.083,-0.088,-0.068
4.186,-0.034,-0.049,-0.015,0.044,-0.01,-0.034,0.02,-0.015,-0.039,-0.093,-0.088,-0.059
4.188,-0.024,-0.049,-0.024,0.039,0.0,-0.039,0.005,-0.029,-0.059,-0.102,-0.098,-0.068
4.19,-0.039,-0.054,-0.015,0.049,-0.015,-0.034,-0.015,-0.044,-0.063,-0.107,-0.093,-0.068
4.192,-0.054,-0.059,-0.005,0.059,-0.024,-0.034,-0.029,-0.068,-0.083,-0.102,-0.098,-0.063
4.194,-0.068,-0.054,0.015,0.063,-0.044,-0.02,-0.029,-0.068,-0.083,-0.098,-0.093,-0.054
4.196,-0.063,-0.049,0.015,0.059,-0.039,-0.02,-0.024,-0.059,-0.078,-0.098,-0.083,-0.049
4.198,-0.054,-0.054,0.0,0.054,-0.029,-0.029,-0.024,-0.049,-0.068,-0.093,-0.083,-0.054
4.2,-0.059,-0.054,0.005,0.059,-0.034,-0.024,-0.005,-0.034,-0.054,-0.083,-0.068,-0.044
4.202,-0.049,-0.054,-0.005,0.054,-0.024,-0.029,0.01,-0.02,-0.039,-0.073,-0.063,-0.044
4.204,-0.039,-0.059,-0.02,0.049,-0.01,-0.039,0.024,-0.005,-0.024,-0.068,-0.054,-0.039
4.206,-0.029,-0.054,-0.024,0.044,-0.005,-0.039,0.015,-0.015,-0.034,-0.078,-0.059,-0.049
4.208,-0.034,-0.059,-0.024,0.049,-0.005,-0.044,0.005,-0.024,-0.044,-0.093,-0.073,-0.054
4.21,-0.049,-0.063,-0.015,0.059,-0.02,-0.039,0.0,-0.029,-0.049,-0.088,-0.078,-0.054
4.212,-0.068,-0.073,-0.005,0.073,-0.034,-0.039,-0.02,-0.054,-0.068,-0.093,-0.088,-0.059
4.214,-0.073,-0.063,0.01,0.068,-0.044,-0.029,-0.02,-0.054,-0.073,-0.093,-0.093,-0.059
4.216,-0.059,-0.054,0.005,0.059,-0.034,-0.024,-0.02,-0.044,-0.059,-0.083,-0.083,-0.054
4.218,-0.054,-0.068,-0.015,0.063,-0.02,-0.044,-0.015,-0.044,-0.063,-0.083,-0.083,-0.063
4.22,-0.063,-0.083,-0.02,0.073,-0.024,-0.054,-0.015,-0.034,-0.059,-0.078,-0.073,-0.049
4.222,-0.059,-0.078,-0.02,0.068,-0.02,-0.049,0.0,-0.024,-0.044,-0.068,-0.068,-0.049
4.224,-0.02,-0.059,-0.039,0.039,0.01,-0.049,0.01,-0.015,-0.029,-0.063,-0.054,-0.044
4.226,-0.029,-0.049,-0.02,0.039,-0.005,-0.034,0.005,-0.024,-0.034,-0.059,-0.044,-0.034
4.228,-0.054,-0.049,0.005,0.054,-0.029,-0.024,-0.005,-0.034,-0.044,-0.063,-0.044,-0.034
4.23,-0.049,-0.049,0.0,0.049,-0.024,-0.024,-0.015,-0.049,-0.059,-0.083,-0.059,-0.039
4.232,-0.049,-0.054,-0.005,0.054,-0.024,-0.029,-0.024,-0.054,-0.068,-0.093,-0.078,-0.039
4.234,-0.059,-0.059,0.0,0.059,-0.029,-0.029,-0.034,-0.063,-0.078,-0.083,-0.083,-0.044
4.236,-0.049,-0.059,-0.01,0.054,-0.02,-0.034,-0.039,-0.073,-0.083,-0.093,-0.083,-0.049
4.238,-0.063,-0.073,-0.01,0.068,-0.029,-0.044,-0.029,-0.059,-0.073,-0.083,-0.073,-0.044
4.24,-0.049,-0.063,-0.015,0.059,-0.02,-0.039,-0.02,-0.054,-0.063,-0.073,-0.068,-0.039
4.242,-0.029,-0.054,-0.024,0.044,-0.005,-0.039,-0.01,-0.034,-0.044,-0.068,-0.063,-0.039
4.244,-0.029,-0.059,-0.029,0.044,0.0,-0.044,0.0,-0.02,-0.029,-0.063,-0.054,-0.034
4.246,-0.049,-0.049,0.0,0.049,-0.024,-0.024,0.0,-0.024,-0.034,-0.068,-0.054,-0.039
4.248,-0.034,-0.049,-0.015,0.044,-0.01,-0.034,-0.015,-0.044,-0.049,-0.078,-0.073,-0.054
4.25,-0.024,-0.054,-0.029,0.039,0.0,-0.044,-0.024,-0.054,-0.054,-0.083,-0.088,-0.068
4.252,-0.039,-0.039,0.0,0.039,-0.02,-0.02,-0.024,-0.059,-0.059,-0.083,-0.083,-0.059
4.254,-0.059,-0.039,0.02,0.049,-0.039,-0.01,-0.039,-0.078,-0.078,-0.093,-0.093,-0.059
4.256,-0.049,-0.054,-0.005,0.054,-0.024,-0.029,-0.049,-0.083,-0.083,-0.102,-0.093,-0.059
4.258,-0.044,-0.044,0.0,0.044,-0.024,-0.024,-0.029,-0.068,-0.078,-0.093,-0.083,-0.049
4.26,-0.039,-0.049,-0.01,0.044,-0.015,-0.029,-0.02,-0.063,-0.063,-0.083,-0.068,-0.044
4.262,-0.029,-0.044,-0.015,0.039,-0.01,-0.029,-0.015,-0.049,-0.054,-0.073,-0.063,-0.049
4.264,-0.024,-0.059,-0.034,0.044,0.005,-0.049,0.005,-0.034,-0.039,-0.068,-0.059,-0.049
4.266,-0.034,-0.059,-0.024,0.049,-0.005,-0.044,-0.01,-0.044,-0.044,-0.073,-0.068,-0.063
4.268,-0.039,-0.059,-0.02,0.049,-0.01,-0.039,-0.02,-0.054,-0.054,-0.078,-0.073,-0.063
4.27,-0.059,-0.068,-0.01,0.063,-0.024,-0.039,-0.029,-0.073,-0.068,-0.093,-0.078,-0.063
4.272,-0.073,-0.068,0.005,0.073,-0.039,-0.034,-0.039,-0.083,-0.088,-0.098,-0.088,-0.063
4.274,-0.073,-0.049,0.024,0.063,-0.049,-0.015,-0.044,-0.088,-0.093,-0.098,-0.088,-0.059
4.276,-0.078,-0.059,0.02,0.068,-0.049,-0.02,-0.034,-0.083,-0.088,-0.098,-0.083,-0.063
4.278,-0.054,-0.059,-0.005,0.059,-0.024,-0.034,-0.034,-0.073,-0.078,-0.098,-0.088,-0.068
4.28,-0.049,-0.063,-0.015,0.059,-0.02,-0.039,-0.029,-0.068,-0.073,-0.088,-0.088,-0.073
4.282,-0.049,-0.063,-0.015,0.059,-0.02,-0.039,-0.015,-0.049,-0.049,-0.068,-0.078,-0.068
4.284,-0.039,-0.059,-0.02,0.049,-0.01,-0.039,-0.005,-0.039,-0.039,-0.063,-0.063,-0.063
4.286,-0.044,-0.049,-0.005,0.049,-0.02,-0.029,-0.015,-0.049,-0.054,-0.068,-0.054,-0.054
4.288,-0.044,-0.054,-0.01,0.049,-0.02,-0.034,-0.034,-0.068,-0.068,-0.073,-0.059,-0.054
4.29,-0.044,-0.059,-0.015,0.054,-0.015,-0.039,-0.044,-0.083,-0.083,-0.078,-0.059,-0.054
4.292,-0.063,-0.054,0.01,0.059,-0.039,-0.024,-0.049,-0.088,-0.088,-0.083,-0.059,-0.044
4.294,-0.063,-0.049,0.015,0.059,-0.039,-0.02,-0.054,-0.093,-0.093,-0.083,-0.059,-0.044
4.296,-0.059,-0.054,0.005,0.059,-0.034,-0.024,-0.044,-0.083,-0.093,-0.083,-0.059,-0.039
4.298,-0.063,-0.054,0.01,0.059,-0.039,-0.024,-0.034,-0.068,-0.078,-0.078,-0.063,-0.049
4.3,-0.044,-0.054,-0.01,0.049,-0.02,-0.034,-0.029,-0.059,-0.073,-0.078,-0.068,-0.059
4.302,-0.015,-0.044,-0.029,0.029,0.005,-0.039,-0.02,-0.049,-0.063,-0.078,-0.073,-0.059
4.304,-0.005,-0.044,-0.039,0.024,0.015,-0.044,-0.01,-0.039,-0.049,-0.073,-0.063,-0.063
4.306,-0.015,-0.049,-0.034,0.034,0.01,-0.044,-0.01,-0.049,-0.059,-0.073,-0.063,-0.059
4.308,-0.063,-0.059,0.005,0.063,-0.034,-0.029,-0.024,-0.059,-0.063,-0.078,-0.073,-0.059
4.31,-0.068,-0.054,0.015,0.063,-0.044,-0.02,-0.029,-0.068,-0.073,-0.083,-0.078,-0.063
4.312,-0.054,-0.059,-0.005,0.059,-0.024,-0.034,-0.049,-0.088,-0.102,-0.102,-0.093,-0.073
4.314,-0.073,-0.059,0.015,0.068,-0.044,-0.024,-0.054,-0.093,-0.102,-0.102,-0.098,-0.068
4.316,-0.059,-0.044,0.015,0.054,-0.039,-0.015,-0.039,-0.078,-0.083,-0.083,-0.078,-0.059
4.318,-0.044,-0.039,0.005,0.044,-0.024,-0.02,-0.034,-0.068,-0.073,-0.078,-0.068,-0.054
4.32,-0.034,-0.054,-0.02,0.044,-0.01,-0.039,-0.039,-0.063,-0.073,-0.078,-0.068,-0.054
4.322,-0.015,-0.054,-0.039,0.034,0.01,-0.049,-0.02,-0.049,-0.059,-0.073,-0.059,-0.054
4.324,-0.015,-0.054,-0.039,0.034,0.01,-0.049,-0.01,-0.044,-0.054,-0.083,-0.059,-0.054
4.326,-0.029,-0.063,-0.034,0.049,0.0,-0.049,-0.024,-0.059,-0.063,-0.088,-0.068,-0.059
4.328,-0.034,-0.049,-0.015,0.044,-0.01,-0.034,-0.02,-0.063,-0.063,-0.088,-0.063,-0.054
4.33,-0.039,-0.044,-0.005,0.044,-0.02,-0.024,-0.024,-0.073,-0.073,-0.083,-0.078,-0.059
4.332,-0.063,-0.049,0.015,0.059,-0.039,-0.02,-0.044,-0.093,-0.093,-0.093,-0.093,-0.068
4.334,-0.073,-0.049,0.024,0.063,-0.049,-0.015,-0.044,-0.093,-0.098,-0.098,-0.098,-0.073
4.336,-0.059,-0.054,0.005,0.059,-0.034,-0.024,-0.034,-0.088,-0.098,-0.093,-0.102,-0.068
4.338,-0.054,-0.054,0.0,0.054,-0.029,-0.029,-0.034,-0.088,-0.093,-0.088,-0.088,-0.063
4.34,-0.044,-0.049,-0.005,0.049,-0.02,-0.029,-0.024,-0.073,-0.073,-0.083,-0.078,-0.059
4.342,-0.024,-0.044,-0.02,0.034,-0.005,-0.034,-0.005,-0.054,-0.049,-0.063,-0.059,-0.049
4.344,-0.034,-0.049,-0.015,0.044,-0.01,-0.034,0.005,-0.044,-0.039,-0.054,-0.044,-0.044
4.346,-0.029,-0.059,-0.029,0.044,0.0,-0.044,-0.01,-0.063,-0.059,-0.068,-0.054,-0.049
4.348,-0.034,-0.054,-0.02,0.044,-0.01,-0.039,-0.02,-0.073,-0.063,-0.073,-0.063,-0.054
4.35,-0.059,-0.063,-0.005,0.063,-0.029,-0.034,-0.029,-0.078,-0.068,-0.073,-0.068,-0.054
4.352,-0.059,-0.059,0.0,0.059,-0.029,-0.029,-0.044,-0.093,-0.083,-0.083,-0.073,-0.054
4.354,-0.063,-0.054,0.01,0.059,-0.039,-0.024,-0.049,-0.102,-0.093,-0.078,-0.083,-0.049
4.356,-0.059,-0.049,0.01,0.054,-0.034,-0.02,-0.054,-0.107,-0.098,-0.088,-0.088,-0.049
4.358,-0.063,-0.054,0.01,0.059,-0.039,-0.024,-0.039,-0.098,-0.093,-0.083,-0.083,-0.054
4.36,-0.063,-0.063,0.0,0.063,-0.034,-0.034,-0.024,-0.083,-0.078,-0.073,-0.073,-0.059
4.362,-0.039,-0.059,-0.02,0.049,-0.01,-0.039,-0.015,-0.073,-0.063,-0.068,-0.073,-0.063
4.364,-0.015,-0.049,-0.034,0.034,0.01,-0.044,-0.005,-0.063,-0.049,-0.068,-0.063,-0.063
4.366,-0.02,-0.049,-0.029,0.034,0.005,-0.039,-0.01,-0.068,-0.059,-0.068,-0.063,-0.068
4.368,-0.02,-0.054,-0.034,0.039,0.005,-0.044,-0.024,-0.093,-0.068,-0.093,-0.093,-0.078
4.37,-0.02,-0.049,-0.029,0.034,0.005,-0.039,-0.024,-0.098,-0.078,-0.098,-0.093,-0.073
4.372,-0.044,-0.054,-0.01,0.049,-0.02,-0.034,-0.034,-0.112,-0.093,-0.098,-0.107,-0.073
4.374,-0.054,-0.059,-0.005,0.059,-0.024,-0.034,-0.039,-0.117,-0.102,-0.107,-0.117,-0.073
4.376,-0.049,-0.063,-0.015,0.059,-0.02,-0.039,-0.039,-0.117,-0.098,-0.098,-0.117,-0.073
4.378,-0.063,-0.059,0.005,0.063,-0.034,-0.029,-0.034,-0.102,-0.088,-0.088,-0.112,-0.078
4.38,-0.054,-0.049,0.005,0.054,-0.029,-0.024,-0.015,-0.083,-0.063,-0.068,-0.088,-0.063
4.382,-0.039,-0.039,0.0,0.039,-0.02,-0.02,0.0,-0.068,-0.044,-0.049,-0.068,-0.059
4.384,-0.015,-0.02,-0.005,0.02,-0.005,-0.015,0.015,-0.049,-0.024,-0.034,-0.044,-0.039
4.386,-0.024,-0.01,0.015,0.02,-0.02,0.0,0.01,-0.054,-0.02,-0.034,-0.034,-0.029
4.388,-0.024,-0.015,0.01,0.02,-0.02,-0.005,0.0,-0.068,-0.034,-0.044,-0.039,-0.034
4.39,-0.015,-0.005,0.01,0.01,-0.015,0.0,-0.005,-0.073,-0.039,-0.044,-0.044,-0.034
4.392,-0.024,0.005,0.029,0.01,-0.029,0.015,-0.015,-0.093,-0.049,-0.049,-0.049,-0.029
4.394,-0.044,-0.005,0.039,0.024,-0.044,0.015,-0.024,-0.102,-0.059,-0.059,-0.059,-0.024
4.396,-0.059,-0.005,0.054,0.034,-0.059,0.024,-0.02,-0.093,-0.054,-0.054,-0.049,-0.029
4.398,-0.044,-0.01,0.034,0.029,-0.039,0.01,-0.01,-0.088,-0.044,-0.049,-0.054,-0.034
4.4,-0.034,-0.01,0.024,0.024,-0.029,0.005,-0.015,-0.083,-0.039,-0.034,-0.044,-0.034
4.402,-0.029,0.005,0.034,0.015,-0.034,0.02,0.01,-0.063,-0.02,-0.015,-0.029,-0.02
4.404,-0.01,0.02,0.029,-0.005,-0.02,0.024,0.024,-0.049,-0.005,-0.01,-0.024,-0.02
4.406,-0.015,0.024,0.039,-0.005,-0.029,0.029,0.024,-0.049,-0.01,-0.015,-0.029,-0.024
4.408,-0.034,0.015,0.049,0.01,-0.044,0.029,0.029,-0.049,-0.005,-0.02,-0.039,-0.02
4.41,-0.029,0.01,0.039,0.01,-0.034,0.024,0.015,-0.063,-0.02,-0.034,-0.049,-0.034
4.412,-0.034,0.024,0.059,0.005,-0.049,0.039,0.0,-0.073,-0.034,-0.039,-0.054,-0.029
4.414,-0.044,0.029,0.073,0.01,-0.059,0.049,-0.02,-0.088,-0.034,-0.034,-0.049,-0.024
4.416,-0.039,0.029,0.068,0.005,-0.054,0.049,-0.024,-0.083,-0.029,-0.02,-0.039,-0.02
4.418,-0.024,0.029,0.054,0.0,-0.039,0.039,-0.024,-0.083,-0.029,-0.02,-0.029,-0.02
4.42,-0.02,0.024,0.044,0.0,-0.034,0.034,-0.059,-0.093,-0.039,-0.029,-0.034,-0.02
4.422,-0.015,0.029,0.044,-0.005,-0.029,0.034,-0.059,-0.088,-0.024,-0.015,-0.024,-0.015
4.424,-0.005,0.034,0.039,-0.015,-0.024,0.034,-0.063,-0.088,-0.015,-0.02,-0.024,-0.01
4.426,0.0,0.029,0.029,-0.015,-0.015,0.029,-0.083,-0.102,-0.034,-0.034,-0.039,-0.015
4.428,-0.02,0.015,0.034,0.005,-0.029,0.024,-0.093,-0.117,-0.049,-0.039,-0.039,-0.015
4.43,-0.005,0.029,0.034,-0.01,-0.02,0.029,-0.083,-0.107,-0.039,-0.034,-0.029,0.0
4.432,-0.015,0.049,0.063,-0.015,-0.039,0.054,-0.068,-0.098,-0.029,-0.015,-0.02,0.01
4.434,-0.034,0.034,0.068,0.0,-0.054,0.049,-0.049,-0.083,-0.02,0.0,0.0,0.02
4.436,-0.015,0.034,0.049,-0.01,-0.034,0.039,-0.059,-0.093,-0.029,-0.01,-0.015,0.01
4.438,-0.005,0.034,0.039,-0.015,-0.024,0.034,-0.049,-0.098,-0.034,-0.01,-0.01,0.01
4.44,0.005,0.034,0.029,-0.02,-0.015,0.029,-0.044,-0.093,-0.029,-0.024,-0.015,0.005
4.442,0.01,0.024,0.015,-0.015,-0.005,0.02,-0.044,-0.093,-0.034,-0.034,-0.024,-0.005
4.444,0.034,0.024,-0.01,-0.029,0.02,0.005,-0.039,-0.093,-0.029,-0.029,-0.029,-0.005
4.446,0.024,0.005,-0.02,-0.015,0.02,-0.01,-0.044,-0.102,-0.039,-0.039,-0.039,-0.02
4.448,0.0,-0.005,-0.005,0.005,0.0,-0.005,-0.049,-0.117,-0.049,-0.044,-0.049,-0.024
4.45,-0.02,-0.015,0.005,0.02,-0.015,-0.005,-0.054,-0.132,-0.063,-0.049,-0.059,-0.034
4.452,-0.034,-0.029,0.005,0.034,-0.02,-0.015,-0.063,-0.146,-0.083,-0.068,-0.068,-0.044
4.454,-0.034,-0.044,-0.01,0.039,-0.015,-0.029,-0.073,-0.161,-0.093,-0.078,-0.083,-0.054
4.456,-0.034,-0.049,-0.015,0.044,-0.01,-0.034,-0.073,-0.156,-0.098,-0.083,-0.088,-0.059
4.458,-0.039,-0.049,-0.01,0.044,-0.015,-0.029,-0.039,-0.137,-0.078,-0.073,-0.083,-0.049
4.46,-0.034,-0.034,0.0,0.034,-0.02,-0.02,-0.024,-0.122,-0.068,-0.068,-0.078,-0.054
4.462,-0.024,-0.044,-0.02,0.034,-0.005,-0.034,-0.02,-0.117,-0.063,-0.073,-0.083,-0.068
4.464,-0.01,-0.044,-0.034,0.029,0.01,-0.039,-0.015,-0.112,-0.054,-0.078,-0.093,-0.078
4.466,-0.029,-0.049,-0.02,0.039,-0.005,-0.034,-0.024,-0.122,-0.063,-0.078,-0.107,-0.083
4.468,-0.044,-0.063,-0.02,0.054,-0.015,-0.044,-0.039,-0.137,-0.083,-0.088,-0.107,-0.093
4.47,-0.039,-0.059,-0.02,0.049,-0.01,-0.039,-0.039,-0.142,-0.093,-0.088,-0.102,-0.078
4.472,-0.063,-0.063,0.0,0.063,-0.034,-0.034,-0.044,-0.156,-0.098,-0.088,-0.098,-0.068
4.474,-0.078,-0.083,-0.005,0.083,-0.039,-0.044,-0.063,-0.171,-0.112,-0.098,-0.112,-0.068
4.476,-0.073,-0.088,-0.015,0.083,-0.029,-0.054,-0.054,-0.156,-0.098,-0.088,-0.102,-0.068
4.478,-0.068,-0.083,-0.015,0.078,-0.029,-0.049,-0.044,-0.146,-0.098,-0.083,-0.098,-0.073
4.48,-0.054,-0.088,-0.034,0.073,-0.01,-0.063,-0.029,-0.132,-0.083,-0.078,-0.098,-0.078
4.482,-0.02,-0.083,-0.063,0.054,0.02,-0.073,-0.024,-0.127,-0.068,-0.078,-0.102,-0.093
4.484,-0.015,-0.093,-0.078,0.054,0.029,-0.088,-0.01,-0.117,-0.059,-0.073,-0.093,-0.088
4.486,-0.024,-0.088,-0.063,0.059,0.02,-0.078,-0.02,-0.127,-0.063,-0.073,-0.098,-0.098
4.488,-0.044,-0.083,-0.039,0.063,-0.005,-0.063,-0.034,-0.142,-0.073,-0.078,-0.102,-0.093
4.49,-0.049,-0.083,-0.034,0.068,-0.01,-0.059,-0.049,-0.161,-0.093,-0.083,-0.102,-0.088
4.492,-0.059,-0.068,-0.01,0.063,-0.024,-0.039,-0.063,-0.176,-0.112,-0.098,-0.107,-0.083
4.494,-0.078,-0.083,-0.005,0.083,-0.039,-0.044,-0.073,-0.185,-0.122,-0.102,-0.122,-0.083
4.496,-0.073,-0.078,-0.005,0.078,-0.034,-0.044,-0.063,-0.171,-0.107,-0.093,-0.112,-0.073
4.498,-0.054,-0.078,-0.024,0.068,-0.015,-0.054,-0.054,-0.156,-0.093,-0.088,-0.107,-0.068
4.5,-0.054,-0.083,-0.029,0.068,-0.015,-0.059,-0.034,-0.137,-0.068,-0.073,-0.098,-0.068
4.502,-0.029,-0.078,-0.049,0.054,0.01,-0.063,-0.015,-0.117,-0.049,-0.059,-0.073,-0.059
4.504,-0.015,-0.078,-0.063,0.049,0.024,-0.073,-0.01,-0.112,-0.034,-0.054,-0.068,-0.068
4.506,-0.015,-0.078,-0.063,0.049,0.024,-0.073,-0.015,-0.122,-0.044,-0.059,-0.073,-0.073
4.508,-0.02,-0.068,-0.049,0.044,0.015,-0.059,-0.029,-0.132,-0.054,-0.063,-0.073,-0.068
4.51,-0.034,-0.063,-0.029,0.049,-0.005,-0.049,-0.039,-0.142,-0.073,-0.078,-0.093,-0.083
4.512,-0.054,-0.073,-0.02,0.063,-0.02,-0.049,-0.044,-0.151,-0.083,-0.083,-0.098,-0.088
4.514,-0.063,-0.083,-0.02,0.073,-0.024,-0.054,-0.054,-0.151,-0.083,-0.083,-0.098,-0.078
4.516,-0.044,-0.088,-0.044,0.068,0.0,-0.068,-0.054,-0.151,-0.088,-0.078,-0.112,-0.083
4.518,-0.044,-0.088,-0.044,0.068,0.0,-0.068,-0.029,-0.132,-0.068,-0.063,-0.093,-0.078
4.52,-0.059,-0.083,-0.024,0.073,-0.02,-0.054,-0.029,-0.127,-0.054,-0.049,-0.088,-0.073
4.522,-0.029,-0.078,-0.049,0.054,0.01,-0.063,-0.01,-0.107,-0.029,-0.034,-0.073,-0.068
4.524,0.01,-0.049,-0.059,0.02,0.034,-0.054,0.02,-0.068,0.01,-0.02,-0.068,-0.068
4.526,-0.01,-0.054,-0.044,0.034,0.015,-0.049,0.049,-0.015,0.054,0.005,-0.068,-0.088
4.528,-0.005,-0.029,-0.024,0.02,0.01,-0.029,0.107,0.088,0.146,0.054,-0.063,-0.088
4.53,-0.01,-0.005,0.005,0.01,-0.01,0.0,0.137,0.146,0.21,0.107,-0.034,-0.078
4.532,-0.015,0.024,0.039,-0.005,-0.029,0.029,0.137,0.185,0.268,0.195,0.034,-0.034
4.534,0.01,0.059,0.049,-0.034,-0.02,0.054,0.132,0.22,0.346,0.303,0.107,0.024
4.536,0.054,0.078,0.024,-0.063,0.015,0.049,0.146,0.303,0.468,0.439,0.2,0.083
4.538,0.098,0.132,0.034,-0.112,0.029,0.083,0.156,0.386,0.62,0.634,0.361,0.181
4.54,0.161,0.176,0.015,-0.166,0.073,0.093,0.156,0.444,0.776,0.864,0.556,0.303
4.542,0.224,0.195,-0.029,-0.21,0.127,0.083,0.19,0.542,0.976,1.127,0.761,0.429
4.544,0.283,0.229,-0.054,-0.254,0.166,0.088,0.234,0.63,1.161,1.371,0.947,0.542
4.546,0.332,0.264,-0.068,-0.298,0.2,0.098,0.215,0.654,1.269,1.552,1.108,0.659
4.548,0.405,0.322,-0.083,-0.361,0.244,0.117,0.132,0.625,1.332,1.688,1.254,0.776
4.55,0.468,0.39,-0.078,-0.429,0.273,0.156,0.039,0.556,1.327,1.728,1.347,0.864
4.552,0.493,0.439,-0.054,-0.464,0.273,0.19,-0.107,0.386,1.2,1.63,1.337,0.917
4.554,0.488,0.483,-0.005,-0.483,0.244,0.239,-0.239,0.195,0.991,1.435,1.264,0.927
4.556,0.459,0.478,0.02,-0.468,0.22,0.249,-0.337,-0.02,0.698,1.137,1.118,0.888
4.558,0.371,0.459,0.088,-0.415,0.142,0.273,-0.444,-0.395,0.142,0.581,0.815,0.766
4.56,0.234,0.454,0.22,-0.342,0.005,0.337,-0.537,-0.903,-0.62,-0.176,0.405,0.595
4.562,0.117,0.415,0.298,-0.264,-0.093,0.356,-0.6,-1.283,-1.196,-0.727,0.093,0.444
4.564,0.02,0.356,0.337,-0.185,-0.161,0.346,-0.63,-1.493,-1.523,-1.069,-0.181,0.273
4.566,-0.059,0.298,0.356,-0.117,-0.21,0.327,-0.683,-1.586,-1.64,-1.24,-0.415,0.088
4.568,-0.098,0.205,0.303,-0.054,-0.2,0.254,-0.732,-1.581,-1.62,-1.254,-0.522,-0.024
4.57,-0.127,0.122,0.249,0.005,-0.19,0.185,-0.752,-1.523,-1.542,-1.205,-0.566,-0.107
4.572,-0.205,0.098,0.303,0.054,-0.254,0.2,-0.771,-1.488,-1.459,-1.142,-0.571,-0.151
4.574,-0.249,0.083,0.332,0.083,-0.293,0.205,-0.83,-1.484,-1.43,-1.098,-0.561,-0.156
4.576,-0.229,0.083,0.312,0.073,-0.273,0.195,-0.849,-1.44,-1.362,-1.035,-0.537,-0.151
4.578,-0.2,0.068,0.268,0.068,-0.234,0.166,-0.805,-1.322,-1.249,-0.961,-0.512,-0.156
4.58,-0.185,0.029,0.215,0.078,-0.2,0.122,-0.732,-1.186,-1.108,-0.883,-0.483,-0.161
4.582,-0.171,0.015,0.185,0.078,-0.181,0.098,-0.654,-1.03,-0.961,-0.776,-0.439,-0.156
4.584,-0.146,-0.01,0.137,0.078,-0.142,0.063,-0.571,-0.883,-0.815,-0.669,-0.39,-0.161
4.586,-0.112,-0.024,0.088,0.068,-0.102,0.029,-0.473,-0.727,-0.664,-0.556,-0.342,-0.151
4.588,-0.083,-0.044,0.039,0.063,-0.063,-0.005,-0.395,-0.595,-0.537,-0.449,-0.293,-0.142
4.59,-0.068,-0.054,0.015,0.063,-0.044,-0.02,-0.317,-0.478,-0.42,-0.351,-0.239,-0.127
4.592,-0.049,-0.054,-0.005,0.054,-0.024,-0.029,-0.244,-0.376,-0.317,-0.278,-0.19,-0.093
4.594,-0.068,-0.049,0.02,0.059,-0.044,-0.015,-0.181,-0.317,-0.264,-0.229,-0.161,-0.068
4.596,-0.068,-0.044,0.024,0.059,-0.049,-0.01,-0.137,-0.268,-0.22,-0.195,-0.146,-0.063
4.598,-0.054,-0.034,0.02,0.044,-0.039,-0.01,-0.098,-0.215,-0.176,-0.171,-0.132,-0.063
4.6,-0.054,-0.034,0.02,0.044,-0.039,-0.01,-0.063,-0.181,-0.142,-0.142,-0.127,-0.073
4.602,-0.034,-0.034,0.0,0.034,-0.02,-0.02,-0.029,-0.137,-0.098,-0.117,-0.117,-0.078
4.604,-0.02,-0.039,-0.02,0.029,0.0,-0.029,0.005,-0.088,-0.049,-0.088,-0.107,-0.068
4.606,-0.024,-0.049,-0.024,0.039,0.0,-0.039,0.015,-0.078,-0.039,-0.078,-0.102,-0.083
4.608,-0.024,-0.054,-0.029,0.039,0.0,-0.044,0.01,-0.073,-0.034,-0.073,-0.102,-0.078
4.61,-0.044,-0.068,-0.024,0.059,-0.01,-0.049,0.02,-0.073,-0.029,-0.068,-0.102,-0.078
4.612,-0.063,-0.073,-0.01,0.068,-0.029,-0.044,0.015,-0.073,-0.034,-0.063,-0.102,-0.078
4.614,-0.063,-0.068,-0.005,0.068,-0.029,-0.039,0.005,-0.083,-0.039,-0.073,-0.107,-0.078
4.616,-0.054,-0.073,-0.02,0.063,-0.02,-0.049,0.005,-0.068,-0.034,-0.063,-0.107,-0.078
4.618,-0.039,-0.063,-0.024,0.054,-0.01,-0.044,0.02,-0.049,-0.015,-0.059,-0.107,-0.078
4.62,-0.024,-0.059,-0.034,0.044,0.005,-0.049,0.034,-0.024,0.005,-0.044,-0.098,-0.073
4.622,-0.015,-0.063,-0.049,0.039,0.015,-0.059,0.059,0.0,0.029,-0.024,-0.093,-0.073
4.624,-0.024,-0.059,-0.034,0.044,0.005,-0.049,0.083,0.02,0.054,-0.005,-0.063,-0.054
4.626,-0.02,-0.059,-0.039,0.039,0.01,-0.049,0.068,0.01,0.044,-0.02,-0.063,-0.063
4.628,-0.01,-0.059,-0.049,0.034,0.02,-0.054,0.059,-0.005,0.034,-0.02,-0.068,-0.063
4.63,-0.029,-0.059,-0.029,0.044,0.0,-0.044,0.059,-0.01,0.029,-0.024,-0.063,-0.059
4.632,-0.049,-0.063,-0.015,0.059,-0.02,-0.039,0.044,-0.02,0.02,-0.039,-0.078,-0.063
4.634,-0.049,-0.063,-0.015,0.059,-0.02,-0.039,0.034,-0.029,0.005,-0.039,-0.083,-0.073
4.636,-0.044,-0.063,-0.02,0.054,-0.015,-0.044,0.049,-0.015,0.015,-0.034,-0.078,-0.073
4.638,-0.034,-0.063,-0.029,0.049,-0.005,-0.049,0.063,0.01,0.034,-0.02,-0.073,-0.063
4.64,-0.01,-0.059,-0.049,0.034,0.02,-0.054,0.078,0.024,0.049,-0.005,-0.059,-0.059
4.642,0.01,-0.054,-0.063,0.024,0.034,-0.059,0.083,0.044,0.063,0.0,-0.054,-0.054
4.644,0.024,-0.063,-0.088,0.02,0.054,-0.078,0.098,0.049,0.078,0.01,-0.054,-0.044
4.646,0.02,-0.054,-0.073,0.02,0.044,-0.063,0.098,0.049,0.078,0.005,-0.049,-0.049
4.648,-0.02,-0.068,-0.049,0.044,0.015,-0.059,0.088,0.039,0.073,0.0,-0.054,-0.054
4.65,-0.02,-0.063,-0.044,0.044,0.01,-0.054,0.078,0.024,0.059,-0.005,-0.068,-0.059
4.652,-0.01,-0.054,-0.044,0.034,0.015,-0.049,0.063,0.02,0.049,-0.01,-0.073,-0.059
4.654,-0.029,-0.063,-0.034,0.049,0.0,-0.049,0.063,0.02,0.049,-0.005,-0.073,-0.059
4.656,-0.029,-0.059,-0.029,0.044,0.0,-0.044,0.073,0.034,0.068,0.02,-0.063,-0.044
4.658,-0.024,-0.063,-0.039,0.044,0.005,-0.054,0.078,0.044,0.073,0.02,-0.049,-0.044
4.66,0.0,-0.068,-0.068,0.034,0.034,-0.068,0.078,0.044,0.068,0.02,-0.054,-0.044
4.662,0.02,-0.054,-0.073,0.02,0.044,-0.063,0.093,0.054,0.083,0.024,-0.039,-0.039
4.664,0.029,-0.059,-0.088,0.015,0.059,-0.073,0.102,0.068,0.088,0.024,-0.034,-0.034
4.666,0.029,-0.044,-0.073,0.01,0.049,-0.059,0.112,0.078,0.098,0.029,-0.039,-0.034
4.668,0.0,-0.054,-0.054,0.029,0.024,-0.054,0.102,0.078,0.098,0.024,-0.049,-0.044
4.67,-0.005,-0.049,-0.044,0.029,0.02,-0.049,0.093,0.073,0.088,0.024,-0.054,-0.054
4.672,0.0,-0.049,-0.049,0.024,0.024,-0.049,0.083,0.063,0.083,0.02,-0.063,-0.054
4.674,-0.01,-0.063,-0.054,0.039,0.02,-0.059,0.063,0.044,0.068,0.02,-0.068,-0.059
4.676,-0.005,-0.059,-0.054,0.034,0.024,-0.059,0.059,0.044,0.063,0.01,-0.073,-0.059
4.678,-0.005,-0.054,-0.049,0.029,0.02,-0.054,0.083,0.068,0.083,0.024,-0.059,-0.049
4.68,0.0,-0.059,-0.059,0.029,0.029,-0.059,0.098,0.078,0.093,0.034,-0.044,-0.039
4.682,0.015,-0.054,-0.068,0.02,0.039,-0.063,0.102,0.098,0.117,0.039,-0.049,-0.039
4.684,0.01,-0.049,-0.059,0.02,0.034,-0.054,0.122,0.117,0.137,0.059,-0.034,-0.029
4.686,0.02,-0.044,-0.063,0.015,0.039,-0.054,0.127,0.122,0.142,0.059,-0.029,-0.024
4.688,0.02,-0.039,-0.059,0.01,0.039,-0.049,0.127,0.132,0.161,0.073,-0.02,-0.02
4.69,0.005,-0.044,-0.049,0.02,0.024,-0.049,0.122,0.117,0.151,0.068,-0.029,-0.029
4.692,0.01,-0.034,-0.044,0.015,0.024,-0.039,0.117,0.117,0.142,0.059,-0.029,-0.024
4.694,-0.01,-0.044,-0.034,0.029,0.01,-0.039,0.098,0.102,0.132,0.054,-0.039,-0.024
4.696,-0.015,-0.054,-0.039,0.034,0.01,-0.049,0.107,0.112,0.137,0.063,-0.039,-0.034
4.698,-0.005,-0.044,-0.039,0.024,0.015,-0.044,0.122,0.137,0.146,0.068,-0.039,-0.029
4.7,0.005,-0.054,-0.059,0.024,0.029,-0.059,0.132,0.151,0.161,0.073,-0.034,-0.034
4.702,0.0,-0.059,-0.059,0.029,0.029,-0.059,0.161,0.185,0.19,0.098,-0.015,-0.029
4.704,0.02,-0.054,-0.073,0.02,0.044,-0.063,0.166,0.195,0.205,0.102,-0.01,-0.024
4.706,0.02,-0.059,-0.078,0.02,0.049,-0.068,0.161,0.195,0.215,0.102,-0.01,-0.029
4.708,0.02,-0.054,-0.073,0.02,0.044,-0.063,0.161,0.19,0.21,0.107,-0.005,-0.02
4.71,0.034,-0.049,-0.083,0.01,0.059,-0.068,0.161,0.195,0.215,0.107,0.005,-0.015
4.712,0.005,-0.044,-0.049,0.02,0.024,-0.049,0.146,0.185,0.2,0.098,-0.005,-0.01
4.714,0.005,-0.039,-0.044,0.02,0.024,-0.044,0.146,0.19,0.2,0.102,0.0,-0.005
4.716,0.02,-0.029,-0.049,0.005,0.034,-0.039,0.151,0.21,0.229,0.107,0.0,0.0
4.718,0.015,-0.029,-0.044,0.01,0.029,-0.039,0.176,0.239,0.254,0.132,0.02,0.005
4.72,0.024,-0.029,-0.054,0.005,0.039,-0.044,0.195,0.273,0.278,0.146,0.029,0.01
4.722,0.034,-0.024,-0.059,-0.005,0.044,-0.044,0.2,0.293,0.303,0.161,0.034,0.01
4.724,0.044,-0.02,-0.063,-0.01,0.054,-0.044,0.215,0.307,0.317,0.181,0.049,0.01
4.726,0.054,-0.01,-0.063,-0.02,0.059,-0.039,0.22,0.312,0.322,0.181,0.054,0.02
4.728,0.054,0.0,-0.054,-0.024,0.054,-0.029,0.215,0.312,0.322,0.195,0.059,0.024
4.73,0.044,0.005,-0.039,-0.024,0.039,-0.02,0.22,0.322,0.332,0.205,0.068,0.029
4.732,0.005,0.0,-0.005,0.0,0.005,-0.005,0.224,0.327,0.337,0.205,0.068,0.039
4.734,0.029,0.005,-0.024,-0.015,0.024,-0.01,0.205,0.322,0.327,0.19,0.054,0.024
4.736,0.044,0.01,-0.034,-0.024,0.039,-0.015,0.22,0.351,0.351,0.21,0.063,0.034
4.738,0.054,0.02,-0.034,-0.034,0.044,-0.01,0.234,0.39,0.381,0.234,0.073,0.039
4.74,0.059,0.015,-0.044,-0.034,0.049,-0.015,0.249,0.405,0.405,0.264,0.098,0.044
4.742,0.063,0.02,-0.044,-0.039,0.054,-0.015,0.254,0.439,0.439,0.283,0.117,0.059
4.744,0.078,0.02,-0.059,-0.049,0.068,-0.02,0.273,0.454,0.464,0.293,0.117,0.059
4.746,0.088,0.044,-0.044,-0.063,0.063,0.0,0.268,0.464,0.468,0.293,0.122,0.059
4.748,0.078,0.044,-0.034,-0.059,0.054,0.005,0.259,0.464,0.473,0.298,0.127,0.063
4.75,0.073,0.044,-0.029,-0.059,0.049,0.005,0.259,0.468,0.473,0.317,0.127,0.078
4.752,0.083,0.059,-0.024,-0.068,0.054,0.015,0.259,0.468,0.468,0.322,0.132,0.078
4.754,0.063,0.063,0.0,-0.063,0.029,0.029,0.249,0.473,0.483,0.342,0.146,0.098
4.756,0.063,0.073,0.01,-0.068,0.024,0.039,0.264,0.503,0.517,0.376,0.176,0.117
4.758,0.098,0.083,-0.015,-0.088,0.054,0.034,0.268,0.527,0.542,0.386,0.19,0.132
4.76,0.117,0.088,-0.029,-0.102,0.073,0.029,0.273,0.542,0.566,0.41,0.21,0.151
4.762,0.127,0.098,-0.029,-0.112,0.078,0.034,0.293,0.571,0.595,0.449,0.244,0.166
4.764,0.132,0.093,-0.039,-0.112,0.083,0.024,0.298,0.581,0.62,0.459,0.254,0.166
4.766,0.132,0.093,-0.039,-0.112,0.083,0.024,0.293,0.59,0.625,0.464,0.254,0.166
4.768,0.137,0.102,-0.034,-0.117,0.083,0.034,0.288,0.59,0.63,0.468,0.259,0.171
4.77,0.117,0.107,-0.01,-0.112,0.063,0.049,0.273,0.586,0.63,0.483,0.268,0.176
4.772,0.112,0.122,0.01,-0.117,0.049,0.063,0.254,0.581,0.634,0.493,0.273,0.181
4.774,0.098,0.132,0.034,-0.112,0.029,0.083,0.239,0.576,0.63,0.503,0.288,0.19
4.776,0.112,0.127,0.015,-0.117,0.049,0.068,0.244,0.581,0.639,0.512,0.298,0.195
4.778,0.161,0.151,-0.01,-0.156,0.083,0.068,0.249,0.586,0.654,0.522,0.312,0.205
4.78,0.161,0.156,-0.005,-0.156,0.083,0.073,0.268,0.6,0.669,0.542,0.337,0.224
4.782,0.166,0.161,-0.005,-0.161,0.083,0.078,0.268,0.615,0.693,0.566,0.351,0.239
4.784,0.195,0.171,-0.024,-0.181,0.107,0.073,0.273,0.625,0.703,0.571,0.371,0.244
4.786,0.181,0.171,-0.01,-0.176,0.093,0.078,0.268,0.615,0.703,0.576,0.376,0.254
4.788,0.176,0.171,-0.005,-0.171,0.088,0.083,0.249,0.61,0.703,0.581,0.386,0.264
4.79,0.171,0.171,0.0,-0.171,0.083,0.083,0.229,0.576,0.678,0.586,0.39,0.268
4.792,0.161,0.171,0.01,-0.166,0.073,0.088,0.2,0.551,0.649,0.566,0.376,0.268
4.794,0.156,0.176,0.02,-0.166,0.068,0.098,0.176,0.522,0.634,0.561,0.376,0.268
4.796,0.156,0.171,0.015,-0.161,0.068,0.093,0.171,0.503,0.62,0.556,0.376,0.268
4.798,0.166,0.19,0.024,-0.176,0.068,0.107,0.166,0.498,0.615,0.556,0.381,0.268
4.8,0.171,0.195,0.024,-0.181,0.073,0.107,0.171,0.493,0.62,0.566,0.39,0.273
4.802,0.166,0.185,0.02,-0.176,0.073,0.102,0.171,0.493,0.625,0.571,0.405,0.283
4.804,0.185,0.215,0.029,-0.2,0.078,0.122,0.176,0.488,0.625,0.571,0.405,0.283
4.806,0.181,0.215,0.034,-0.195,0.073,0.122,0.161,0.454,0.6,0.561,0.405,0.283
4.808,0.161,0.2,0.039,-0.181,0.059,0.117,0.132,0.405,0.556,0.527,0.386,0.273
4.81,0.156,0.181,0.024,-0.166,0.063,0.102,0.112,0.361,0.512,0.498,0.366,0.259
4.812,0.132,0.161,0.029,-0.146,0.049,0.093,0.083,0.312,0.464,0.459,0.342,0.249
4.814,0.127,0.156,0.029,-0.142,0.049,0.093,0.068,0.273,0.42,0.429,0.312,0.239
4.816,0.107,0.142,0.034,-0.122,0.034,0.088,0.073,0.264,0.4,0.41,0.312,0.229
4.818,0.088,0.122,0.034,-0.102,0.024,0.078,0.063,0.249,0.381,0.4,0.298,0.215
4.82,0.098,0.107,0.01,-0.102,0.044,0.059,0.059,0.224,0.346,0.366,0.278,0.2
4.822,0.102,0.107,0.005,-0.102,0.049,0.054,0.068,0.215,0.342,0.356,0.268,0.195
4.824,0.107,0.102,-0.005,-0.102,0.054,0.049,0.073,0.2,0.322,0.332,0.259,0.176
4.826,0.093,0.102,0.01,-0.098,0.039,0.054,0.073,0.176,0.293,0.293,0.239,0.161
4.828,0.068,0.093,0.024,-0.078,0.02,0.059,0.054,0.132,0.244,0.254,0.205,0.137
4.83,0.054,0.078,0.024,-0.063,0.015,0.049,0.044,0.098,0.21,0.224,0.181,0.117
4.832,0.029,0.063,0.034,-0.044,-0.005,0.049,0.024,0.063,0.166,0.181,0.142,0.098
4.834,0.0,0.049,0.049,-0.024,-0.024,0.049,0.01,0.029,0.122,0.146,0.112,0.068
4.836,0.01,0.044,0.034,-0.024,-0.015,0.039,0.015,0.029,0.112,0.132,0.098,0.063
4.838,0.024,0.02,-0.005,-0.02,0.015,0.005,0.024,0.02,0.098,0.117,0.083,0.049
4.84,0.005,0.015,0.01,-0.01,-0.005,0.01,0.034,0.02,0.098,0.112,0.073,0.044
4.842,-0.02,-0.005,0.015,0.015,-0.02,0.005,0.054,0.024,0.098,0.107,0.078,0.039
4.844,-0.01,-0.015,-0.005,0.015,-0.005,-0.01,0.049,0.01,0.078,0.078,0.068,0.029
4.846,0.015,-0.005,-0.02,-0.005,0.015,-0.015,0.049,0.0,0.068,0.063,0.059,0.024
4.848,0.01,0.005,-0.005,-0.005,0.005,0.0,0.044,-0.02,0.044,0.039,0.044,0.02
4.85,-0.005,0.0,0.005,0.005,-0.005,0.0,0.039,-0.039,0.015,0.024,0.029,0.015
4.852,-0.015,-0.005,0.01,0.01,-0.015,0.0,0.024,-0.054,-0.01,0.0,0.015,0.01
4.854,-0.029,-0.015,0.015,0.024,-0.024,0.0,0.02,-0.068,-0.029,-0.02,0.0,0.005
4.856,-0.034,-0.02,0.015,0.029,-0.024,-0.005,0.024,-0.068,-0.029,-0.015,0.0,0.005
4.858,-0.034,-0.02,0.015,0.029,-0.024,-0.005,0.034,-0.054,-0.02,-0.01,0.005,0.0
4.86,-0.049,-0.029,0.02,0.039,-0.034,-0.005,0.029,-0.063,-0.029,-0.02,-0.005,-0.005
4.862,-0.02,-0.024,-0.005,0.024,-0.01,-0.015,0.039,-0.054,-0.024,-0.02,0.0,-0.005
4.864,0.005,-0.015,-0.02,0.005,0.01,-0.02,0.049,-0.049,-0.01,-0.015,-0.005,-0.005
4.866,-0.01,-0.029,-0.02,0.02,0.005,-0.024,0.049,-0.059,-0.024,-0.029,-0.015,-0.015
4.868,-0.024,-0.039,-0.015,0.034,-0.005,-0.029,0.034,-0.073,-0.044,-0.044,-0.024,-0.034
4.87,-0.034,-0.039,-0.005,0.039,-0.015,-0.024,0.029,-0.083,-0.044,-0.049,-0.029,-0.039
4.872,-0.068,-0.039,0.029,0.054,-0.049,-0.005,0.024,-0.093,-0.059,-0.054,-0.034,-0.034
4.874,-0.078,-0.044,0.034,0.063,-0.059,-0.005,0.024,-0.093,-0.063,-0.049,-0.029,-0.024
4.876,-0.063,-0.039,0.024,0.054,-0.044,-0.01,0.015,-0.102,-0.073,-0.059,-0.039,-0.029
4.878,-0.039,-0.029,0.01,0.034,-0.024,-0.01,0.02,-0.098,-0.073,-0.063,-0.039,-0.034
4.88,-0.039,-0.044,-0.005,0.044,-0.02,-0.024,0.029,-0.088,-0.063,-0.049,-0.039,-0.029
4.882,-0.049,-0.049,0.0,0.049,-0.024,-0.024,0.039,-0.073,-0.044,-0.039,-0.034,-0.029
4.884,-0.029,-0.039,-0.01,0.034,-0.01,-0.024,0.049,-0.068,-0.039,-0.039,-0.029,-0.039
4.886,-0.034,-0.039,-0.005,0.039,-0.015,-0.024,0.044,-0.073,-0.049,-0.054,-0.034,-0.044
4.888,-0.049,-0.034,0.015,0.044,-0.034,-0.01,0.039,-0.078,-0.049,-0.049,-0.039,-0.049
4.89,-0.059,-0.029,0.029,0.044,-0.044,0.0,0.029,-0.093,-0.063,-0.054,-0.044,-0.049
4.892,-0.068,-0.039,0.029,0.054,-0.049,-0.005,0.015,-0.117,-0.088,-0.073,-0.059,-0.054
4.894,-0.073,-0.039,0.034,0.059,-0.054,-0.005,0.01,-0.122,-0.088,-0.068,-0.059,-0.049
4.896,-0.049,-0.044,0.005,0.049,-0.029,-0.02,0.0,-0.117,-0.093,-0.073,-0.063,-0.049
4.898,-0.044,-0.039,0.005,0.044,-0.024,-0.02,0.015,-0.112,-0.083,-0.073,-0.059,-0.039
4.9,-0.049,-0.044,0.005,0.049,-0.029,-0.02,0.024,-0.107,-0.078,-0.063,-0.054,-0.039
4.902,-0.049,-0.059,-0.01,0.054,-0.02,-0.034,0.029,-0.098,-0.073,-0.059,-0.049,-0.039
4.904,-0.039,-0.059,-0.02,0.049,-0.01,-0.039,0.049,-0.073,-0.044,-0.044,-0.039,-0.034
4.906,-0.044,-0.054,-0.01,0.049,-0.02,-0.034,0.049,-0.073,-0.054,-0.049,-0.034,-0.034
4.908,-0.063,-0.063,0.0,0.063,-0.034,-0.034,0.034,-0.093,-0.068,-0.059,-0.049,-0.034
4.91,-0.063,-0.068,-0.005,0.068,-0.029,-0.039,0.024,-0.107,-0.083,-0.073,-0.054,-0.039
4.912,-0.044,-0.059,-0.015,0.054,-0.015,-0.039,0.01,-0.127,-0.107,-0.093,-0.063,-0.039
4.914,-0.068,-0.049,0.02,0.059,-0.044,-0.015,0.0,-0.137,-0.117,-0.093,-0.073,-0.039
4.916,-0.068,-0.044,0.024,0.059,-0.049,-0.01,0.01,-0.122,-0.107,-0.083,-0.063,-0.044
4.918,-0.063,-0.054,0.01,0.059,-0.039,-0.024,0.015,-0.112,-0.102,-0.083,-0.054,-0.049
4.92,-0.059,-0.044,0.015,0.054,-0.039,-0.015,0.024,-0.102,-0.098,-0.078,-0.054,-0.049
4.922,-0.039,-0.034,0.005,0.039,-0.024,-0.015,0.049,-0.078,-0.068,-0.059,-0.044,-0.044
4.924,-0.034,-0.039,-0.005,0.039,-0.015,-0.024,0.059,-0.068,-0.059,-0.059,-0.034,-0.044
4.926,-0.02,-0.049,-0.029,0.034,0.005,-0.039,0.049,-0.083,-0.073,-0.073,-0.044,-0.049
4.928,-0.039,-0.054,-0.015,0.049,-0.015,-0.034,0.039,-0.102,-0.078,-0.078,-0.054,-0.054
4.93,-0.054,-0.059,-0.005,0.059,-0.024,-0.034,0.02,-0.117,-0.098,-0.093,-0.063,-0.054
4.932,-0.073,-0.063,0.01,0.068,-0.044,-0.029,0.02,-0.127,-0.107,-0.098,-0.073,-0.059
4.934,-0.073,-0.063,0.01,0.068,-0.044,-0.029,0.005,-0.137,-0.122,-0.107,-0.083,-0.068
4.936,-0.059,-0.054,0.005,0.059,-0.034,-0.024,0.01,-0.117,-0.117,-0.102,-0.083,-0.073
4.938,-0.049,-0.049,0.0,0.049,-0.024,-0.024,0.02,-0.107,-0.102,-0.098,-0.078,-0.068
4.94,-0.039,-0.049,-0.01,0.044,-0.015,-0.029,0.024,-0.093,-0.088,-0.088,-0.068,-0.063
4.942,-0.02,-0.044,-0.024,0.034,0.0,-0.034,0.034,-0.078,-0.073,-0.083,-0.059,-0.068
4.944,-0.029,-0.059,-0.029,0.044,0.0,-0.044,0.054,-0.063,-0.059,-0.073,-0.049,-0.063
4.946,-0.024,-0.044,-0.02,0.034,-0.005,-0.034,0.044,-0.073,-0.068,-0.083,-0.049,-0.063
4.948,-0.029,-0.039,-0.01,0.034,-0.01,-0.024,0.039,-0.088,-0.078,-0.093,-0.059,-0.063
4.95,-0.068,-0.049,0.02,0.059,-0.044,-0.015,0.044,-0.093,-0.078,-0.088,-0.063,-0.054
4.952,-0.068,-0.054,0.015,0.063,-0.044,-0.02,0.029,-0.098,-0.098,-0.098,-0.073,-0.059
4.954,-0.059,-0.054,0.005,0.059,-0.034,-0.024,0.015,-0.117,-0.112,-0.107,-0.088,-0.068
4.956,-0.063,-0.063,0.0,0.063,-0.034,-0.034,0.02,-0.107,-0.107,-0.098,-0.083,-0.054
4.958,-0.063,-0.063,0.0,0.063,-0.034,-0.034,0.024,-0.093,-0.088,-0.088,-0.068,-0.054
4.96,-0.054,-0.068,-0.015,0.063,-0.02,-0.044,0.034,-0.088,-0.083,-0.083,-0.068,-0.054
4.962,-0.044,-0.063,-0.02,0.054,-0.015,-0.044,0.049,-0.068,-0.073,-0.073,-0.059,-0.054
4.964,-0.024,-0.054,-0.029,0.039,0.0,-0.044,0.059,-0.054,-0.059,-0.068,-0.054,-0.054
4.966,-0.02,-0.059,-0.039,0.039,0.01,-0.049,0.044,-0.073,-0.078,-0.098,-0.083,-0.073
4.968,-0.034,-0.059,-0.024,0.049,-0.005,-0.044,0.039,-0.078,-0.078,-0.098,-0.088,-0.078
4.97,-0.044,-0.049,-0.005,0.049,-0.02,-0.029,0.044,-0.073,-0.083,-0.088,-0.083,-0.068
4.972,-0.049,-0.049,0.0,0.049,-0.024,-0.024,0.024,-0.098,-0.102,-0.102,-0.088,-0.068
4.974,-0.059,-0.054,0.005,0.059,-0.034,-0.024,0.01,-0.102,-0.112,-0.112,-0.098,-0.073
4.976,-0.073,-0.073,0.0,0.073,-0.039,-0.039,0.02,-0.093,-0.102,-0.098,-0.083,-0.054
4.978,-0.063,-0.068,-0.005,0.068,-0.029,-0.039,0.02,-0.083,-0.098,-0.098,-0.083,-0.059
4.98,-0.049,-0.063,-0.015,0.059,-0.02,-0.039,0.024,-0.083,-0.093,-0.093,-0.088,-0.063
4.982,-0.049,-0.068,-0.02,0.059,-0.015,-0.044,0.039,-0.063,-0.073,-0.088,-0.088,-0.068
4.984,-0.029,-0.049,-0.02,0.039,-0.005,-0.034,0.059,-0.039,-0.054,-0.073,-0.068,-0.068
4.986,-0.039,-0.049,-0.01,0.044,-0.015,-0.029,0.049,-0.049,-0.059,-0.083,-0.073,-0.068
4.988,-0.039,-0.049,-0.01,0.044,-0.015,-0.029,0.039,-0.063,-0.068,-0.083,-0.083,-0.073
4.99,-0.044,-0.049,-0.005,0.049,-0.02,-0.029,0.039,-0.063,-0.068,-0.078,-0.073,-0.068
4.992,-0.044,-0.044,0.0,0.044,-0.024,-0.024,0.02,-0.083,-0.088,-0.102,-0.088,-0.078
4.994,-0.063,-0.054,0.01,0.059,-0.039,-0.024,0.01,-0.102,-0.102,-0.117,-0.098,-0.083
4.996,-0.059,-0.049,0.01,0.054,-0.034,-0.02,0.015,-0.088,-0.098,-0.102,-0.088,-0.073
4.998,-0.063,-0.049,0.015,0.059,-0.039,-0.02,0.029,-0.073,-0.083,-0.088,-0.078,-0.063
5.0,-0.054,-0.049,0.005,0.054,-0.029,-0.024,0.034,-0.068,-0.078,-0.083,-0.073,-0.063
5.002,-0.034,-0.054,-0.02,0.044,-0.01,-0.039,0.034,-0.059,-0.063,-0.083,-0.073,-0.068
5.004,-0.015,-0.044,-0.029,0.029,0.005,-0.039,0.049,-0.039,-0.044,-0.068,-0.059,-0.068
5.006,-0.01,-0.029,-0.02,0.02,0.005,-0.024,0.054,-0.039,-0.039,-0.068,-0.044,-0.063
5.008,-0.02,-0.039,-0.02,0.029,0.0,-0.029,0.039,-0.059,-0.059,-0.078,-0.059,-0.059
5.01,-0.024,-0.034,-0.01,0.029,-0.01,-0.024,0.029,-0.068,-0.068,-0.088,-0.063,-0.059
5.012,-0.034,-0.029,0.005,0.034,-0.02,-0.015,0.02,-0.078,-0.078,-0.088,-0.054,-0.049
5.014,-0.049,-0.039,0.01,0.044,-0.029,-0.015,0.005,-0.102,-0.102,-0.098,-0.063,-0.054
5.016,-0.049,-0.039,0.01,0.044,-0.029,-0.015,0.005,-0.098,-0.102,-0.093,-0.073,-0.054
5.018,-0.063,-0.054,0.01,0.059,-0.039,-0.024,0.02,-0.078,-0.083,-0.078,-0.054,-0.054
5.02,-0.049,-0.059,-0.01,0.054,-0.02,-0.034,0.024,-0.063,-0.078,-0.073,-0.059,-0.054
5.022,-0.029,-0.059,-0.029,0.044,0.0,-0.044,0.039,-0.059,-0.063,-0.068,-0.049,-0.059
5.024,-0.024,-0.054,-0.029,0.039,0.0,-0.044,0.044,-0.044,-0.049,-0.059,-0.044,-0.054
5.026,-0.024,-0.049,-0.024,0.039,0.0,-0.039,0.039,-0.054,-0.059,-0.063,-0.044,-0.049
5.028,-0.029,-0.054,-0.024,0.044,-0.005,-0.039,0.034,-0.068,-0.063,-0.068,-0.049,-0.054
5.03,-0.039,-0.044,-0.005,0.044,-0.02,-0.024,0.02,-0.073,-0.083,-0.083,-0.059,-0.059
5.032,-0.059,-0.049,0.01,0.054,-0.034,-0.02,0.015,-0.088,-0.093,-0.093,-0.063,-0.063
5.034,-0.063,-0.044,0.02,0.054,-0.044,-0.015,0.0,-0.093,-0.107,-0.093,-0.068,-0.063
5.036,-0.063,-0.054,0.01,0.059,-0.039,-0.024,0.0,-0.083,-0.107,-0.083,-0.068,-0.063
5.038,-0.054,-0.044,0.01,0.049,-0.034,-0.02,0.015,-0.073,-0.093,-0.078,-0.068,-0.068
5.04,-0.039,-0.049,-0.01,0.044,-0.015,-0.029,0.02,-0.068,-0.083,-0.073,-0.063,-0.063
5.042,-0.039,-0.049,-0.01,0.044,-0.015,-0.029,0.024,-0.063,-0.073,-0.063,-0.059,-0.063
5.044,-0.029,-0.054,-0.024,0.044,-0.005,-0.039,0.044,-0.049,-0.059,-0.054,-0.049,-0.054
5.046,-0.034,-0.054,-0.02,0.044,-0.01,-0.039,0.024,-0.063,-0.073,-0.073,-0.054,-0.063
5.048,-0.039,-0.049,-0.01,0.044,-0.015,-0.029,0.024,-0.073,-0.083,-0.073,-0.059,-0.063
5.05,-0.044,-0.049,-0.005,0.049,-0.02,-0.029,0.015,-0.073,-0.083,-0.083,-0.073,-0.068
5.052,-0.054,-0.049,0.005,0.054,-0.029,-0.024,0.015,-0.078,-0.093,-0.083,-0.068,-0.068
5.054,-0.054,-0.039,0.015,0.049,-0.034,-0.015,0.005,-0.093,-0.107,-0.083,-0.073,-0.073
5.056,-0.059,-0.054,0.005,0.059,-0.034,-0.024,0.01,-0.083,-0.098,-0.078,-0.063,-0.059
5.058,-0.054,-0.049,0.005,0.054,-0.029,-0.024,0.01,-0.078,-0.093,-0.078,-0.063,-0.063
5.06,-0.039,-0.039,0.0,0.039,-0.02,-0.02,0.02,-0.073,-0.083,-0.078,-0.054,-0.054
5.062,-0.039,-0.029,0.01,0.034,-0.024,-0.01,0.029,-0.054,-0.068,-0.068,-0.044,-0.044
5.064,-0.015,-0.029,-0.015,0.024,0.0,-0.024,0.034,-0.049,-0.063,-0.078,-0.049,-0.059
5.066,-0.01,-0.034,-0.024,0.024,0.005,-0.029,0.039,-0.059,-0.073,-0.078,-0.054,-0.059
5.068,-0.024,-0.039,-0.015,0.034,-0.005,-0.029,0.02,-0.068,-0.083,-0.093,-0.068,-0.073
5.07,-0.029,-0.034,-0.005,0.034,-0.015,-0.02,0.015,-0.078,-0.093,-0.093,-0.078,-0.073
5.072,-0.049,-0.029,0.02,0.039,-0.034,-0.005,0.01,-0.093,-0.107,-0.098,-0.073,-0.068
5.074,-0.054,-0.024,0.029,0.039,-0.044,0.0,-0.005,-0.098,-0.112,-0.102,-0.078,-0.068
5.076,-0.034,-0.034,0.0,0.034,-0.02,-0.02,0.0,-0.093,-0.107,-0.093,-0.068,-0.063
5.078,-0.029,-0.044,-0.015,0.039,-0.01,-0.029,0.01,-0.083,-0.102,-0.098,-0.063,-0.063
5.08,-0.024,-0.034,-0.01,0.029,-0.01,-0.024,0.029,-0.068,-0.088,-0.083,-0.059,-0.059
5.082,-0.005,-0.034,-0.029,0.02,0.01,-0.034,0.044,-0.054,-0.068,-0.073,-0.044,-0.049
5.084,0.0,-0.034,-0.034,0.02,0.015,-0.034,0.049,-0.049,-0.063,-0.078,-0.044,-0.059
5.086,-0.015,-0.039,-0.024,0.029,0.005,-0.034,0.049,-0.044,-0.059,-0.073,-0.039,-0.059
5.088,-0.029,-0.049,-0.02,0.039,-0.005,-0.034,0.024,-0.073,-0.083,-0.088,-0.049,-0.063
5.09,-0.044,-0.054,-0.01,0.049,-0.02,-0.034,0.015,-0.088,-0.098,-0.093,-0.054,-0.073
5.092,-0.049,-0.049,0.0,0.049,-0.024,-0.024,0.005,-0.098,-0.112,-0.102,-0.054,-0.068
5.094,-0.059,-0.049,0.01,0.054,-0.034,-0.02,-0.005,-0.117,-0.127,-0.112,-0.068,-0.068
5.096,-0.059,-0.049,0.01,0.054,-0.034,-0.02,-0.01,-0.112,-0.127,-0.107,-0.068,-0.068
5.098,-0.054,-0.049,0.005,0.054,-0.029,-0.024,0.0,-0.093,-0.112,-0.098,-0.063,-0.063
5.1,-0.049,-0.039,0.01,0.044,-0.029,-0.015,0.02,-0.073,-0.098,-0.083,-0.054,-0.068
5.102,-0.029,-0.029,0.0,0.029,-0.015,-0.015,0.034,-0.059,-0.078,-0.073,-0.044,-0.063
5.104,-0.015,-0.02,-0.005,0.02,-0.005,-0.015,0.044,-0.039,-0.063,-0.068,-0.039,-0.059
5.106,-0.015,-0.024,-0.01,0.02,-0.005,-0.02,0.029,-0.059,-0.078,-0.078,-0.044,-0.073
5.108,-0.034,-0.044,-0.01,0.039,-0.015,-0.029,0.01,-0.078,-0.093,-0.093,-0.059,-0.078
5.11,-0.044,-0.039,0.005,0.044,-0.024,-0.02,0.01,-0.083,-0.098,-0.088,-0.054,-0.068
5.112,-0.049,-0.034,0.015,0.044,-0.034,-0.01,0.01,-0.093,-0.112,-0.088,-0.049,-0.059
5.114,-0.049,-0.039,0.01,0.044,-0.029,-0.015,-0.005,-0.102,-0.127,-0.102,-0.054,-0.054
5.116,-0.059,-0.054,0.005,0.059,-0.034,-0.024,-0.005,-0.098,-0.127,-0.102,-0.054,-0.059
5.118,-0.054,-0.054,0.0,0.054,-0.029,-0.029,0.005,-0.088,-0.112,-0.098,-0.054,-0.059
5.12,-0.054,-0.059,-0.005,0.059,-0.024,-0.034,0.01,-0.068,-0.107,-0.093,-0.054,-0.063
5.122,-0.029,-0.049,-0.02,0.039,-0.005,-0.034,0.024,-0.054,-0.088,-0.083,-0.054,-0.068
5.124,-0.02,-0.039,-0.02,0.029,0.0,-0.029,0.044,-0.039,-0.068,-0.078,-0.039,-0.059
5.126,-0.015,-0.034,-0.02,0.024,0.0,-0.029,0.039,-0.049,-0.073,-0.083,-0.044,-0.059
5.128,-0.02,-0.029,-0.01,0.024,-0.005,-0.02,0.034,-0.059,-0.078,-0.083,-0.044,-0.059
5.13,-0.024,-0.029,-0.005,0.029,-0.01,-0.02,0.02,-0.073,-0.098,-0.098,-0.054,-0.063
5.132,-0.034,-0.029,0.005,0.034,-0.02,-0.015,0.005,-0.093,-0.117,-0.102,-0.059,-0.068
5.134,-0.059,-0.029,0.029,0.044,-0.044,0.0,-0.005,-0.098,-0.122,-0.098,-0.063,-0.063
5.136,-0.063,-0.034,0.029,0.049,-0.049,-0.005,-0.01,-0.102,-0.127,-0.102,-0.068,-0.068
5.138,-0.044,-0.029,0.015,0.039,-0.029,-0.01,0.01,-0.073,-0.107,-0.093,-0.063,-0.063
5.14,-0.039,-0.039,0.0,0.039,-0.02,-0.02,0.005,-0.068,-0.107,-0.088,-0.059,-0.068
5.142,-0.044,-0.044,0.0,0.044,-0.024,-0.024,0.02,-0.049,-0.083,-0.068,-0.039,-0.054
5.144,-0.015,-0.029,-0.015,0.024,0.0,-0.024,0.039,-0.034,-0.073,-0.068,-0.034,-0.059
5.146,-0.01,-0.024,-0.015,0.02,0.0,-0.02,0.029,-0.049,-0.078,-0.078,-0.039,-0.059
5.148,-0.02,-0.029,-0.01,0.024,-0.005,-0.02,0.02,-0.059,-0.088,-0.083,-0.044,-0.063
5.15,-0.024,-0.024,0.0,0.024,-0.015,-0.015,0.024,-0.068,-0.098,-0.088,-0.054,-0.073
5.152,-0.039,-0.024,0.015,0.034,-0.029,-0.005,0.01,-0.083,-0.112,-0.107,-0.073,-0.078
5.154,-0.044,-0.029,0.015,0.039,-0.029,-0.01,-0.01,-0.098,-0.132,-0.112,-0.088,-0.083
5.156,-0.044,-0.029,0.015,0.039,-0.029,-0.01,-0.01,-0.098,-0.132,-0.112,-0.088,-0.088
5.158,-0.044,-0.039,0.005,0.044,-0.024,-0.02,-0.005,-0.093,-0.132,-0.107,-0.073,-0.083
5.16,-0.044,-0.049,-0.005,0.049,-0.02,-0.029,0.0,-0.083,-0.122,-0.098,-0.063,-0.078
5.162,-0.034,-0.049,-0.015,0.044,-0.01,-0.034,0.015,-0.063,-0.102,-0.083,-0.059,-0.083
5.164,-0.024,-0.044,-0.02,0.034,-0.005,-0.034,0.024,-0.049,-0.088,-0.078,-0.044,-0.073
5.166,-0.024,-0.034,-0.01,0.029,-0.01,-0.024,0.02,-0.059,-0.093,-0.083,-0.049,-0.078
5.168,-0.024,-0.034,-0.01,0.029,-0.01,-0.024,0.01,-0.073,-0.098,-0.093,-0.054,-0.078
5.17,-0.034,-0.02,0.015,0.029,-0.024,-0.005,0.015,-0.068,-0.098,-0.083,-0.044,-0.073
5.172,-0.029,-0.01,0.02,0.02,-0.024,0.005,0.0,-0.078,-0.117,-0.093,-0.049,-0.073
5.174,-0.034,-0.015,0.02,0.024,-0.029,0.0,-0.015,-0.093,-0.132,-0.098,-0.054,-0.073
5.176,-0.044,-0.029,0.015,0.039,-0.029,-0.01,-0.015,-0.088,-0.132,-0.102,-0.059,-0.073
5.178,-0.054,-0.044,0.01,0.049,-0.034,-0.02,-0.01,-0.088,-0.127,-0.102,-0.059,-0.078
5.18,-0.034,-0.039,-0.005,0.039,-0.015,-0.024,-0.005,-0.083,-0.122,-0.107,-0.068,-0.088
5.182,-0.02,-0.049,-0.029,0.034,0.005,-0.039,0.01,-0.059,-0.102,-0.093,-0.054,-0.083
5.184,-0.02,-0.054,-0.034,0.039,0.005,-0.044,0.024,-0.044,-0.088,-0.083,-0.044,-0.078
5.186,-0.024,-0.049,-0.024,0.039,0.0,-0.039,0.024,-0.049,-0.083,-0.088,-0.049,-0.073
5.188,-0.029,-0.044,-0.015,0.039,-0.01,-0.029,0.015,-0.059,-0.102,-0.093,-0.054,-0.073
5.19,-0.024,-0.034,-0.01,0.029,-0.01,-0.024,0.005,-0.063,-0.107,-0.093,-0.054,-0.073
5.192,-0.024,-0.015,0.01,0.02,-0.02,-0.005,0.0,-0.078,-0.122,-0.098,-0.059,-0.068
5.194,-0.029,-0.029,0.0,0.029,-0.015,-0.015,-0.015,-0.098,-0.142,-0.112,-0.073,-0.073
5.196,-0.024,-0.039,-0.015,0.034,-0.005,-0.029,-0.02,-0.098,-0.146,-0.117,-0.078,-0.078
5.198,-0.044,-0.044,0.0,0.044,-0.024,-0.024,-0.01,-0.083,-0.132,-0.107,-0.073,-0.073
5.2,-0.049,-0.044,0.005,0.049,-0.029,-0.02,0.01,-0.063,-0.112,-0.098,-0.059,-0.073
5.202,-0.01,-0.039,-0.029,0.024,0.01,-0.034,0.015,-0.054,-0.107,-0.093,-0.059,-0.073
5.204,0.005,-0.029,-0.034,0.015,0.02,-0.034,0.029,-0.039,-0.093,-0.088,-0.054,-0.078
5.206,-0.015,-0.034,-0.02,0.024,0.0,-0.029,0.024,-0.044,-0.098,-0.083,-0.049,-0.083
5.208,-0.01,-0.029,-0.02,0.02,0.005,-0.024,0.02,-0.054,-0.102,-0.088,-0.054,-0.083
5.21,-0.024,-0.02,0.005,0.024,-0.015,-0.01,0.02,-0.054,-0.107,-0.088,-0.044,-0.078
5.212,-0.029,0.005,0.034,0.015,-0.034,0.02,0.015,-0.063,-0.107,-0.093,-0.049,-0.073
5.214,-0.034,0.015,0.049,0.01,-0.044,0.029,0.0,-0.073,-0.122,-0.093,-0.049,-0.063
5.216,-0.029,0.015,0.044,0.01,-0.039,0.029,0.0,-0.068,-0.122,-0.083,-0.049,-0.059
5.218,-0.015,0.034,0.049,-0.01,-0.034,0.039,0.02,-0.054,-0.102,-0.068,-0.034,-0.054
5.22,-0.005,0.034,0.039,-0.015,-0.024,0.034,0.02,-0.044,-0.093,-0.063,-0.024,-0.049
5.222,0.015,0.034,0.02,-0.024,-0.005,0.024,0.029,-0.024,-0.068,-0.044,-0.01,-0.044
5.224,0.024,0.034,0.01,-0.029,0.005,0.02,0.039,-0.015,-0.059,-0.044,0.005,-0.029
5.226,0.015,0.039,0.024,-0.024,-0.005,0.029,0.039,-0.024,-0.063,-0.049,-0.005,-0.029
5.228,-0.005,0.044,0.049,-0.02,-0.029,0.044,0.039,-0.029,-0.063,-0.049,0.0,-0.029
5.23,-0.02,0.034,0.054,-0.005,-0.039,0.044,0.034,-0.039,-0.078,-0.063,-0.01,-0.034
5.232,-0.01,0.024,0.034,-0.005,-0.024,0.029,0.024,-0.054,-0.098,-0.083,-0.024,-0.049
5.234,-0.02,0.029,0.049,-0.005,-0.034,0.039,0.024,-0.054,-0.093,-0.073,-0.029,-0.044
5.236,-0.034,0.02,0.054,0.01,-0.044,0.034,0.024,-0.049,-0.088,-0.068,-0.029,-0.044
5.238,-0.02,0.029,0.049,-0.005,-0.034,0.039,0.024,-0.029,-0.078,-0.059,-0.024,-0.049
5.24,-0.005,0.054,0.059,-0.024,-0.034,0.054,0.029,-0.015,-0.063,-0.044,-0.015,-0.044
5.242,0.005,0.063,0.059,-0.034,-0.029,0.059,0.034,-0.01,-0.054,-0.034,0.005,-0.034
5.244,0.02,0.068,0.049,-0.044,-0.015,0.059,0.02,-0.01,-0.049,-0.039,0.005,-0.029
5.246,0.0,0.054,0.054,-0.024,-0.029,0.054,-0.01,-0.029,-0.063,-0.049,0.005,-0.029
5.248,-0.02,0.029,0.049,-0.005,-0.034,0.039,-0.034,-0.059,-0.093,-0.063,-0.005,-0.034
5.25,-0.005,0.049,0.054,-0.02,-0.029,0.049,-0.049,-0.068,-0.098,-0.068,-0.01,-0.029
5.252,0.0,0.059,0.059,-0.029,-0.029,0.059,-0.073,-0.093,-0.112,-0.078,-0.015,-0.034
5.254,-0.02,0.049,0.068,-0.015,-0.044,0.059,-0.083,-0.088,-0.122,-0.073,-0.005,-0.029
5.256,-0.01,0.049,0.059,-0.02,-0.034,0.054,-0.059,-0.068,-0.098,-0.054,0.005,-0.024
5.258,0.005,0.054,0.049,-0.029,-0.024,0.049,-0.044,-0.049,-0.088,-0.044,0.015,-0.024
5.26,0.024,0.059,0.034,-0.039,-0.005,0.044,-0.024,-0.029,-0.073,-0.034,0.02,-0.015
5.262,0.02,0.044,0.024,-0.029,-0.005,0.034,-0.015,-0.029,-0.068,-0.044,0.015,-0.024
5.264,0.02,0.044,0.024,-0.029,-0.005,0.034,0.0,-0.024,-0.063,-0.039,0.02,-0.024
5.266,0.024,0.054,0.029,-0.039,-0.005,0.039,-0.005,-0.029,-0.068,-0.054,0.015,-0.034
5.268,0.024,0.049,0.024,-0.034,0.0,0.034,-0.005,-0.044,-0.088,-0.073,-0.01,-0.049
5.27,0.005,0.034,0.029,-0.02,-0.015,0.029,-0.02,-0.059,-0.102,-0.083,-0.015,-0.054
5.272,-0.02,0.015,0.034,0.005,-0.029,0.024,-0.029,-0.068,-0.117,-0.093,-0.029,-0.059
5.274,-0.044,0.01,0.054,0.02,-0.049,0.029,-0.049,-0.102,-0.142,-0.098,-0.034,-0.068
5.276,-0.049,0.0,0.049,0.024,-0.049,0.024,-0.044,-0.098,-0.146,-0.093,-0.029,-0.068
5.278,-0.024,-0.005,0.02,0.015,-0.024,0.005,-0.039,-0.093,-0.142,-0.102,-0.034,-0.063
5.28,-0.005,-0.005,0.0,0.005,-0.005,-0.005,-0.029,-0.083,-0.137,-0.102,-0.034,-0.068
5.282,0.0,-0.005,-0.005,0.005,0.0,-0.005,-0.01,-0.059,-0.112,-0.093,-0.024,-0.059
5.284,-0.015,-0.01,0.005,0.015,-0.01,-0.005,0.01,-0.044,-0.098,-0.093,-0.02,-0.068
5.286,-0.02,-0.01,0.01,0.015,-0.015,0.0,0.02,-0.039,-0.093,-0.088,-0.024,-0.068
5.288,-0.02,-0.005,0.015,0.015,-0.02,0.005,0.01,-0.059,-0.107,-0.102,-0.034,-0.073
5.29,-0.034,-0.015,0.02,0.024,-0.029,0.0,-0.005,-0.073,-0.137,-0.117,-0.059,-0.088
5.292,-0.049,-0.02,0.029,0.034,-0.039,0.005,-0.02,-0.098,-0.161,-0.132,-0.068,-0.102
5.294,-0.063,-0.029,0.034,0.049,-0.049,0.0,-0.029,-0.112,-0.176,-0.146,-0.073,-0.098
5.296,-0.063,-0.034,0.029,0.049,-0.049,-0.005,-0.039,-0.117,-0.185,-0.151,-0.078,-0.107
5.298,-0.044,-0.029,0.015,0.039,-0.029,-0.01,-0.034,-0.102,-0.176,-0.146,-0.083,-0.112
5.3,-0.039,-0.039,0.0,0.039,-0.02,-0.02,-0.015,-0.083,-0.161,-0.137,-0.068,-0.107
5.302,-0.039,-0.054,-0.015,0.049,-0.015,-0.034,-0.005,-0.068,-0.142,-0.122,-0.059,-0.102
5.304,-0.029,-0.054,-0.024,0.044,-0.005,-0.039,0.015,-0.049,-0.122,-0.117,-0.049,-0.102
5.306,-0.054,-0.073,-0.02,0.063,-0.02,-0.049,0.0,-0.059,-0.127,-0.127,-0.059,-0.107
5.308,-0.054,-0.063,-0.01,0.059,-0.024,-0.039,0.01,-0.063,-0.132,-0.127,-0.049,-0.098
5.31,-0.049,-0.044,0.005,0.049,-0.029,-0.02,0.005,-0.073,-0.142,-0.132,-0.054,-0.098
5.312,-0.049,-0.054,-0.005,0.054,-0.024,-0.029,-0.01,-0.098,-0.156,-0.146,-0.059,-0.102
5.314,-0.054,-0.059,-0.005,0.059,-0.024,-0.034,-0.01,-0.102,-0.166,-0.151,-0.063,-0.098
5.316,-0.063,-0.068,-0.005,0.068,-0.029,-0.039,-0.015,-0.093,-0.171,-0.151,-0.068,-0.112
5.318,-0.078,-0.073,0.005,0.078,-0.044,-0.034,-0.01,-0.083,-0.161,-0.142,-0.063,-0.107
5.32,-0.068,-0.073,-0.005,0.073,-0.034,-0.039,0.0,-0.073,-0.146,-0.132,-0.059,-0.112
5.322,-0.063,-0.078,-0.015,0.073,-0.024,-0.049,0.01,-0.049,-0.127,-0.117,-0.049,-0.102
5.324,-0.049,-0.068,-0.02,0.059,-0.015,-0.044,0.02,-0.039,-0.117,-0.117,-0.044,-0.102
5.326,-0.044,-0.068,-0.024,0.059,-0.01,-0.049,0.024,-0.044,-0.117,-0.117,-0.039,-0.107
5.328,-0.054,-0.068,-0.015,0.063,-0.02,-0.044,0.015,-0.063,-0.132,-0.122,-0.049,-0.107
5.33,-0.049,-0.054,-0.005,0.054,-0.024,-0.029,0.015,-0.063,-0.137,-0.132,-0.049,-0.102
5.332,-0.063,-0.049,0.015,0.059,-0.039,-0.02,0.0,-0.073,-0.151,-0.137,-0.049,-0.107
5.334,-0.073,-0.044,0.029,0.059,-0.054,-0.01,-0.015,-0.093,-0.156,-0.137,-0.063,-0.107
5.336,-0.059,-0.039,0.02,0.049,-0.039,-0.01,-0.005,-0.078,-0.151,-0.127,-0.054,-0.107
5.338,-0.044,-0.034,0.01,0.039,-0.029,-0.015,-0.005,-0.068,-0.142,-0.122,-0.054,-0.112
5.34,-0.039,-0.039,0.0,0.039,-0.02,-0.02,0.005,-0.059,-0.132,-0.122,-0.059,-0.117
5.342,-0.044,-0.049,-0.005,0.049,-0.02,-0.029,0.02,-0.044,-0.117,-0.107,-0.044,-0.107
5.344,-0.044,-0.059,-0.015,0.054,-0.015,-0.039,0.039,-0.024,-0.088,-0.093,-0.029,-0.098
5.346,-0.039,-0.054,-0.015,0.049,-0.015,-0.034,0.044,-0.02,-0.083,-0.093,-0.024,-0.098
5.348,-0.039,-0.049,-0.01,0.044,-0.015,-0.029,0.039,-0.015,-0.078,-0.093,-0.024,-0.088
5.35,-0.049,-0.044,0.005,0.049,-0.029,-0.02,0.059,0.02,-0.054,-0.083,-0.034,-0.098
5.352,-0.059,-0.034,0.024,0.049,-0.044,-0.005,0.107,0.093,0.015,-0.039,-0.029,-0.102
5.354,-0.059,-0.005,0.054,0.034,-0.059,0.024,0.161,0.185,0.093,0.01,-0.015,-0.098
5.356,-0.039,0.034,0.073,0.005,-0.059,0.054,0.181,0.244,0.161,0.093,0.039,-0.068
5.358,-0.005,0.063,0.068,-0.029,-0.039,0.063,0.195,0.307,0.259,0.2,0.122,-0.02
5.36,0.029,0.093,0.063,-0.059,-0.02,0.078,0.22,0.381,0.371,0.322,0.205,0.029
5.362,0.088,0.122,0.034,-0.102,0.024,0.078,0.229,0.468,0.512,0.478,0.317,0.098
5.364,0.146,0.166,0.02,-0.156,0.063,0.093,0.234,0.537,0.673,0.698,0.498,0.205
5.366,0.21,0.215,0.005,-0.21,0.102,0.107,0.244,0.61,0.849,0.942,0.698,0.337
5.368,0.249,0.259,0.01,-0.254,0.117,0.132,0.264,0.683,1.03,1.2,0.888,0.454
5.37,0.278,0.273,-0.005,-0.273,0.142,0.132,0.268,0.722,1.166,1.405,1.044,0.551
5.372,0.351,0.322,-0.029,-0.337,0.19,0.146,0.215,0.722,1.259,1.576,1.2,0.673
5.374,0.405,0.381,-0.024,-0.39,0.215,0.176,0.112,0.664,1.288,1.664,1.308,0.776
5.376,0.464,0.439,-0.024,-0.449,0.244,0.205,-0.01,0.551,1.23,1.64,1.357,0.839
5.378,0.522,0.512,-0.01,-0.517,0.264,0.249,-0.132,0.405,1.093,1.518,1.342,0.893
5.38,0.508,0.517,0.01,-0.512,0.249,0.264,-0.239,0.215,0.864,1.283,1.254,0.878
5.382,0.478,0.508,0.029,-0.493,0.224,0.268,-0.346,-0.063,0.468,0.893,1.054,0.805
5.384,0.366,0.483,0.117,-0.425,0.122,0.298,-0.444,-0.537,-0.229,0.205,0.698,0.664
5.386,0.195,0.454,0.259,-0.322,-0.034,0.356,-0.537,-1.059,-0.976,-0.488,0.342,0.517
5.388,0.068,0.415,0.346,-0.239,-0.142,0.381,-0.61,-1.405,-1.464,-0.932,0.063,0.371
5.39,-0.063,0.351,0.415,-0.142,-0.239,0.381,-0.678,-1.591,-1.708,-1.2,-0.205,0.2
5.392,-0.117,0.259,0.376,-0.068,-0.249,0.317,-0.752,-1.645,-1.767,-1.313,-0.415,0.034
5.394,-0.146,0.161,0.307,-0.005,-0.229,0.234,-0.795,-1.601,-1.718,-1.293,-0.493,-0.073
5.396,-0.22,0.083,0.303,0.068,-0.264,0.19,-0.791,-1.518,-1.615,-1.225,-0.527,-0.156
5.398,-0.244,0.088,0.332,0.078,-0.288,0.21,-0.8,-1.469,-1.518,-1.137,-0.508,-0.181
5.4,-0.244,0.098,0.342,0.073,-0.293,0.22,-0.82,-1.41,-1.44,-1.074,-0.464,-0.166
5.402,-0.224,0.078,0.303,0.073,-0.264,0.19,-0.8,-1.327,-1.342,-1.01,-0.454,-0.171
5.404,-0.171,0.068,0.239,0.054,-0.205,0.151,-0.732,-1.171,-1.2,-0.927,-0.42,-0.181
5.406,-0.156,0.054,0.21,0.054,-0.185,0.132,-0.659,-1.039,-1.069,-0.849,-0.381,-0.176
5.408,-0.161,0.029,0.19,0.068,-0.176,0.107,-0.595,-0.908,-0.952,-0.766,-0.356,-0.185
5.41,-0.151,0.0,0.151,0.078,-0.151,0.073,-0.503,-0.761,-0.815,-0.664,-0.322,-0.185
5.412,-0.137,-0.029,0.107,0.083,-0.122,0.039,-0.425,-0.625,-0.683,-0.566,-0.278,-0.185
5.414,-0.122,-0.029,0.093,0.078,-0.107,0.029,-0.337,-0.483,-0.547,-0.449,-0.224,-0.151
5.416,-0.093,-0.034,0.059,0.063,-0.078,0.01,-0.249,-0.366,-0.425,-0.356,-0.181,-0.142
5.418,-0.054,-0.02,0.034,0.039,-0.044,0.005,-0.166,-0.268,-0.342,-0.288,-0.142,-0.127
5.42,-0.049,-0.005,0.044,0.029,-0.049,0.02,-0.093,-0.195,-0.273,-0.239,-0.107,-0.107
5.422,-0.063,-0.015,0.049,0.039,-0.059,0.015,-0.049,-0.151,-0.229,-0.21,-0.098,-0.102
5.424,-0.068,-0.024,0.044,0.049,-0.059,0.01,-0.015,-0.107,-0.19,-0.19,-0.088,-0.107
5.426,-0.054,-0.015,0.039,0.034,-0.049,0.01,0.024,-0.063,-0.156,-0.166,-0.083,-0.107
5.428,-0.029,-0.015,0.015,0.024,-0.024,0.0,0.034,-0.044,-0.142,-0.166,-0.078,-0.112
5.43,-0.029,-0.015,0.015,0.024,-0.024,0.0,0.044,-0.029,-0.117,-0.151,-0.078,-0.117
5.432,-0.049,-0.024,0.024,0.039,-0.039,0.0,0.054,-0.01,-0.102,-0.127,-0.073,-0.112
5.434,-0.063,-0.044,0.02,0.054,-0.044,-0.015,0.044,-0.02,-0.112,-0.132,-0.073,-0.112
5.436,-0.054,-0.044,0.01,0.049,-0.034,-0.02,0.054,-0.01,-0.098,-0.117,-0.063,-0.102
5.438,-0.054,-0.049,0.005,0.054,-0.029,-0.024,0.063,0.0,-0.088,-0.107,-0.059,-0.093
5.44,-0.059,-0.059,0.0,0.059,-0.029,-0.029,0.068,0.02,-0.073,-0.102,-0.063,-0.098
5.442,-0.034,-0.054,-0.02,0.044,-0.01,-0.039,0.083,0.039,-0.054,-0.093,-0.059,-0.102
5.444,-0.01,-0.044,-0.034,0.029,0.01,-0.039,0.107,0.078,-0.02,-0.078,-0.049,-0.102
5.446,-0.02,-0.034,-0.015,0.029,-0.005,-0.024,0.122,0.093,-0.005,-0.063,-0.029,-0.098
5.448,-0.044,-0.034,0.01,0.039,-0.029,-0.015,0.117,0.093,0.0,-0.049,-0.024,-0.083
5.45,-0.039,-0.039,0.0,0.039,-0.02,-0.02,0.117,0.083,-0.005,-0.054,-0.024,-0.093
5.452,-0.054,-0.054,0.0,0.054,-0.029,-0.029,0.098,0.068,-0.015,-0.068,-0.034,-0.098
5.454,-0.059,-0.063,-0.005,0.063,-0.029,-0.034,0.078,0.044,-0.044,-0.078,-0.054,-0.102
5.456,-0.054,-0.059,-0.005,0.059,-0.024,-0.034,0.078,0.044,-0.044,-0.088,-0.063,-0.107
5.458,-0.049,-0.049,0.0,0.049,-0.024,-0.024,0.088,0.059,-0.029,-0.078,-0.063,-0.107
5.46,-0.044,-0.054,-0.01,0.049,-0.02,-0.034,0.102,0.078,-0.02,-0.073,-0.054,-0.112
5.462,-0.029,-0.054,-0.024,0.044,-0.005,-0.039,0.112,0.093,0.005,-0.059,-0.049,-0.112
5.464,-0.02,-0.044,-0.024,0.034,0.0,-0.034,0.137,0.122,0.029,-0.039,-0.034,-0.102
5.466,-0.029,-0.049,-0.02,0.039,-0.005,-0.034,0.146,0.127,0.039,-0.029,-0.02,-0.098
5.468,-0.01,-0.049,-0.039,0.029,0.015,-0.044,0.137,0.117,0.039,-0.029,-0.024,-0.088
5.47,-0.005,-0.044,-0.039,0.024,0.015,-0.044,0.117,0.098,0.015,-0.049,-0.029,-0.093
5.472,-0.02,-0.044,-0.024,0.034,0.0,-0.034,0.102,0.078,0.0,-0.059,-0.039,-0.083
5.474,-0.029,-0.034,-0.005,0.034,-0.015,-0.02,0.098,0.073,-0.01,-0.068,-0.044,-0.088
5.476,-0.044,-0.049,-0.005,0.049,-0.02,-0.029,0.102,0.088,-0.005,-0.059,-0.039,-0.088
5.478,-0.034,-0.049,-0.015,0.044,-0.01,-0.034,0.112,0.107,0.01,-0.049,-0.039,-0.093
5.48,-0.024,-0.044,-0.02,0.034,-0.005,-0.034,0.117,0.117,0.02,-0.039,-0.029,-0.093
5.482,-0.02,-0.049,-0.029,0.034,0.005,-0.039,0.132,0.146,0.044,-0.02,-0.024,-0.088
5.484,0.0,-0.049,-0.049,0.024,0.024,-0.049,0.146,0.161,0.068,-0.01,-0.01,-0.078
5.486,0.0,-0.049,-0.049,0.024,0.024,-0.049,0.151,0.156,0.063,-0.015,-0.02,-0.083
5.488,0.005,-0.039,-0.044,0.02,0.024,-0.044,0.142,0.151,0.054,-0.029,-0.024,-0.078
5.49,-0.01,-0.034,-0.024,0.024,0.005,-0.029,0.137,0.137,0.039,-0.034,-0.02,-0.078
5.492,-0.015,-0.024,-0.01,0.02,-0.005,-0.02,0.117,0.122,0.02,-0.044,-0.039,-0.088
5.494,-0.015,-0.02,-0.005,0.02,-0.005,-0.015,0.112,0.122,0.02,-0.044,-0.039,-0.088
5.496,-0.01,-0.02,-0.01,0.015,0.0,-0.015,0.122,0.137,0.034,-0.034,-0.039,-0.083
5.498,-0.01,-0.02,-0.01,0.015,0.0,-0.015,0.132,0.156,0.054,-0.015,-0.034,-0.083
5.5,-0.01,-0.029,-0.02,0.02,0.005,-0.024,0.151,0.166,0.068,0.0,-0.02,-0.073
5.502,-0.005,-0.039,-0.034,0.024,0.015,-0.039,0.161,0.181,0.083,0.005,-0.015,-0.073
5.504,0.02,-0.039,-0.059,0.01,0.039,-0.049,0.166,0.195,0.088,0.015,-0.005,-0.068
5.506,0.02,-0.029,-0.049,0.005,0.034,-0.039,0.161,0.181,0.083,0.01,-0.005,-0.073
5.508,0.0,-0.034,-0.034,0.02,0.015,-0.034,0.156,0.181,0.078,0.0,-0.01,-0.068
5.51,-0.015,-0.034,-0.02,0.024,0.0,-0.029,0.161,0.185,0.088,0.01,-0.01,-0.068
5.512,-0.024,-0.034,-0.01,0.029,-0.01,-0.024,0.156,0.185,0.088,0.01,-0.005,-0.063
5.514,-0.029,-0.029,0.0,0.029,-0.015,-0.015,0.146,0.181,0.083,0.01,-0.01,-0.063
5.516,-0.01,-0.02,-0.01,0.015,0.0,-0.015,0.142,0.19,0.088,0.02,-0.005,-0.059
5.518,-0.024,-0.034,-0.01,0.029,-0.01,-0.024,0.156,0.205,0.102,0.029,0.01,-0.054
5.52,-0.015,-0.024,-0.01,0.02,-0.005,-0.02,0.166,0.22,0.112,0.029,0.015,-0.059
5.522,0.015,-0.029,-0.044,0.01,0.029,-0.039,0.176,0.229,0.132,0.039,0.02,-0.054
5.524,0.034,-0.024,-0.059,-0.005,0.044,-0.044,0.185,0.244,0.142,0.039,0.02,-0.059
5.526,0.034,-0.015,-0.049,-0.01,0.039,-0.034,0.195,0.259,0.156,0.049,0.029,-0.059
5.528,0.01,-0.024,-0.034,0.01,0.02,-0.029,0.19,0.264,0.161,0.044,0.024,-0.054
5.53,-0.005,-0.02,-0.015,0.015,0.005,-0.02,0.19,0.259,0.156,0.049,0.015,-0.054
5.532,0.005,-0.01,-0.015,0.005,0.01,-0.015,0.195,0.264,0.166,0.063,0.029,-0.049
5.534,0.0,-0.01,-0.01,0.005,0.005,-0.01,0.181,0.254,0.151,0.059,0.02,-0.044
5.536,0.0,-0.005,-0.005,0.005,0.0,-0.005,0.195,0.268,0.161,0.059,0.02,-0.044
5.538,-0.01,-0.01,0.0,0.01,-0.005,-0.005,0.21,0.283,0.176,0.068,0.034,-0.039
5.54,-0.005,-0.01,-0.005,0.01,0.0,-0.01,0.215,0.307,0.195,0.078,0.044,-0.034
5.542,0.015,0.0,-0.015,-0.005,0.015,-0.01,0.229,0.342,0.22,0.102,0.059,-0.029
5.544,0.044,0.005,-0.039,-0.024,0.039,-0.02,0.249,0.371,0.249,0.112,0.068,-0.029
5.546,0.054,0.01,-0.044,-0.029,0.049,-0.02,0.259,0.386,0.259,0.117,0.068,-0.029
5.548,0.049,0.01,-0.039,-0.029,0.044,-0.015,0.259,0.39,0.273,0.127,0.068,-0.024
5.55,0.029,0.005,-0.024,-0.015,0.024,-0.01,0.249,0.395,0.268,0.127,0.078,-0.02
5.552,0.029,0.01,-0.02,-0.02,0.024,-0.005,0.244,0.386,0.268,0.127,0.083,-0.02
5.554,0.024,0.015,-0.01,-0.02,0.015,0.0,0.239,0.386,0.259,0.127,0.073,-0.02
5.556,0.005,0.01,0.005,-0.005,0.0,0.005,0.249,0.39,0.264,0.127,0.083,-0.015
5.558,0.024,0.01,-0.015,-0.015,0.02,-0.005,0.259,0.425,0.303,0.151,0.098,-0.01
5.56,0.044,0.029,-0.015,-0.034,0.029,0.005,0.293,0.468,0.346,0.181,0.122,0.01
5.562,0.049,0.024,-0.024,-0.034,0.034,0.0,0.303,0.503,0.371,0.2,0.127,0.01
5.564,0.068,0.034,-0.034,-0.049,0.049,0.0,0.322,0.532,0.405,0.229,0.142,0.02
5.566,0.078,0.049,-0.029,-0.063,0.054,0.01,0.322,0.542,0.42,0.234,0.151,0.02
5.568,0.088,0.059,-0.029,-0.073,0.059,0.015,0.317,0.537,0.42,0.239,0.156,0.024
5.57,0.083,0.059,-0.024,-0.068,0.054,0.015,0.312,0.537,0.42,0.244,0.151,0.024
5.572,0.073,0.063,-0.01,-0.068,0.039,0.024,0.303,0.542,0.42,0.244,0.156,0.039
5.574,0.063,0.063,0.0,-0.063,0.029,0.029,0.288,0.532,0.41,0.239,0.146,0.034
5.576,0.063,0.068,0.005,-0.063,0.029,0.034,0.293,0.561,0.439,0.264,0.161,0.044
5.578,0.068,0.068,0.0,-0.068,0.034,0.034,0.307,0.59,0.473,0.293,0.181,0.059
5.58,0.088,0.068,-0.02,-0.078,0.054,0.024,0.322,0.615,0.498,0.317,0.2,0.073
5.582,0.112,0.078,-0.034,-0.093,0.073,0.02,0.337,0.649,0.532,0.351,0.224,0.088
5.584,0.137,0.107,-0.029,-0.122,0.083,0.039,0.346,0.669,0.556,0.376,0.249,0.102
5.586,0.142,0.112,-0.029,-0.127,0.083,0.039,0.351,0.678,0.576,0.386,0.273,0.112
5.588,0.132,0.107,-0.024,-0.117,0.078,0.039,0.332,0.673,0.576,0.4,0.273,0.127
5.59,0.132,0.127,-0.005,-0.127,0.068,0.059,0.322,0.669,0.576,0.395,0.273,0.117
5.592,0.127,0.132,0.005,-0.127,0.059,0.068,0.303,0.664,0.571,0.395,0.264,0.117
5.594,0.117,0.132,0.015,-0.122,0.049,0.073,0.293,0.669,0.571,0.405,0.264,0.122
5.596,0.112,0.142,0.029,-0.127,0.039,0.083,0.303,0.683,0.6,0.444,0.298,0.151
5.598,0.117,0.137,0.02,-0.127,0.049,0.078,0.303,0.693,0.615,0.464,0.312,0.161
5.6,0.146,0.132,-0.015,-0.137,0.078,0.059,0.303,0.708,0.63,0.483,0.332,0.166
5.602,0.161,0.142,-0.02,-0.151,0.088,0.059,0.317,0.727,0.654,0.498,0.351,0.19
5.604,0.176,0.156,-0.02,-0.166,0.098,0.068,0.322,0.737,0.678,0.522,0.376,0.205
5.606,0.19,0.176,-0.015,-0.181,0.102,0.078,0.312,0.727,0.678,0.517,0.386,0.205
5.608,0.176,0.171,-0.005,-0.171,0.088,0.083,0.307,0.727,0.678,0.522,0.386,0.215
5.61,0.171,0.181,0.01,-0.176,0.078,0.093,0.288,0.712,0.669,0.527,0.4,0.215
5.612,0.166,0.185,0.02,-0.176,0.073,0.102,0.273,0.703,0.669,0.532,0.405,0.224
5.614,0.166,0.19,0.024,-0.176,0.068,0.107,0.249,0.673,0.649,0.527,0.395,0.22
5.616,0.176,0.19,0.015,-0.181,0.078,0.102,0.244,0.673,0.654,0.542,0.415,0.234
5.618,0.185,0.2,0.015,-0.19,0.083,0.107,0.229,0.659,0.644,0.537,0.42,0.239
5.62,0.181,0.195,0.015,-0.185,0.083,0.102,0.215,0.644,0.639,0.537,0.42,0.249
5.622,0.185,0.205,0.02,-0.195,0.083,0.112,0.21,0.634,0.644,0.542,0.434,0.259
5.624,0.195,0.2,0.005,-0.195,0.093,0.102,0.22,0.644,0.649,0.547,0.449,0.268
5.626,0.185,0.205,0.02,-0.195,0.083,0.112,0.205,0.625,0.634,0.547,0.454,0.264
5.628,0.171,0.205,0.034,-0.185,0.068,0.117,0.19,0.595,0.62,0.532,0.444,0.259
5.63,0.19,0.215,0.024,-0.2,0.083,0.117,0.156,0.551,0.581,0.508,0.42,0.244
5.632,0.166,0.215,0.049,-0.19,0.059,0.132,0.137,0.527,0.561,0.493,0.415,0.244
5.634,0.137,0.21,0.073,-0.171,0.029,0.142,0.117,0.478,0.512,0.473,0.405,0.244
5.636,0.142,0.19,0.049,-0.166,0.044,0.117,0.098,0.439,0.483,0.444,0.386,0.229
5.638,0.151,0.19,0.039,-0.171,0.054,0.112,0.098,0.41,0.464,0.425,0.381,0.224
5.64,0.146,0.181,0.034,-0.161,0.054,0.107,0.088,0.39,0.429,0.4,0.356,0.215
5.642,0.151,0.171,0.02,-0.161,0.063,0.093,0.083,0.366,0.41,0.381,0.342,0.195
5.644,0.142,0.166,0.024,-0.151,0.059,0.093,0.093,0.366,0.4,0.371,0.346,0.19
5.646,0.117,0.146,0.029,-0.132,0.044,0.088,0.088,0.337,0.371,0.346,0.327,0.176
5.648,0.102,0.132,0.029,-0.117,0.034,0.078,0.063,0.293,0.327,0.312,0.303,0.156
5.65,0.083,0.122,0.039,-0.102,0.02,0.078,0.049,0.264,0.288,0.283,0.278,0.142
5.652,0.073,0.122,0.049,-0.098,0.01,0.083,0.039,0.224,0.249,0.249,0.254,0.127
5.654,0.068,0.112,0.044,-0.088,0.01,0.078,0.02,0.181,0.195,0.205,0.224,0.112
5.656,0.039,0.083,0.044,-0.059,-0.005,0.063,0.015,0.156,0.161,0.171,0.2,0.093
5.658,0.039,0.078,0.039,-0.059,0.0,0.059,0.024,0.151,0.146,0.151,0.181,0.073
5.66,0.034,0.063,0.029,-0.049,0.0,0.044,0.039,0.146,0.137,0.137,0.166,0.073
5.662,0.034,0.044,0.01,-0.039,0.01,0.024,0.039,0.137,0.127,0.122,0.151,0.054
5.664,0.044,0.039,-0.005,-0.039,0.024,0.015,0.054,0.137,0.127,0.122,0.151,0.054
5.666,0.034,0.034,0.0,-0.034,0.015,0.015,0.049,0.117,0.107,0.098,0.137,0.044
5.668,0.015,0.02,0.005,-0.015,0.005,0.01,0.034,0.088,0.078,0.068,0.117,0.034
5.67,-0.005,0.01,0.015,0.0,-0.01,0.01,0.024,0.059,0.044,0.049,0.098,0.02
5.672,-0.02,0.01,0.029,0.005,-0.024,0.02,0.02,0.039,0.01,0.02,0.083,0.015
5.674,-0.024,0.02,0.044,0.005,-0.034,0.029,0.01,0.024,-0.01,0.005,0.068,0.02
5.676,-0.024,0.01,0.034,0.01,-0.029,0.02,0.0,0.015,-0.024,-0.015,0.049,0.0
5.678,-0.029,0.005,0.034,0.015,-0.034,0.02,0.01,0.02,-0.024,-0.015,0.049,-0.01
5.68,-0.02,0.01,0.029,0.005,-0.024,0.02,0.024,0.02,-0.02,-0.015,0.049,-0.01
5.682,-0.005,0.005,0.01,0.0,-0.01,0.005,0.039,0.024,-0.015,-0.01,0.059,-0.01
5.684,0.0,0.0,0.0,0.0,0.0,0.0,0.049,0.034,-0.01,-0.01,0.063,-0.01
5.686,0.0,0.01,0.01,-0.005,-0.005,0.01,0.049,0.034,-0.01,-0.024,0.054,-0.01
5.688,-0.02,-0.005,0.015,0.015,-0.02,0.005,0.034,0.01,-0.034,-0.044,0.039,-0.024
5.69,-0.024,0.0,0.024,0.015,-0.024,0.01,0.024,-0.01,-0.054,-0.054,0.024,-0.029
5.692,-0.039,-0.005,0.034,0.024,-0.039,0.015,0.015,-0.024,-0.073,-0.068,0.01,-0.039
5.694,-0.049,-0.005,0.044,0.029,-0.049,0.02,0.0,-0.039,-0.093,-0.073,0.005,-0.039
5.696,-0.044,-0.005,0.039,0.024,-0.044,0.015,0.01,-0.029,-0.083,-0.068,0.015,-0.034
5.698,-0.044,-0.02,0.024,0.034,-0.034,0.0,0.02,-0.02,-0.073,-0.063,0.015,-0.039
5.7,-0.029,-0.02,0.01,0.024,-0.02,-0.005,0.024,-0.015,-0.068,-0.068,0.015,-0.044
5.702,-0.005,-0.015,-0.01,0.01,0.0,-0.015,0.034,-0.01,-0.059,-0.059,0.015,-0.039
5.704,-0.01,-0.015,-0.005,0.015,-0.005,-0.01,0.044,0.0,-0.054,-0.054,0.024,-0.039
5.706,-0.015,-0.02,-0.005,0.02,-0.005,-0.015,0.044,-0.005,-0.054,-0.068,0.024,-0.039
5.708,-0.02,-0.024,-0.005,0.024,-0.01,-0.015,0.02,-0.029,-0.073,-0.078,0.005,-0.054
5.71,-0.039,-0.029,0.01,0.034,-0.024,-0.01,0.02,-0.034,-0.078,-0.078,0.005,-0.054
5.712,-0.054,-0.02,0.034,0.039,-0.044,0.005,0.015,-0.049,-0.088,-0.078,0.0,-0.049
5.714,-0.068,-0.029,0.039,0.049,-0.054,0.005,0.0,-0.063,-0.102,-0.088,-0.01,-0.059
5.716,-0.068,-0.039,0.029,0.054,-0.049,-0.005,-0.005,-0.068,-0.112,-0.088,-0.01,-0.059
5.718,-0.049,-0.034,0.015,0.044,-0.034,-0.01,0.01,-0.054,-0.102,-0.083,-0.01,-0.054
5.72,-0.044,-0.034,0.01,0.039,-0.029,-0.015,0.01,-0.054,-0.098,-0.078,0.0,-0.054
5.722,-0.044,-0.024,0.02,0.034,-0.034,-0.005,0.024,-0.034,-0.073,-0.068,0.015,-0.049
5.724,-0.015,-0.015,0.0,0.015,-0.01,-0.01,0.029,-0.024,-0.073,-0.073,0.005,-0.063
5.726,-0.02,-0.029,-0.01,0.024,-0.005,-0.02,0.029,-0.029,-0.073,-0.078,0.0,-0.068
5.728,-0.034,-0.029,0.005,0.034,-0.02,-0.015,0.02,-0.044,-0.078,-0.088,-0.005,-0.068
5.73,-0.024,-0.02,0.005,0.024,-0.015,-0.01,0.005,-0.054,-0.093,-0.088,-0.01,-0.068
5.732,-0.034,-0.02,0.015,0.029,-0.024,-0.005,0.0,-0.059,-0.102,-0.093,-0.01,-0.063
5.734,-0.054,-0.024,0.029,0.039,-0.044,0.0,-0.005,-0.073,-0.117,-0.098,-0.02,-0.059
5.736,-0.068,-0.054,0.015,0.063,-0.044,-0.02,-0.01,-0.073,-0.122,-0.098,-0.02,-0.063
5.738,-0.083,-0.059,0.024,0.073,-0.054,-0.02,0.0,-0.063,-0.112,-0.098,-0.02,-0.063
5.74,-0.068,-0.059,0.01,0.063,-0.039,-0.024,0.01,-0.059,-0.107,-0.093,-0.015,-0.054
5.742,-0.044,-0.059,-0.015,0.054,-0.015,-0.039,0.01,-0.044,-0.093,-0.088,-0.01,-0.049
5.744,-0.029,-0.044,-0.015,0.039,-0.01,-0.029,0.034,-0.02,-0.073,-0.078,0.01,-0.044
5.746,-0.034,-0.044,-0.01,0.039,-0.015,-0.029,0.029,-0.024,-0.068,-0.083,0.005,-0.044
5.748,-0.034,-0.044,-0.01,0.039,-0.015,-0.029,0.015,-0.044,-0.078,-0.083,-0.005,-0.049
5.75,-0.024,-0.024,0.0,0.024,-0.015,-0.015,0.01,-0.049,-0.083,-0.083,0.0,-0.044
5.752,-0.039,-0.02,0.02,0.029,-0.029,0.0,-0.01,-0.063,-0.098,-0.102,-0.01,-0.054
5.754,-0.059,-0.024,0.034,0.044,-0.049,0.005,-0.029,-0.088,-0.122,-0.107,-0.02,-0.059
5.756,-0.063,-0.029,0.034,0.049,-0.049,0.0,-0.029,-0.088,-0.122,-0.112,-0.024,-0.059
5.758,-0.063,-0.034,0.029,0.049,-0.049,-0.005,-0.02,-0.068,-0.107,-0.112,-0.02,-0.059
5.76,-0.073,-0.034,0.039,0.054,-0.059,0.0,-0.01,-0.054,-0.098,-0.098,-0.02,-0.063
5.762,-0.073,-0.044,0.029,0.059,-0.054,-0.01,0.005,-0.029,-0.083,-0.093,-0.02,-0.059
5.764,-0.039,-0.039,0.0,0.039,-0.02,-0.02,0.024,-0.015,-0.063,-0.083,-0.02,-0.068
5.766,-0.034,-0.034,0.0,0.034,-0.02,-0.02,0.015,-0.024,-0.068,-0.093,-0.02,-0.073
5.768,-0.044,-0.044,0.0,0.044,-0.024,-0.024,0.0,-0.034,-0.078,-0.098,-0.02,-0.068
5.77,-0.029,-0.034,-0.005,0.034,-0.015,-0.02,-0.01,-0.049,-0.083,-0.098,-0.015,-0.068
5.772,-0.054,-0.024,0.029,0.039,-0.044,0.0,-0.015,-0.059,-0.098,-0.098,-0.015,-0.063
5.774,-0.059,-0.024,0.034,0.044,-0.049,0.005,-0.034,-0.073,-0.112,-0.107,-0.029,-0.059
5.776,-0.049,-0.024,0.024,0.039,-0.039,0.0,-0.039,-0.073,-0.117,-0.112,-0.034,-0.068
5.778,-0.078,-0.044,0.034,0.063,-0.059,-0.005,-0.024,-0.049,-0.102,-0.102,-0.029,-0.063
5.78,-0.059,-0.054,0.005,0.059,-0.034,-0.024,-0.02,-0.049,-0.098,-0.107,-0.039,-0.073
5.782,-0.039,-0.049,-0.01,0.044,-0.015,-0.029,-0.01,-0.034,-0.083,-0.093,-0.034,-0.073
5.784,-0.024,-0.049,-0.024,0.039,0.0,-0.039,-0.01,-0.024,-0.078,-0.088,-0.024,-0.063
5.786,-0.015,-0.044,-0.029,0.029,0.005,-0.039,-0.005,-0.024,-0.073,-0.088,-0.02,-0.068
5.788,-0.029,-0.049,-0.02,0.039,-0.005,-0.034,-0.02,-0.039,-0.083,-0.098,-0.034,-0.068
5.79,-0.044,-0.049,-0.005,0.049,-0.02,-0.029,-0.029,-0.044,-0.088,-0.102,-0.039,-0.068
5.792,-0.054,-0.039,0.015,0.049,-0.034,-0.015,-0.034,-0.054,-0.102,-0.117,-0.049,-0.073
5.794,-0.068,-0.034,0.034,0.054,-0.054,0.0,-0.039,-0.059,-0.112,-0.122,-0.049,-0.078
5.796,-0.054,-0.034,0.02,0.044,-0.039,-0.01,-0.044,-0.054,-0.107,-0.122,-0.049,-0.078
5.798,-0.059,-0.034,0.024,0.049,-0.044,-0.005,-0.039,-0.049,-0.098,-0.107,-0.044,-0.073
5.8,-0.039,-0.034,0.005,0.039,-0.024,-0.015,-0.039,-0.044,-0.098,-0.107,-0.044,-0.078
5.802,-0.039,-0.039,0.0,0.039,-0.02,-0.02,-0.029,-0.034,-0.078,-0.098,-0.034,-0.068
5.804,-0.034,-0.044,-0.01,0.039,-0.015,-0.029,-0.02,-0.02,-0.068,-0.088,-0.024,-0.063
5.806,-0.02,-0.049,-0.029,0.034,0.005,-0.039,-0.024,-0.02,-0.068,-0.093,-0.02,-0.063
5.808,-0.02,-0.039,-0.02,0.029,0.0,-0.029,-0.034,-0.029,-0.078,-0.098,-0.034,-0.063
5.81,-0.024,-0.039,-0.015,0.034,-0.005,-0.029,-0.044,-0.034,-0.088,-0.102,-0.039,-0.063
5.812,-0.034,-0.039,-0.005,0.039,-0.015,-0.024,-0.044,-0.044,-0.088,-0.102,-0.044,-0.059
5.814,-0.059,-0.054,0.005,0.059,-0.034,-0.024,-0.059,-0.068,-0.102,-0.117,-0.049,-0.063
5.816,-0.054,-0.059,-0.005,0.059,-0.024,-0.034,-0.054,-0.068,-0.107,-0.117,-0.059,-0.068
5.818,-0.034,-0.034,0.0,0.034,-0.02,-0.02,-0.039,-0.049,-0.088,-0.102,-0.044,-0.059
5.82,-0.029,-0.044,-0.015,0.039,-0.01,-0.029,-0.034,-0.044,-0.083,-0.102,-0.034,-0.059
5.822,-0.029,-0.044,-0.015,0.039,-0.01,-0.029,-0.029,-0.034,-0.073,-0.098,-0.039,-0.063
5.824,-0.015,-0.039,-0.024,0.029,0.005,-0.034,-0.015,-0.015,-0.054,-0.088,-0.029,-0.059
5.826,-0.02,-0.044,-0.024,0.034,0.0,-0.034,-0.02,-0.024,-0.059,-0.093,-0.029,-0.063
5.828,-0.02,-0.049,-0.029,0.034,0.005,-0.039,-0.024,-0.029,-0.059,-0.098,-0.034,-0.068
5.83,-0.024,-0.044,-0.02,0.034,-0.005,-0.034,-0.029,-0.039,-0.073,-0.102,-0.044,-0.068
5.832,-0.054,-0.039,0.015,0.049,-0.034,-0.015,-0.034,-0.049,-0.078,-0.102,-0.034,-0.063
5.834,-0.054,-0.039,0.015,0.049,-0.034,-0.015,-0.044,-0.059,-0.088,-0.107,-0.039,-0.054
5.836,-0.049,-0.049,0.0,0.049,-0.024,-0.024,-0.054,-0.068,-0.093,-0.107,-0.044,-0.059
5.838,-0.049,-0.044,0.005,0.049,-0.029,-0.02,-0.054,-0.054,-0.083,-0.102,-0.034,-0.054
5.84,-0.029,-0.039,-0.01,0.034,-0.01,-0.024,-0.039,-0.044,-0.073,-0.102,-0.029,-0.049
5.842,-0.015,-0.029,-0.015,0.024,0.0,-0.024,-0.029,-0.029,-0.059,-0.083,-0.02,-0.049
5.844,-0.005,-0.029,-0.024,0.02,0.01,-0.029,-0.02,-0.02,-0.044,-0.073,-0.01,-0.044
5.846,-0.02,-0.039,-0.02,0.029,0.0,-0.029,-0.02,-0.024,-0.039,-0.078,-0.015,-0.049
5.848,-0.024,-0.044,-0.02,0.034,-0.005,-0.034,-0.044,-0.044,-0.063,-0.088,-0.02,-0.059
5.85,-0.02,-0.039,-0.02,0.029,0.0,-0.029,-0.049,-0.049,-0.063,-0.088,-0.024,-0.059
5.852,-0.034,-0.039,-0.005,0.039,-0.015,-0.024,-0.059,-0.063,-0.083,-0.107,-0.039,-0.063
5.854,-0.063,-0.054,0.01,0.059,-0.039,-0.024,-0.078,-0.083,-0.107,-0.112,-0.044,-0.063
5.856,-0.059,-0.054,0.005,0.059,-0.034,-0.024,-0.078,-0.078,-0.102,-0.107,-0.044,-0.063
5.858,-0.059,-0.044,0.015,0.054,-0.039,-0.015,-0.063,-0.063,-0.093,-0.102,-0.034,-0.063
5.86,-0.049,-0.044,0.005,0.049,-0.029,-0.02,-0.054,-0.049,-0.073,-0.093,-0.024,-0.054
5.862,-0.039,-0.049,-0.01,0.044,-0.015,-0.029,-0.049,-0.034,-0.059,-0.093,-0.024,-0.059
5.864,-0.02,-0.049,-0.029,0.034,0.005,-0.039,-0.034,-0.024,-0.044,-0.078,-0.02,-0.059
5.866,-0.015,-0.044,-0.029,0.029,0.005,-0.039,-0.034,-0.029,-0.044,-0.083,-0.02,-0.054
5.868,-0.034,-0.049,-0.015,0.044,-0.01,-0.034,-0.049,-0.044,-0.063,-0.098,-0.029,-0.059
5.87,-0.029,-0.049,-0.02,0.039,-0.005,-0.034,-0.063,-0.059,-0.068,-0.098,-0.029,-0.059
5.872,-0.034,-0.049,-0.015,0.044,-0.01,-0.034,-0.088,-0.078,-0.088,-0.102,-0.029,-0.049
5.874,-0.054,-0.059,-0.005,0.059,-0.024,-0.034,-0.102,-0.098,-0.107,-0.117,-0.044,-0.049
5.876,-0.059,-0.059,0.0,0.059,-0.029,-0.029,-0.102,-0.093,-0.107,-0.112,-0.044,-0.049
5.878,-0.083,-0.049,0.034,0.068,-0.059,-0.01,-0.083,-0.068,-0.083,-0.093,-0.024,-0.034
5.88,-0.063,-0.039,0.024,0.054,-0.044,-0.01,-0.073,-0.054,-0.073,-0.088,-0.024,-0.044
5.882,-0.024,-0.034,-0.01,0.029,-0.01,-0.024,-0.068,-0.049,-0.068,-0.088,-0.029,-0.054
5.884,-0.015,-0.039,-0.024,0.029,0.005,-0.034,-0.049,-0.034,-0.049,-0.073,-0.015,-0.044
5.886,-0.005,-0.039,-0.034,0.024,0.015,-0.039,-0.054,-0.039,-0.049,-0.073,-0.015,-0.049
5.888,0.005,-0.029,-0.034,0.015,0.02,-0.034,-0.068,-0.059,-0.059,-0.073,-0.02,-0.044
5.89,-0.024,-0.029,-0.005,0.029,-0.01,-0.02,-0.078,-0.063,-0.073,-0.088,-0.015,-0.044
5.892,-0.054,-0.044,0.01,0.049,-0.034,-0.02,-0.093,-0.083,-0.093,-0.102,-0.039,-0.049
5.894,-0.059,-0.054,0.005,0.059,-0.034,-0.024,-0.107,-0.098,-0.107,-0.107,-0.044,-0.049
5.896,-0.059,-0.049,0.01,0.054,-0.034,-0.02,-0.112,-0.093,-0.102,-0.107,-0.044,-0.049
5.898,-0.044,-0.049,-0.005,0.049,-0.02,-0.029,-0.102,-0.078,-0.088,-0.093,-0.039,-0.049
5.9,-0.039,-0.049,-0.01,0.044,-0.015,-0.029,-0.093,-0.073,-0.083,-0.093,-0.029,-0.049
5.902,-0.034,-0.049,-0.015,0.044,-0.01,-0.034,-0.078,-0.054,-0.059,-0.078,-0.015,-0.039
5.904,-0.02,-0.039,-0.02,0.029,0.0,-0.029,-0.068,-0.049,-0.049,-0.073,-0.01,-0.039
5.906,-0.005,-0.029,-0.024,0.02,0.01,-0.029,-0.068,-0.059,-0.054,-0.078,-0.01,-0.044
5.908,-0.005,-0.02,-0.015,0.015,0.005,-0.02,-0.073,-0.063,-0.063,-0.083,-0.02,-0.044
5.91,-0.01,-0.01,0.0,0.01,-0.005,-0.005,-0.078,-0.073,-0.073,-0.088,-0.02,-0.044
5.912,-0.029,-0.02,0.01,0.024,-0.02,-0.005,-0.088,-0.093,-0.088,-0.093,-0.034,-0.049
5.914,-0.044,-0.029,0.015,0.039,-0.029,-0.01,-0.107,-0.112,-0.107,-0.102,-0.039,-0.054
5.916,-0.054,-0.049,0.005,0.054,-0.029,-0.024,-0.102,-0.107,-0.102,-0.098,-0.029,-0.044
5.918,-0.049,-0.049,0.0,0.049,-0.024,-0.024,-0.098,-0.093,-0.093,-0.088,-0.029,-0.039
5.92,-0.034,-0.039,-0.005,0.039,-0.015,-0.024,-0.088,-0.088,-0.093,-0.093,-0.029,-0.039
5.922,-0.039,-0.049,-0.01,0.044,-0.015,-0.029,-0.073,-0.078,-0.078,-0.083,-0.02,-0.034
5.924,-0.02,-0.044,-0.024,0.034,0.0,-0.034,-0.059,-0.059,-0.059,-0.073,-0.02,-0.034
5.926,-0.015,-0.039,-0.024,0.029,0.005,-0.034,-0.068,-0.063,-0.068,-0.078,-0.02,-0.044
5.928,-0.029,-0.044,-0.015,0.039,-0.01,-0.029,-0.063,-0.068,-0.068,-0.083,-0.02,-0.049
5.93,-0.034,-0.039,-0.005,0.039,-0.015,-0.024,-0.068,-0.073,-0.073,-0.078,-0.024,-0.049
5.932,-0.044,-0.044,0.0,0.044,-0.024,-0.024,-0.078,-0.098,-0.093,-0.093,-0.029,-0.054
5.934,-0.063,-0.039,0.024,0.054,-0.044,-0.01,-0.088,-0.112,-0.107,-0.098,-0.039,-0.049
5.936,-0.049,-0.049,0.0,0.049,-0.024,-0.024,-0.102,-0.122,-0.117,-0.102,-0.049,-0.054
5.938,-0.039,-0.044,-0.005,0.044,-0.02,-0.024,-0.088,-0.102,-0.102,-0.093,-0.039,-0.049
5.94,-0.029,-0.049,-0.02,0.039,-0.005,-0.034,-0.083,-0.088,-0.088,-0.083,-0.034,-0.044
5.942,-0.029,-0.073,-0.044,0.054,0.005,-0.059,-0.083,-0.088,-0.088,-0.083,-0.034,-0.054
5.944,-0.015,-0.068,-0.054,0.044,0.02,-0.063,-0.068,-0.068,-0.068,-0.068,-0.024,-0.044
5.946,-0.015,-0.054,-0.039,0.034,0.01,-0.049,-0.059,-0.063,-0.059,-0.063,-0.02,-0.034
5.948,-0.024,-0.059,-0.034,0.044,0.005,-0.049,-0.073,-0.083,-0.073,-0.073,-0.02,-0.039
5.95,-0.029,-0.054,-0.024,0.044,-0.005,-0.039,-0.073,-0.083,-0.073,-0.073,-0.015,-0.029
5.952,-0.029,-0.049,-0.02,0.039,-0.005,-0.034,-0.088,-0.107,-0.093,-0.098,-0.029,-0.039
5.954,-0.039,-0.044,-0.005,0.044,-0.02,-0.024,-0.093,-0.122,-0.107,-0.102,-0.034,-0.039
5.956,-0.034,-0.034,0.0,0.034,-0.02,-0.02,-0.083,-0.107,-0.098,-0.093,-0.029,-0.029
5.958,-0.039,-0.029,0.01,0.034,-0.024,-0.01,-0.073,-0.093,-0.083,-0.083,-0.02,-0.024
5.96,-0.034,-0.039,-0.005,0.039,-0.015,-0.024,-0.068,-0.093,-0.083,-0.083,-0.024,-0.034
5.962,-0.024,-0.054,-0.029,0.039,0.0,-0.044,-0.063,-0.088,-0.073,-0.083,-0.024,-0.039
5.964,-0.005,-0.054,-0.049,0.029,0.02,-0.054,-0.063,-0.083,-0.068,-0.078,-0.029,-0.049
5.966,-0.005,-0.039,-0.034,0.024,0.015,-0.039,-0.059,-0.088,-0.063,-0.078,-0.024,-0.039
5.968,-0.015,-0.029,-0.015,0.024,0.0,-0.024,-0.068,-0.098,-0.073,-0.083,-0.029,-0.044
5.97,-0.024,-0.039,-0.015,0.034,-0.005,-0.029,-0.083,-0.112,-0.093,-0.093,-0.034,-0.044
5.972,-0.034,-0.039,-0.005,0.039,-0.015,-0.024,-0.088,-0.112,-0.093,-0.098,-0.029,-0.039
5.974,-0.034,-0.034,0.0,0.034,-0.02,-0.02,-0.093,-0.127,-0.112,-0.102,-0.039,-0.039
5.976,-0.039,-0.049,-0.01,0.044,-0.015,-0.029,-0.102,-0.137,-0.117,-0.112,-0.049,-0.049
5.978,-0.029,-0.029,0.0,0.029,-0.015,-0.015,-0.083,-0.117,-0.102,-0.098,-0.039,-0.044
5.98,-0.034,-0.029,0.005,0.034,-0.02,-0.015,-0.068,-0.093,-0.083,-0.093,-0.034,-0.044
5.982,-0.01,-0.044,-0.034,0.029,0.01,-0.039,-0.068,-0.088,-0.078,-0.088,-0.034,-0.049
5.984,-0.01,-0.049,-0.039,0.029,0.015,-0.044,-0.059,-0.078,-0.063,-0.073,-0.024,-0.039
5.986,-0.015,-0.044,-0.029,0.029,0.005,-0.039,-0.059,-0.083,-0.059,-0.073,-0.024,-0.044
5.988,-0.024,-0.039,-0.015,0.034,-0.005,-0.029,-0.063,-0.098,-0.073,-0.078,-0.029,-0.044
5.99,-0.029,-0.054,-0.024,0.044,-0.005,-0.039,-0.073,-0.107,-0.088,-0.088,-0.039,-0.034
5.992,-0.034,-0.054,-0.02,0.044,-0.01,-0.039,-0.098,-0.127,-0.102,-0.098,-0.049,-0.044
5.994,-0.049,-0.054,-0.005,0.054,-0.024,-0.029,-0.107,-0.137,-0.117,-0.102,-0.049,-0.039
5.996,-0.049,-0.059,-0.01,0.054,-0.02,-0.034,-0.112,-0.137,-0.117,-0.107,-0.054,-0.049
5.998,-0.044,-0.049,-0.005,0.049,-0.02,-0.029,-0.088,-0.127,-0.107,-0.102,-0.059,-0.049
6.0,-0.034,-0.049,-0.015,0.044,-0.01,-0.034,-0.073,-0.107,-0.088,-0.088,-0.044,-0.044
6.002,-0.044,-0.039,0.005,0.044,-0.024,-0.02,-0.063,-0.093,-0.078,-0.078,-0.034,-0.034
6.004,-0.024,-0.044,-0.02,0.034,-0.005,-0.034,-0.063,-0.083,-0.063,-0.073,-0.024,-0.034
6.006,-0.005,-0.054,-0.049,0.029,0.02,-0.054,-0.068,-0.093,-0.073,-0.083,-0.039,-0.044
6.008,-0.024,-0.054,-0.029,0.039,0.0,-0.044,-0.073,-0.102,-0.078,-0.088,-0.039,-0.044
6.01,-0.02,-0.044,-0.024,0.034,0.0,-0.034,-0.078,-0.117,-0.093,-0.102,-0.044,-0.044
6.012,-0.034,-0.059,-0.024,0.049,-0.005,-0.044,-0.098,-0.142,-0.112,-0.112,-0.054,-0.049
6.014,-0.039,-0.054,-0.015,0.049,-0.015,-0.034,-0.112,-0.151,-0.122,-0.112,-0.063,-0.049
6.016,-0.059,-0.059,0.0,0.059,-0.029,-0.029,-0.102,-0.137,-0.112,-0.102,-0.054,-0.044
6.018,-0.054,-0.068,-0.015,0.063,-0.02,-0.044,-0.093,-0.132,-0.098,-0.098,-0.049,-0.039
6.02,-0.029,-0.059,-0.029,0.044,0.0,-0.044,-0.083,-0.117,-0.093,-0.098,-0.044,-0.039
6.022,-0.02,-0.054,-0.034,0.039,0.005,-0.044,-0.083,-0.112,-0.078,-0.083,-0.039,-0.034
6.024,-0.005,-0.049,-0.044,0.029,0.02,-0.049,-0.068,-0.093,-0.063,-0.078,-0.034,-0.044
6.026,0.005,-0.034,-0.039,0.015,0.02,-0.039,-0.073,-0.088,-0.063,-0.073,-0.024,-0.039
6.028,-0.01,-0.044,-0.034,0.029,0.01,-0.039,-0.078,-0.098,-0.063,-0.083,-0.034,-0.039
6.03,-0.015,-0.044,-0.029,0.029,0.005,-0.039,-0.083,-0.107,-0.078,-0.078,-0.039,-0.044
6.032,-0.034,-0.059,-0.024,0.049,-0.005,-0.044,-0.093,-0.127,-0.098,-0.098,-0.039,-0.044
6.034,-0.054,-0.073,-0.02,0.063,-0.02,-0.049,-0.107,-0.146,-0.117,-0.107,-0.059,-0.039
6.036,-0.044,-0.073,-0.029,0.059,-0.01,-0.054,-0.107,-0.146,-0.112,-0.102,-0.059,-0.034
6.038,-0.044,-0.083,-0.039,0.063,-0.005,-0.063,-0.107,-0.142,-0.112,-0.102,-0.059,-0.034
6.04,-0.024,-0.068,-0.044,0.049,0.01,-0.059,-0.088,-0.122,-0.093,-0.083,-0.044,-0.024
6.042,-0.015,-0.059,-0.044,0.039,0.015,-0.054,-0.078,-0.107,-0.078,-0.078,-0.039,-0.02
6.044,-0.02,-0.059,-0.039,0.039,0.01,-0.049,-0.063,-0.093,-0.063,-0.068,-0.029,-0.02
6.046,-0.005,-0.049,-0.044,0.029,0.02,-0.049,-0.059,-0.088,-0.059,-0.073,-0.024,-0.02
6.048,-0.01,-0.034,-0.024,0.024,0.005,-0.029,-0.078,-0.107,-0.068,-0.078,-0.029,-0.029
6.05,-0.01,-0.029,-0.02,0.02,0.005,-0.024,-0.078,-0.107,-0.068,-0.078,-0.029,-0.024
6.052,-0.02,-0.02,0.0,0.02,-0.01,-0.01,-0.088,-0.127,-0.083,-0.088,-0.034,-0.024
6.054,-0.054,-0.024,0.029,0.039,-0.044,0.0,-0.093,-0.142,-0.098,-0.088,-0.049,-0.024
6.056,-0.044,-0.024,0.02,0.034,-0.034,-0.005,-0.093,-0.132,-0.093,-0.083,-0.049,-0.02
6.058,-0.024,-0.015,0.01,0.02,-0.02,-0.005,-0.078,-0.112,-0.073,-0.073,-0.039,-0.02
6.06,-0.034,-0.024,0.01,0.029,-0.024,-0.01,-0.068,-0.102,-0.063,-0.063,-0.034,-0.02
6.062,-0.02,-0.024,-0.005,0.024,-0.01,-0.015,-0.068,-0.088,-0.054,-0.054,-0.034,-0.02
6.064,0.0,-0.02,-0.02,0.01,0.01,-0.02,-0.049,-0.073,-0.029,-0.039,-0.02,-0.01
6.066,0.01,-0.015,-0.024,0.005,0.015,-0.02,-0.054,-0.078,-0.029,-0.044,-0.015,-0.005
6.068,0.01,0.005,-0.005,-0.005,0.005,0.0,-0.063,-0.093,-0.044,-0.049,-0.02,-0.005
6.07,0.0,0.015,0.015,-0.005,-0.01,0.015,-0.073,-0.107,-0.054,-0.059,-0.02,-0.005
6.072,-0.005,0.02,0.024,-0.005,-0.015,0.02,-0.078,-0.117,-0.063,-0.059,-0.024,-0.005
6.074,-0.02,0.01,0.029,0.005,-0.024,0.02,-0.083,-0.122,-0.078,-0.068,-0.039,-0.01
6.076,-0.029,0.0,0.029,0.015,-0.029,0.015,-0.073,-0.112,-0.073,-0.063,-0.039,-0.01
6.078,-0.015,0.0,0.015,0.01,-0.015,0.005,-0.063,-0.098,-0.059,-0.059,-0.039,-0.01
6.08,-0.024,-0.005,0.02,0.015,-0.024,0.005,-0.059,-0.083,-0.044,-0.049,-0.024,0.0
6.082,-0.01,0.015,0.024,0.0,-0.02,0.02,-0.054,-0.073,-0.034,-0.034,-0.015,0.0
6.084,0.034,0.039,0.005,-0.034,0.015,0.02,-0.049,-0.063,-0.015,-0.02,-0.005,0.01
6.086,0.01,0.034,0.024,-0.02,-0.01,0.029,-0.059,-0.063,-0.01,-0.015,0.005,0.02
6.088,0.005,0.024,0.02,-0.015,-0.01,0.02,-0.088,-0.098,-0.029,-0.029,-0.005,0.015
6.09,0.0,0.02,0.02,-0.01,-0.01,0.02,-0.122,-0.122,-0.054,-0.049,-0.015,0.01
6.092,-0.01,0.01,0.02,0.0,-0.015,0.015,-0.151,-0.137,-0.073,-0.059,-0.029,0.005
6.094,0.0,0.024,0.024,-0.01,-0.015,0.024,-0.171,-0.151,-0.083,-0.068,-0.034,0.005
6.096,0.005,0.024,0.02,-0.015,-0.01,0.02,-0.181,-0.156,-0.083,-0.073,-0.039,0.005
6.098,-0.005,0.01,0.015,0.0,-0.01,0.01,-0.176,-0.146,-0.078,-0.063,-0.034,0.005
6.1,0.024,0.029,0.005,-0.024,0.01,0.015,-0.151,-0.122,-0.054,-0.044,-0.015,0.02
6.102,0.024,0.024,0.0,-0.024,0.01,0.01,-0.132,-0.102,-0.039,-0.024,0.0,0.02
6.104,0.039,0.02,-0.02,-0.029,0.029,0.0,-0.107,-0.083,-0.02,-0.015,0.005,0.024
6.106,0.044,0.029,-0.015,-0.034,0.029,0.005,-0.107,-0.093,-0.029,-0.034,-0.01,0.015
6.108,0.024,0.024,0.0,-0.024,0.01,0.01,-0.127,-0.117,-0.054,-0.044,-0.024,0.015
6.11,0.024,0.02,-0.005,-0.02,0.015,0.005,-0.127,-0.127,-0.054,-0.054,-0.024,0.015
6.112,0.01,0.01,0.0,-0.01,0.005,0.005,-0.142,-0.151,-0.083,-0.073,-0.044,-0.005
6.114,-0.005,0.0,0.005,0.005,-0.005,0.0,-0.156,-0.176,-0.102,-0.083,-0.054,-0.01
6.116,-0.01,0.0,0.01,0.005,-0.01,0.005,-0.151,-0.171,-0.102,-0.083,-0.054,-0.005
6.118,-0.015,-0.01,0.005,0.015,-0.01,-0.005,-0.146,-0.161,-0.098,-0.083,-0.054,-0.005
6.12,-0.015,-0.02,-0.005,0.02,-0.005,-0.015,-0.137,-0.151,-0.093,-0.083,-0.054,0.0
6.122,-0.005,-0.039,-0.034,0.024,0.015,-0.039,-0.132,-0.146,-0.088,-0.083,-0.063,-0.005
6.124,0.01,-0.054,-0.063,0.024,0.034,-0.059,-0.127,-0.142,-0.083,-0.078,-0.059,-0.02
6.126,0.01,-0.054,-0.063,0.024,0.034,-0.059,-0.122,-0.137,-0.078,-0.078,-0.054,-0.015
6.128,-0.024,-0.059,-0.034,0.044,0.005,-0.049,-0.117,-0.142,-0.083,-0.083,-0.059,-0.02
6.13,-0.029,-0.068,-0.039,0.049,0.005,-0.054,-0.127,-0.156,-0.098,-0.093,-0.078,-0.029
6.132,-0.039,-0.063,-0.024,0.054,-0.01,-0.044,-0.142,-0.176,-0.117,-0.107,-0.083,-0.034
6.134,-0.068,-0.073,-0.005,0.073,-0.034,-0.039,-0.156,-0.205,-0.137,-0.117,-0.093,-0.039
6.136,-0.063,-0.078,-0.015,0.073,-0.024,-0.049,-0.156,-0.205,-0.146,-0.117,-0.098,-0.034
6.138,-0.049,-0.078,-0.029,0.063,-0.01,-0.054,-0.146,-0.19,-0.137,-0.117,-0.088,-0.034
6.14,-0.039,-0.078,-0.039,0.059,0.0,-0.059,-0.132,-0.181,-0.127,-0.112,-0.093,-0.039
6.142,-0.029,-0.083,-0.054,0.059,0.01,-0.068,-0.122,-0.166,-0.117,-0.102,-0.093,-0.039
6.144,-0.029,-0.088,-0.059,0.059,0.015,-0.073,-0.112,-0.156,-0.107,-0.107,-0.093,-0.039
6.146,-0.034,-0.098,-0.063,0.068,0.015,-0.083,-0.102,-0.146,-0.093,-0.098,-0.088,-0.039
6.148,-0.039,-0.102,-0.063,0.073,0.01,-0.083,-0.117,-0.161,-0.107,-0.112,-0.098,-0.049
6.15,-0.044,-0.107,-0.063,0.078,0.01,-0.088,-0.117,-0.171,-0.122,-0.117,-0.107,-0.044
6.152,-0.054,-0.107,-0.054,0.083,0.0,-0.083,-0.127,-0.181,-0.132,-0.122,-0.107,-0.044
6.154,-0.063,-0.107,-0.044,0.088,-0.01,-0.078,-0.146,-0.205,-0.156,-0.132,-0.117,-0.044
6.156,-0.063,-0.107,-0.044,0.088,-0.01,-0.078,-0.151,-0.205,-0.161,-0.132,-0.122,-0.054
6.158,-0.044,-0.107,-0.063,0.078,0.01,-0.088,-0.132,-0.19,-0.142,-0.122,-0.107,-0.044
6.16,-0.034,-0.093,-0.059,0.063,0.01,-0.078,-0.137,-0.181,-0.137,-0.117,-0.107,-0.044
6.162,-0.039,-0.093,-0.054,0.068,0.005,-0.073,-0.122,-0.161,-0.117,-0.098,-0.093,-0.029
6.164,-0.02,-0.083,-0.063,0.054,0.02,-0.073,-0.107,-0.146,-0.098,-0.088,-0.078,-0.024
6.166,-0.024,-0.083,-0.059,0.054,0.015,-0.073,-0.102,-0.146,-0.098,-0.098,-0.078,-0.024
6.168,-0.029,-0.093,-0.063,0.063,0.015,-0.078,-0.112,-0.156,-0.107,-0.102,-0.083,-0.024
6.17,-0.034,-0.102,-0.068,0.068,0.015,-0.088,-0.117,-0.166,-0.112,-0.107,-0.093,-0.029
6.172,-0.054,-0.107,-0.054,0.083,0.0,-0.083,-0.122,-0.176,-0.127,-0.112,-0.093,-0.029
6.174,-0.068,-0.102,-0.034,0.088,-0.02,-0.068,-0.137,-0.19,-0.142,-0.112,-0.102,-0.029
6.176,-0.068,-0.102,-0.034,0.088,-0.02,-0.068,-0.142,-0.195,-0.146,-0.117,-0.112,-0.039
6.178,-0.044,-0.102,-0.059,0.073,0.005,-0.083,-0.132,-0.176,-0.132,-0.112,-0.107,-0.039
6.18,-0.039,-0.098,-0.059,0.068,0.01,-0.078,-0.122,-0.161,-0.112,-0.102,-0.102,-0.044
6.182,-0.029,-0.098,-0.068,0.063,0.02,-0.083,-0.102,-0.142,-0.098,-0.088,-0.098,-0.044
6.184,0.01,-0.083,-0.093,0.039,0.049,-0.088,-0.088,-0.132,-0.083,-0.083,-0.088,-0.044
6.186,0.005,-0.078,-0.083,0.039,0.044,-0.083,-0.088,-0.132,-0.078,-0.083,-0.083,-0.034
6.188,-0.02,-0.078,-0.059,0.049,0.02,-0.068,-0.098,-0.142,-0.083,-0.083,-0.083,-0.034
6.19,-0.034,-0.078,-0.044,0.059,0.005,-0.063,-0.098,-0.132,-0.083,-0.078,-0.078,-0.029
6.192,-0.034,-0.073,-0.039,0.054,0.0,-0.059,-0.102,-0.146,-0.093,-0.098,-0.107,-0.044
6.194,-0.049,-0.073,-0.024,0.063,-0.015,-0.049,-0.083,-0.117,-0.063,-0.078,-0.107,-0.049
6.196,-0.029,-0.063,-0.034,0.049,0.0,-0.049,-0.029,-0.024,0.015,-0.034,-0.098,-0.054
6.198,-0.024,-0.049,-0.024,0.039,0.0,-0.039,0.044,0.093,0.112,0.029,-0.083,-0.049
6.2,-0.029,-0.029,0.0,0.029,-0.015,-0.015,0.073,0.156,0.185,0.102,-0.029,-0.024
6.202,-0.01,0.005,0.015,0.005,-0.015,0.01,0.093,0.22,0.288,0.22,0.054,0.034
6.204,0.049,0.044,-0.005,-0.044,0.024,0.02,0.127,0.312,0.415,0.346,0.146,0.088
6.206,0.107,0.073,-0.034,-0.088,0.068,0.02,0.137,0.395,0.551,0.488,0.249,0.146
6.208,0.161,0.127,-0.034,-0.142,0.098,0.044,0.122,0.449,0.693,0.688,0.41,0.249
6.21,0.224,0.166,-0.059,-0.195,0.142,0.054,0.132,0.517,0.869,0.937,0.605,0.371
6.212,0.264,0.19,-0.073,-0.224,0.166,0.059,0.151,0.595,1.039,1.171,0.786,0.478
6.214,0.307,0.224,-0.083,-0.264,0.195,0.068,0.142,0.63,1.171,1.371,0.932,0.586
6.216,0.386,0.283,-0.102,-0.332,0.244,0.088,0.088,0.63,1.269,1.537,1.088,0.698
6.218,0.468,0.332,-0.137,-0.4,0.303,0.098,0.0,0.595,1.322,1.649,1.215,0.805
6.22,0.512,0.376,-0.137,-0.444,0.322,0.117,-0.122,0.498,1.269,1.615,1.259,0.878
6.222,0.551,0.434,-0.117,-0.493,0.332,0.156,-0.249,0.327,1.122,1.484,1.235,0.913
6.224,0.556,0.454,-0.102,-0.503,0.327,0.176,-0.351,0.142,0.898,1.254,1.147,0.903
6.226,0.517,0.454,-0.063,-0.483,0.288,0.195,-0.468,-0.171,0.488,0.864,0.956,0.849
6.228,0.39,0.439,0.049,-0.415,0.171,0.244,-0.59,-0.688,-0.229,0.185,0.605,0.703
6.23,0.215,0.42,0.205,-0.317,0.005,0.312,-0.693,-1.235,-0.981,-0.468,0.268,0.566
6.232,0.093,0.386,0.293,-0.239,-0.102,0.337,-0.766,-1.601,-1.469,-0.893,0.005,0.429
6.234,-0.029,0.327,0.356,-0.146,-0.195,0.342,-0.844,-1.815,-1.737,-1.176,-0.264,0.264
6.236,-0.093,0.229,0.322,-0.068,-0.21,0.273,-0.913,-1.845,-1.771,-1.279,-0.449,0.107
6.238,-0.122,0.122,0.244,0.0,-0.185,0.181,-0.917,-1.762,-1.693,-1.24,-0.512,0.005
6.24,-0.181,0.049,0.229,0.068,-0.205,0.137,-0.903,-1.654,-1.571,-1.161,-0.542,-0.068
6.242,-0.224,0.039,0.264,0.093,-0.244,0.151,-0.917,-1.571,-1.464,-1.074,-0.517,-0.098
6.244,-0.224,0.059,0.283,0.083,-0.254,0.171,-0.937,-1.523,-1.386,-1.01,-0.483,-0.093
6.246,-0.2,0.049,0.249,0.078,-0.224,0.146,-0.922,-1.435,-1.298,-0.966,-0.473,-0.102
6.248,-0.185,0.015,0.2,0.088,-0.195,0.107,-0.859,-1.308,-1.181,-0.903,-0.459,-0.122
6.25,-0.19,-0.015,0.176,0.102,-0.185,0.078,-0.805,-1.176,-1.074,-0.83,-0.434,-0.127
6.252,-0.176,-0.01,0.166,0.093,-0.171,0.078,-0.727,-1.039,-0.942,-0.742,-0.405,-0.122
6.254,-0.146,-0.02,0.127,0.083,-0.137,0.054,-0.639,-0.888,-0.81,-0.649,-0.381,-0.127
6.256,-0.112,-0.054,0.059,0.083,-0.088,0.0,-0.547,-0.727,-0.664,-0.542,-0.337,-0.122
6.258,-0.073,-0.063,0.01,0.068,-0.044,-0.029,-0.444,-0.581,-0.517,-0.425,-0.273,-0.102
6.26,-0.063,-0.068,-0.005,0.068,-0.029,-0.039,-0.351,-0.439,-0.386,-0.322,-0.215,-0.073
6.262,-0.054,-0.068,-0.015,0.063,-0.02,-0.044,-0.264,-0.346,-0.293,-0.259,-0.176,-0.054
6.264,-0.029,-0.054,-0.024,0.044,-0.005,-0.039,-0.19,-0.273,-0.224,-0.21,-0.146,-0.039
6.266,-0.024,-0.044,-0.02,0.034,-0.005,-0.034,-0.166,-0.239,-0.195,-0.195,-0.142,-0.044
6.268,-0.039,-0.059,-0.02,0.049,-0.01,-0.039,-0.146,-0.224,-0.185,-0.195,-0.156,-0.054
6.27,-0.044,-0.054,-0.01,0.049,-0.02,-0.034,-0.127,-0.185,-0.156,-0.171,-0.151,-0.054
6.272,-0.068,-0.063,0.005,0.068,-0.039,-0.029,-0.107,-0.156,-0.137,-0.156,-0.142,-0.049
6.274,-0.068,-0.063,0.005,0.068,-0.039,-0.029,-0.093,-0.151,-0.122,-0.142,-0.146,-0.049
6.276,-0.054,-0.068,-0.015,0.063,-0.02,-0.044,-0.078,-0.127,-0.102,-0.122,-0.146,-0.049
6.278,-0.034,-0.073,-0.039,0.054,0.0,-0.059,-0.063,-0.107,-0.088,-0.112,-0.137,-0.054
6.28,-0.02,-0.078,-0.059,0.049,0.02,-0.068,-0.049,-0.093,-0.063,-0.098,-0.122,-0.044
6.282,-0.02,-0.083,-0.063,0.054,0.02,-0.073,-0.044,-0.083,-0.054,-0.083,-0.112,-0.039
6.284,-0.01,-0.088,-0.078,0.049,0.034,-0.083,-0.02,-0.054,-0.029,-0.073,-0.098,-0.039
6.286,-0.01,-0.078,-0.068,0.044,0.029,-0.073,-0.01,-0.044,-0.02,-0.068,-0.102,-0.039
6.288,-0.044,-0.083,-0.039,0.063,-0.005,-0.063,-0.01,-0.029,-0.01,-0.054,-0.102,-0.039
6.29,-0.034,-0.083,-0.049,0.059,0.005,-0.068,-0.01,-0.034,-0.01,-0.059,-0.102,-0.049
6.292,-0.015,-0.078,-0.063,0.049,0.024,-0.073,-0.015,-0.039,-0.015,-0.059,-0.112,-0.054
6.294,-0.024,-0.078,-0.054,0.054,0.015,-0.068,-0.015,-0.044,-0.024,-0.059,-0.112,-0.049
6.296,-0.029,-0.093,-0.063,0.063,0.015,-0.078,-0.015,-0.034,-0.02,-0.063,-0.112,-0.039
6.298,-0.039,-0.107,-0.068,0.073,0.015,-0.088,-0.01,-0.034,-0.015,-0.059,-0.107,-0.044
6.3,-0.015,-0.088,-0.073,0.054,0.029,-0.083,-0.01,-0.024,-0.01,-0.059,-0.098,-0.039
6.302,-0.01,-0.093,-0.083,0.054,0.034,-0.088,0.005,-0.005,0.005,-0.044,-0.093,-0.039
6.304,0.0,-0.083,-0.083,0.044,0.039,-0.083,0.024,0.02,0.029,-0.034,-0.088,-0.039
6.306,0.0,-0.073,-0.073,0.039,0.034,-0.073,0.034,0.034,0.049,-0.029,-0.073,-0.034
6.308,-0.01,-0.068,-0.059,0.039,0.024,-0.063,0.02,0.024,0.039,-0.034,-0.083,-0.039
6.31,-0.02,-0.083,-0.063,0.054,0.02,-0.073,0.024,0.024,0.039,-0.024,-0.078,-0.034
6.312,-0.02,-0.083,-0.063,0.054,0.02,-0.073,0.02,0.01,0.024,-0.029,-0.073,-0.029
6.314,-0.034,-0.093,-0.059,0.063,0.01,-0.078,0.0,-0.01,0.005,-0.039,-0.093,-0.029
6.316,-0.029,-0.093,-0.063,0.063,0.015,-0.078,-0.01,-0.015,-0.005,-0.049,-0.088,-0.029
6.318,-0.01,-0.088,-0.078,0.049,0.034,-0.083,-0.005,-0.01,0.0,-0.059,-0.102,-0.039
6.32,-0.005,-0.078,-0.073,0.044,0.034,-0.078,0.01,0.02,0.02,-0.049,-0.102,-0.044
6.322,0.01,-0.068,-0.078,0.029,0.044,-0.073,0.029,0.049,0.044,-0.024,-0.083,-0.034
6.324,0.029,-0.059,-0.088,0.015,0.059,-0.073,0.054,0.078,0.068,-0.015,-0.073,-0.034
6.326,0.024,-0.063,-0.088,0.02,0.054,-0.078,0.049,0.083,0.078,-0.01,-0.078,-0.034
6.328,0.029,-0.063,-0.093,0.02,0.059,-0.078,0.034,0.063,0.063,-0.015,-0.078,-0.029
6.33,0.01,-0.068,-0.078,0.029,0.044,-0.073,0.029,0.044,0.049,-0.024,-0.078,-0.029
6.332,0.0,-0.063,-0.063,0.034,0.029,-0.063,0.015,0.034,0.034,-0.034,-0.083,-0.029
6.334,-0.01,-0.063,-0.054,0.039,0.02,-0.059,0.01,0.02,0.02,-0.049,-0.093,-0.029
6.336,-0.024,-0.059,-0.034,0.044,0.005,-0.049,0.005,0.015,0.015,-0.044,-0.102,-0.039
6.338,-0.01,-0.063,-0.054,0.039,0.02,-0.059,0.02,0.039,0.034,-0.024,-0.098,-0.039
6.34,0.005,-0.073,-0.078,0.034,0.039,-0.078,0.029,0.049,0.049,-0.024,-0.098,-0.044
6.342,0.0,-0.083,-0.083,0.044,0.039,-0.083,0.044,0.078,0.073,0.0,-0.083,-0.039
6.344,0.01,-0.083,-0.093,0.039,0.049,-0.088,0.073,0.112,0.102,0.02,-0.054,-0.029
6.346,0.034,-0.068,-0.102,0.02,0.068,-0.088,0.073,0.117,0.102,0.015,-0.054,-0.029
6.348,0.029,-0.063,-0.093,0.02,0.059,-0.078,0.063,0.098,0.093,0.01,-0.059,-0.024
6.35,0.01,-0.059,-0.068,0.024,0.039,-0.063,0.059,0.083,0.073,-0.005,-0.073,-0.029
6.352,-0.01,-0.063,-0.054,0.039,0.02,-0.059,0.059,0.088,0.068,0.0,-0.073,-0.024
6.354,-0.015,-0.049,-0.034,0.034,0.01,-0.044,0.049,0.073,0.059,-0.005,-0.088,-0.044
6.356,-0.01,-0.063,-0.054,0.039,0.02,-0.059,0.054,0.083,0.063,0.0,-0.088,-0.034
6.358,-0.01,-0.078,-0.068,0.044,0.029,-0.073,0.063,0.107,0.083,0.01,-0.083,-0.034
6.36,0.0,-0.068,-0.068,0.034,0.034,-0.068,0.083,0.127,0.098,0.024,-0.059,-0.029
6.362,0.01,-0.073,-0.083,0.034,0.044,-0.078,0.102,0.146,0.122,0.034,-0.054,-0.02
6.364,0.029,-0.063,-0.093,0.02,0.059,-0.078,0.127,0.161,0.142,0.044,-0.034,-0.01
6.366,0.044,-0.049,-0.093,0.005,0.068,-0.073,0.132,0.166,0.146,0.039,-0.029,-0.005
6.368,0.034,-0.059,-0.093,0.015,0.063,-0.078,0.127,0.161,0.137,0.029,-0.039,-0.005
6.37,0.029,-0.049,-0.078,0.01,0.054,-0.063,0.132,0.171,0.142,0.044,-0.039,0.0
6.372,0.015,-0.054,-0.068,0.02,0.039,-0.063,0.127,0.166,0.142,0.039,-0.039,-0.005
6.374,-0.005,-0.054,-0.049,0.029,0.02,-0.054,0.122,0.166,0.137,0.044,-0.044,-0.005
6.376,0.0,-0.049,-0.049,0.024,0.024,-0.049,0.122,0.176,0.146,0.059,-0.044,-0.005
6.378,-0.01,-0.059,-0.049,0.034,0.02,-0.054,0.137,0.185,0.161,0.063,-0.034,-0.01
6.38,0.005,-0.049,-0.054,0.024,0.029,-0.054,0.151,0.21,0.181,0.083,-0.02,0.005
6.382,0.039,-0.044,-0.083,0.005,0.059,-0.063,0.156,0.224,0.19,0.088,-0.02,0.005
6.384,0.049,-0.044,-0.093,0.0,0.068,-0.068,0.171,0.254,0.21,0.093,-0.005,0.005
6.386,0.049,-0.024,-0.073,-0.01,0.059,-0.049,0.185,0.273,0.224,0.098,0.0,0.015
6.388,0.039,-0.024,-0.063,-0.005,0.049,-0.044,0.19,0.283,0.234,0.107,0.005,0.015
6.39,0.049,-0.024,-0.073,-0.01,0.059,-0.049,0.185,0.283,0.239,0.107,0.0,0.01
6.392,0.044,-0.015,-0.059,-0.015,0.049,-0.039,0.181,0.293,0.249,0.122,0.0,0.01
6.394,0.02,-0.02,-0.039,0.0,0.029,-0.029,0.185,0.298,0.254,0.132,0.005,0.029
6.396,0.034,-0.01,-0.044,-0.01,0.039,-0.029,0.19,0.307,0.259,0.132,0.005,0.029
6.398,0.024,-0.02,-0.044,0.0,0.034,-0.034,0.2,0.322,0.268,0.142,0.015,0.029
6.4,0.039,-0.024,-0.063,-0.005,0.049,-0.044,0.2,0.337,0.278,0.146,0.02,0.029
6.402,0.073,-0.015,-0.088,-0.029,0.078,-0.054,0.21,0.361,0.303,0.156,0.024,0.034
6.404,0.073,-0.02,-0.093,-0.024,0.083,-0.059,0.229,0.405,0.337,0.181,0.044,0.039
6.406,0.063,-0.024,-0.088,-0.02,0.073,-0.059,0.244,0.42,0.356,0.19,0.049,0.039
6.408,0.068,-0.01,-0.078,-0.029,0.073,-0.044,0.239,0.429,0.371,0.195,0.044,0.034
6.41,0.068,-0.005,-0.073,-0.029,0.068,-0.039,0.244,0.434,0.376,0.21,0.054,0.039
6.412,0.083,0.015,-0.068,-0.049,0.073,-0.029,0.234,0.439,0.386,0.224,0.063,0.054
6.414,0.083,0.024,-0.059,-0.054,0.068,-0.02,0.234,0.449,0.386,0.229,0.068,0.063
6.416,0.068,0.02,-0.049,-0.044,0.059,-0.015,0.229,0.449,0.39,0.229,0.073,0.073
6.418,0.063,0.02,-0.044,-0.039,0.054,-0.015,0.249,0.488,0.415,0.254,0.083,0.083
6.42,0.068,0.015,-0.054,-0.039,0.059,-0.02,0.259,0.508,0.449,0.268,0.093,0.083
6.422,0.098,0.024,-0.073,-0.059,0.083,-0.024,0.268,0.542,0.473,0.293,0.107,0.083
6.424,0.112,0.039,-0.073,-0.073,0.093,-0.02,0.293,0.581,0.512,0.327,0.132,0.098
6.426,0.122,0.054,-0.068,-0.088,0.093,-0.01,0.293,0.59,0.537,0.342,0.146,0.102
6.428,0.122,0.059,-0.063,-0.088,0.093,-0.005,0.283,0.59,0.537,0.351,0.151,0.117
6.43,0.127,0.063,-0.063,-0.093,0.093,0.0,0.283,0.595,0.547,0.366,0.166,0.132
6.432,0.112,0.073,-0.039,-0.093,0.073,0.015,0.268,0.59,0.551,0.376,0.176,0.142
6.434,0.107,0.083,-0.024,-0.093,0.063,0.029,0.264,0.586,0.551,0.386,0.185,0.156
6.436,0.112,0.078,-0.034,-0.093,0.073,0.02,0.254,0.59,0.556,0.39,0.195,0.166
6.438,0.127,0.093,-0.034,-0.107,0.078,0.029,0.259,0.615,0.576,0.405,0.205,0.166
6.44,0.161,0.122,-0.039,-0.142,0.098,0.039,0.278,0.644,0.61,0.434,0.229,0.185
6.442,0.171,0.122,-0.049,-0.146,0.107,0.034,0.278,0.654,0.634,0.459,0.239,0.185
6.444,0.185,0.127,-0.059,-0.156,0.122,0.034,0.293,0.673,0.659,0.478,0.264,0.2
6.446,0.19,0.132,-0.059,-0.161,0.122,0.034,0.288,0.683,0.669,0.493,0.273,0.21
6.448,0.185,0.132,-0.054,-0.156,0.117,0.039,0.268,0.659,0.669,0.493,0.283,0.215
6.45,0.176,0.137,-0.039,-0.156,0.107,0.049,0.259,0.649,0.664,0.498,0.288,0.234
6.452,0.181,0.146,-0.034,-0.161,0.107,0.054,0.234,0.63,0.644,0.493,0.288,0.234
6.454,0.171,0.156,-0.015,-0.161,0.093,0.068,0.229,0.63,0.644,0.498,0.288,0.234
6.456,0.166,0.161,-0.005,-0.161,0.083,0.078,0.224,0.63,0.654,0.508,0.298,0.244
6.458,0.185,0.161,-0.024,-0.171,0.102,0.068,0.22,0.625,0.649,0.512,0.307,0.244
6.46,0.195,0.171,-0.024,-0.181,0.107,0.073,0.22,0.63,0.669,0.532,0.327,0.254
6.462,0.21,0.171,-0.039,-0.19,0.122,0.063,0.229,0.63,0.669,0.537,0.337,0.264
6.464,0.22,0.171,-0.049,-0.195,0.132,0.059,0.224,0.625,0.678,0.547,0.351,0.264
6.466,0.224,0.181,-0.044,-0.2,0.132,0.068,0.205,0.605,0.673,0.542,0.356,0.264
6.468,0.2,0.171,-0.029,-0.185,0.112,0.068,0.176,0.566,0.644,0.522,0.342,0.264
6.47,0.2,0.181,-0.02,-0.19,0.107,0.078,0.146,0.537,0.625,0.517,0.342,0.268
6.472,0.171,0.166,-0.005,-0.166,0.088,0.078,0.132,0.503,0.6,0.508,0.337,0.259
6.474,0.156,0.161,0.005,-0.156,0.073,0.083,0.107,0.464,0.566,0.493,0.327,0.264
6.476,0.161,0.166,0.005,-0.161,0.078,0.083,0.093,0.444,0.547,0.493,0.322,0.264
6.478,0.156,0.151,-0.005,-0.151,0.078,0.073,0.083,0.425,0.532,0.478,0.322,0.254
6.48,0.166,0.156,-0.01,-0.161,0.088,0.073,0.073,0.395,0.508,0.464,0.312,0.249
6.482,0.181,0.171,-0.01,-0.176,0.093,0.078,0.078,0.381,0.493,0.454,0.312,0.249
6.484,0.181,0.156,-0.024,-0.166,0.102,0.063,0.083,0.361,0.468,0.425,0.307,0.239
6.486,0.171,0.142,-0.029,-0.156,0.098,0.054,0.068,0.327,0.434,0.395,0.293,0.215
6.488,0.137,0.122,-0.015,-0.127,0.073,0.054,0.049,0.288,0.395,0.361,0.264,0.2
6.49,0.112,0.112,0.0,-0.112,0.054,0.054,0.034,0.244,0.356,0.332,0.234,0.19
6.492,0.102,0.112,0.01,-0.107,0.044,0.059,0.024,0.215,0.322,0.307,0.215,0.181
6.494,0.063,0.093,0.029,-0.078,0.015,0.059,0.015,0.171,0.283,0.278,0.195,0.161
6.496,0.068,0.068,0.0,-0.068,0.034,0.034,-0.005,0.137,0.229,0.249,0.161,0.146
6.498,0.063,0.063,0.0,-0.063,0.029,0.029,0.005,0.117,0.21,0.224,0.151,0.132
6.5,0.049,0.049,0.0,-0.049,0.024,0.024,0.015,0.107,0.19,0.205,0.142,0.122
6.502,0.059,0.044,-0.015,-0.049,0.034,0.015,0.024,0.102,0.176,0.19,0.127,0.107
6.504,0.068,0.034,-0.034,-0.049,0.049,0.0,0.034,0.098,0.176,0.171,0.117,0.098
6.506,0.059,0.034,-0.024,-0.044,0.039,0.005,0.039,0.078,0.151,0.142,0.098,0.078
6.508,0.059,0.034,-0.024,-0.044,0.039,0.005,0.024,0.054,0.127,0.122,0.078,0.068
6.51,0.044,0.015,-0.029,-0.029,0.034,-0.01,0.02,0.039,0.107,0.102,0.068,0.059
6.512,0.01,0.01,0.0,-0.01,0.005,0.005,0.015,0.01,0.068,0.073,0.049,0.049
6.514,-0.01,0.0,0.01,0.005,-0.01,0.005,-0.015,-0.034,0.024,0.039,0.02,0.029
6.516,-0.005,0.0,0.005,0.005,-0.005,0.0,-0.02,-0.054,-0.005,0.015,0.0,0.02
6.518,-0.029,-0.01,0.02,0.02,-0.024,0.005,0.0,-0.044,0.0,0.01,0.0,0.024
6.52,-0.034,-0.015,0.02,0.024,-0.029,0.0,0.0,-0.049,-0.01,0.0,-0.01,0.0
6.522,0.0,-0.015,-0.015,0.01,0.005,-0.015,0.005,-0.044,-0.01,-0.005,-0.02,-0.005
6.524,0.02,-0.005,-0.024,-0.005,0.02,-0.015,0.024,-0.029,0.01,0.0,-0.01,0.0
6.526,0.005,-0.015,-0.02,0.005,0.01,-0.02,0.034,-0.024,0.015,0.0,-0.005,0.0
6.528,-0.02,-0.024,-0.005,0.024,-0.01,-0.015,0.02,-0.054,-0.015,-0.02,-0.015,-0.01
6.53,-0.015,-0.024,-0.01,0.02,-0.005,-0.02,0.015,-0.063,-0.024,-0.02,-0.02,0.0
6.532,0.0,-0.015,-0.015,0.01,0.005,-0.015,-0.005,-0.093,-0.059,-0.044,-0.039,-0.015
6.534,-0.029,-0.02,0.01,0.024,-0.02,-0.005,-0.02,-0.117,-0.083,-0.054,-0.044,-0.015
6.536,-0.054,-0.029,0.024,0.044,-0.039,-0.005,-0.01,-0.102,-0.078,-0.054,-0.039,-0.01
6.538,-0.039,-0.039,0.0,0.039,-0.02,-0.02,-0.015,-0.102,-0.083,-0.054,-0.049,-0.015
6.54,-0.039,-0.049,-0.01,0.044,-0.015,-0.029,0.0,-0.088,-0.068,-0.049,-0.049,-0.015
6.542,-0.039,-0.059,-0.02,0.049,-0.01,-0.039,0.005,-0.083,-0.063,-0.049,-0.049,-0.02
6.544,-0.024,-0.068,-0.044,0.049,0.01,-0.059,0.02,-0.073,-0.049,-0.049,-0.044,-0.024
6.546,-0.015,-0.059,-0.044,0.039,0.015,-0.054,0.024,-0.068,-0.044,-0.039,-0.034,-0.015
6.548,-0.034,-0.063,-0.029,0.049,-0.005,-0.049,0.005,-0.093,-0.068,-0.059,-0.049,-0.024
6.55,-0.029,-0.054,-0.024,0.044,-0.005,-0.039,0.0,-0.102,-0.078,-0.068,-0.054,-0.024
6.552,-0.029,-0.044,-0.015,0.039,-0.01,-0.029,-0.005,-0.112,-0.088,-0.078,-0.063,-0.024
6.554,-0.049,-0.044,0.005,0.049,-0.029,-0.02,-0.02,-0.127,-0.112,-0.088,-0.073,-0.039
6.556,-0.054,-0.044,0.01,0.049,-0.034,-0.02,-0.015,-0.127,-0.112,-0.088,-0.073,-0.034
6.558,-0.059,-0.044,0.015,0.054,-0.039,-0.015,-0.005,-0.117,-0.102,-0.073,-0.068,-0.029
6.56,-0.059,-0.039,0.02,0.049,-0.039,-0.01,-0.005,-0.112,-0.098,-0.073,-0.059,-0.034
6.562,-0.044,-0.049,-0.005,0.049,-0.02,-0.029,0.005,-0.098,-0.088,-0.068,-0.059,-0.029
6.564,-0.034,-0.054,-0.02,0.044,-0.01,-0.039,0.015,-0.088,-0.073,-0.059,-0.054,-0.029
6.566,-0.024,-0.049,-0.024,0.039,0.0,-0.039,0.029,-0.083,-0.068,-0.059,-0.049,-0.029
6.568,-0.029,-0.039,-0.01,0.034,-0.01,-0.024,0.01,-0.112,-0.093,-0.078,-0.063,-0.039
6.57,-0.044,-0.039,0.005,0.044,-0.024,-0.02,0.0,-0.112,-0.098,-0.088,-0.068,-0.039
6.572,-0.049,-0.034,0.015,0.044,-0.034,-0.01,0.005,-0.112,-0.102,-0.093,-0.073,-0.039
6.574,-0.059,-0.044,0.015,0.054,-0.039,-0.015,-0.005,-0.137,-0.117,-0.093,-0.083,-0.044
6.576,-0.054,-0.044,0.01,0.049,-0.034,-0.02,-0.015,-0.137,-0.122,-0.098,-0.093,-0.049
6.578,-0.049,-0.039,0.01,0.044,-0.029,-0.015,-0.005,-0.127,-0.117,-0.088,-0.073,-0.049
6.58,-0.054,-0.049,0.005,0.054,-0.029,-0.024,0.0,-0.122,-0.107,-0.088,-0.068,-0.044
6.582,-0.039,-0.049,-0.01,0.044,-0.015,-0.029,0.029,-0.107,-0.088,-0.073,-0.059,-0.034
6.584,-0.015,-0.044,-0.029,0.029,0.005,-0.039,0.029,-0.098,-0.083,-0.073,-0.054,-0.039
6.586,-0.01,-0.054,-0.044,0.034,0.015,-0.049,0.024,-0.102,-0.088,-0.083,-0.063,-0.054
6.588,-0.039,-0.054,-0.015,0.049,-0.015,-0.034,0.02,-0.098,-0.098,-0.088,-0.063,-0.049
6.59,-0.063,-0.049,0.015,0.059,-0.039,-0.02,0.02,-0.102,-0.093,-0.088,-0.059,-0.044
6.592,-0.054,-0.039,0.015,0.049,-0.034,-0.015,0.01,-0.107,-0.098,-0.088,-0.063,-0.044
6.594,-0.054,-0.044,0.01,0.049,-0.034,-0.02,-0.005,-0.132,-0.117,-0.102,-0.073,-0.054
6.596,-0.054,-0.049,0.005,0.054,-0.029,-0.024,-0.01,-0.132,-0.122,-0.098,-0.078,-0.044
6.598,-0.049,-0.049,0.0,0.049,-0.024,-0.024,-0.005,-0.127,-0.122,-0.098,-0.078,-0.044
6.6,-0.049,-0.044,0.005,0.049,-0.029,-0.02,0.01,-0.117,-0.112,-0.093,-0.063,-0.034
6.602,-0.049,-0.044,0.005,0.049,-0.029,-0.02,0.02,-0.098,-0.098,-0.088,-0.059,-0.034
6.604,-0.034,-0.034,0.0,0.034,-0.02,-0.02,0.024,-0.078,-0.083,-0.083,-0.063,-0.039
6.606,-0.029,-0.039,-0.01,0.034,-0.01,-0.024,0.024,-0.083,-0.088,-0.093,-0.068,-0.054
6.608,-0.034,-0.044,-0.01,0.039,-0.015,-0.029,0.024,-0.083,-0.093,-0.093,-0.068,-0.054
6.61,-0.034,-0.039,-0.005,0.039,-0.015,-0.024,0.015,-0.093,-0.098,-0.088,-0.073,-0.054
6.612,-0.063,-0.049,0.015,0.059,-0.039,-0.02,0.0,-0.112,-0.117,-0.102,-0.083,-0.054
6.614,-0.078,-0.054,0.024,0.068,-0.054,-0.015,-0.005,-0.117,-0.117,-0.098,-0.078,-0.044
6.616,-0.073,-0.059,0.015,0.068,-0.044,-0.024,-0.01,-0.127,-0.132,-0.117,-0.088,-0.054
6.618,-0.059,-0.059,0.0,0.059,-0.029,-0.029,-0.005,-0.122,-0.122,-0.112,-0.088,-0.054
6.62,-0.054,-0.063,-0.01,0.059,-0.024,-0.039,0.01,-0.098,-0.102,-0.098,-0.078,-0.049
6.622,-0.054,-0.068,-0.015,0.063,-0.02,-0.044,0.01,-0.083,-0.102,-0.102,-0.083,-0.054
6.624,-0.034,-0.054,-0.02,0.044,-0.01,-0.039,0.034,-0.059,-0.073,-0.088,-0.073,-0.049
6.626,-0.034,-0.059,-0.024,0.049,-0.005,-0.044,0.034,-0.054,-0.063,-0.088,-0.073,-0.054
6.628,-0.029,-0.044,-0.015,0.039,-0.01,-0.029,0.024,-0.068,-0.078,-0.093,-0.073,-0.049
6.63,-0.039,-0.044,-0.005,0.044,-0.02,-0.024,0.015,-0.088,-0.088,-0.098,-0.078,-0.049
6.632,-0.049,-0.039,0.01,0.044,-0.029,-0.015,0.0,-0.093,-0.098,-0.102,-0.083,-0.044
6.634,-0.054,-0.049,0.005,0.054,-0.029,-0.024,-0.02,-0.112,-0.122,-0.117,-0.098,-0.049
6.636,-0.059,-0.054,0.005,0.059,-0.034,-0.024,-0.015,-0.107,-0.122,-0.117,-0.107,-0.054
6.638,-0.059,-0.059,0.0,0.059,-0.029,-0.029,-0.02,-0.098,-0.122,-0.117,-0.107,-0.059
6.64,-0.054,-0.049,0.005,0.054,-0.029,-0.024,0.0,-0.073,-0.098,-0.107,-0.098,-0.054
6.642,-0.034,-0.044,-0.01,0.039,-0.015,-0.029,0.015,-0.059,-0.083,-0.093,-0.088,-0.049
6.644,-0.02,-0.044,-0.024,0.034,0.0,-0.034,0.024,-0.044,-0.068,-0.078,-0.073,-0.049
6.646,-0.01,-0.034,-0.024,0.024,0.005,-0.029,0.024,-0.049,-0.059,-0.078,-0.068,-0.044
6.648,-0.015,-0.034,-0.02,0.024,0.0,-0.029,0.015,-0.059,-0.073,-0.088,-0.073,-0.039
6.65,-0.034,-0.039,-0.005,0.039,-0.015,-0.024,0.0,-0.073,-0.088,-0.107,-0.088,-0.044
6.652,-0.039,-0.039,0.0,0.039,-0.02,-0.02,-0.005,-0.083,-0.098,-0.112,-0.093,-0.049
6.654,-0.059,-0.044,0.015,0.054,-0.039,-0.015,-0.02,-0.093,-0.122,-0.127,-0.117,-0.063
6.656,-0.063,-0.049,0.015,0.059,-0.039,-0.02,-0.015,-0.088,-0.107,-0.117,-0.117,-0.054
6.658,-0.059,-0.049,0.01,0.054,-0.034,-0.02,-0.015,-0.078,-0.102,-0.107,-0.107,-0.054
6.66,-0.044,-0.049,-0.005,0.049,-0.02,-0.029,0.0,-0.068,-0.093,-0.098,-0.098,-0.059
6.662,-0.015,-0.034,-0.02,0.024,0.0,-0.029,0.01,-0.054,-0.078,-0.088,-0.088,-0.059
6.664,-0.01,-0.039,-0.029,0.024,0.01,-0.034,0.02,-0.044,-0.063,-0.078,-0.078,-0.049
6.666,-0.01,-0.039,-0.029,0.024,0.01,-0.034,0.02,-0.039,-0.059,-0.078,-0.078,-0.049
6.668,-0.005,-0.034,-0.029,0.02,0.01,-0.034,0.01,-0.049,-0.073,-0.093,-0.083,-0.049
6.67,-0.015,-0.034,-0.02,0.024,0.0,-0.029,0.0,-0.063,-0.088,-0.102,-0.098,-0.059
6.672,-0.02,-0.024,-0.005,0.024,-0.01,-0.015,-0.005,-0.068,-0.088,-0.102,-0.098,-0.059
6.674,-0.034,-0.029,0.005,0.034,-0.02,-0.015,-0.024,-0.093,-0.112,-0.122,-0.117,-0.063
6.676,-0.059,-0.039,0.02,0.049,-0.039,-0.01,-0.02,-0.093,-0.112,-0.117,-0.107,-0.059
6.678,-0.049,-0.039,0.01,0.044,-0.029,-0.015,-0.01,-0.073,-0.093,-0.102,-0.098,-0.054
6.68,-0.049,-0.044,0.005,0.049,-0.029,-0.02,-0.01,-0.073,-0.093,-0.102,-0.088,-0.049
6.682,-0.059,-0.044,0.015,0.054,-0.039,-0.015,-0.005,-0.059,-0.078,-0.088,-0.083,-0.039
6.684,-0.02,-0.039,-0.02,0.029,0.0,-0.029,0.005,-0.049,-0.068,-0.083,-0.083,-0.044
6.686,-0.01,-0.039,-0.029,0.024,0.01,-0.034,0.005,-0.034,-0.059,-0.083,-0.083,-0.044
6.688,0.0,-0.015,-0.015,0.01,0.005,-0.015,0.0,-0.039,-0.063,-0.088,-0.083,-0.054
6.69,-0.01,-0.02,-0.01,0.015,0.0,-0.015,-0.01,-0.059,-0.078,-0.093,-0.088,-0.054
6.692,-0.029,-0.024,0.005,0.029,-0.02,-0.01,-0.01,-0.059,-0.073,-0.083,-0.083,-0.044
6.694,-0.039,-0.029,0.01,0.034,-0.024,-0.01,-0.024,-0.083,-0.098,-0.093,-0.078,-0.039
6.696,-0.034,-0.039,-0.005,0.039,-0.015,-0.024,-0.044,-0.098,-0.112,-0.098,-0.083,-0.044
6.698,-0.024,-0.034,-0.01,0.029,-0.01,-0.024,-0.039,-0.088,-0.107,-0.102,-0.083,-0.044
6.7,-0.024,-0.029,-0.005,0.029,-0.01,-0.02,-0.029,-0.078,-0.093,-0.093,-0.073,-0.039
6.702,-0.034,-0.044,-0.01,0.039,-0.015,-0.029,-0.024,-0.063,-0.093,-0.093,-0.083,-0.049
6.704,-0.024,-0.034,-0.01,0.029,-0.01,-0.024,-0.029,-0.059,-0.078,-0.088,-0.078,-0.049
6.706,-0.034,-0.039,-0.005,0.039,-0.015,-0.024,-0.015,-0.039,-0.059,-0.078,-0.063,-0.049
6.708,-0.024,-0.024,0.0,0.024,-0.015,-0.015,-0.015,-0.049,-0.059,-0.068,-0.068,-0.049
6.71,-0.01,-0.024,-0.015,0.02,0.0,-0.02,-0.034,-0.059,-0.068,-0.083,-0.073,-0.049
6.712,-0.029,-0.029,0.0,0.029,-0.015,-0.015,-0.049,-0.078,-0.093,-0.093,-0.083,-0.059
6.714,-0.044,-0.029,0.015,0.039,-0.029,-0.01,-0.063,-0.098,-0.112,-0.098,-0.093,-0.059
6.716,-0.039,-0.024,0.015,0.034,-0.029,-0.005,-0.063,-0.083,-0.102,-0.088,-0.088,-0.049
6.718,-0.034,-0.02,0.015,0.029,-0.024,-0.005,-0.054,-0.078,-0.098,-0.083,-0.083,-0.044
6.72,-0.034,-0.02,0.015,0.029,-0.024,-0.005,-0.044,-0.059,-0.083,-0.078,-0.073,-0.044
6.722,-0.02,-0.029,-0.01,0.024,-0.005,-0.02,-0.049,-0.049,-0.078,-0.073,-0.073,-0.044
6.724,-0.02,-0.034,-0.015,0.029,-0.005,-0.024,-0.034,-0.039,-0.059,-0.068,-0.068,-0.039
6.726,-0.005,-0.024,-0.02,0.015,0.005,-0.024,-0.029,-0.034,-0.049,-0.063,-0.059,-0.039
6.728,-0.02,-0.034,-0.015,0.029,-0.005,-0.024,-0.039,-0.049,-0.068,-0.073,-0.063,-0.039
6.73,-0.024,-0.039,-0.015,0.034,-0.005,-0.029,-0.054,-0.059,-0.078,-0.078,-0.063,-0.039
6.732,-0.034,-0.029,0.005,0.034,-0.02,-0.015,-0.068,-0.083,-0.093,-0.093,-0.078,-0.044
6.734,-0.044,-0.029,0.015,0.039,-0.029,-0.01,-0.078,-0.093,-0.102,-0.102,-0.083,-0.044
6.736,-0.039,-0.02,0.02,0.029,-0.029,0.0,-0.068,-0.083,-0.102,-0.098,-0.088,-0.039
6.738,-0.029,-0.015,0.015,0.024,-0.024,0.0,-0.059,-0.073,-0.088,-0.088,-0.078,-0.039
6.74,-0.024,-0.015,0.01,0.02,-0.02,-0.005,-0.049,-0.059,-0.083,-0.083,-0.073,-0.039
6.742,-0.02,-0.02,0.0,0.02,-0.01,-0.01,-0.039,-0.054,-0.068,-0.073,-0.068,-0.044
6.744,-0.015,-0.024,-0.01,0.02,-0.005,-0.02,-0.029,-0.044,-0.054,-0.068,-0.063,-0.044
6.746,-0.01,-0.015,-0.005,0.015,-0.005,-0.01,-0.024,-0.029,-0.044,-0.063,-0.059,-0.039
6.748,-0.01,-0.01,0.0,0.01,-0.005,-0.005,-0.039,-0.054,-0.059,-0.078,-0.063,-0.039
6.75,-0.024,-0.02,0.005,0.024,-0.015,-0.01,-0.054,-0.068,-0.073,-0.088,-0.068,-0.044
6.752,-0.054,-0.034,0.02,0.044,-0.039,-0.01,-0.059,-0.078,-0.088,-0.088,-0.078,-0.039
6.754,-0.059,-0.034,0.024,0.049,-0.044,-0.005,-0.063,-0.088,-0.098,-0.093,-0.083,-0.044
6.756,-0.054,-0.029,0.024,0.044,-0.039,-0.005,-0.068,-0.088,-0.102,-0.093,-0.083,-0.044
6.758,-0.039,-0.02,0.02,0.029,-0.029,0.0,-0.054,-0.073,-0.083,-0.088,-0.078,-0.044
6.76,-0.029,-0.02,0.01,0.024,-0.02,-0.005,-0.054,-0.063,-0.078,-0.088,-0.073,-0.044
6.762,-0.024,-0.02,0.005,0.024,-0.015,-0.01,-0.049,-0.059,-0.063,-0.078,-0.068,-0.044
6.764,-0.005,-0.024,-0.02,0.015,0.005,-0.024,-0.039,-0.054,-0.063,-0.078,-0.063,-0.039
6.766,0.0,-0.029,-0.029,0.015,0.015,-0.029,-0.034,-0.054,-0.054,-0.078,-0.063,-0.049
6.768,0.0,-0.01,-0.01,0.005,0.005,-0.01,-0.044,-0.059,-0.054,-0.073,-0.063,-0.049
6.77,-0.01,-0.01,0.0,0.01,-0.005,-0.005,-0.049,-0.073,-0.068,-0.078,-0.068,-0.049
6.772,-0.049,-0.02,0.029,0.034,-0.039,0.005,-0.063,-0.078,-0.078,-0.088,-0.083,-0.059
6.774,-0.054,-0.02,0.034,0.039,-0.044,0.005,-0.068,-0.088,-0.088,-0.093,-0.093,-0.059
6.776,-0.054,-0.024,0.029,0.039,-0.044,0.0,-0.073,-0.093,-0.093,-0.093,-0.098,-0.059
6.778,-0.049,-0.02,0.029,0.034,-0.039,0.005,-0.054,-0.068,-0.073,-0.073,-0.073,-0.049
6.78,-0.034,-0.024,0.01,0.029,-0.024,-0.01,-0.054,-0.068,-0.068,-0.078,-0.078,-0.049
6.782,-0.024,-0.024,0.0,0.024,-0.015,-0.015,-0.044,-0.063,-0.059,-0.078,-0.078,-0.044
6.784,-0.015,-0.01,0.005,0.015,-0.01,-0.005,-0.024,-0.039,-0.039,-0.063,-0.063,-0.034
6.786,-0.015,-0.005,0.01,0.01,-0.015,0.0,-0.029,-0.044,-0.039,-0.068,-0.063,-0.044
6.788,-0.015,-0.015,0.0,0.015,-0.01,-0.01,-0.049,-0.059,-0.054,-0.083,-0.078,-0.054
6.79,-0.005,-0.005,0.0,0.005,-0.005,-0.005,-0.054,-0.063,-0.059,-0.083,-0.078,-0.054
6.792,-0.02,0.0,0.02,0.01,-0.02,0.01,-0.063,-0.083,-0.073,-0.098,-0.078,-0.054
6.794,-0.034,-0.01,0.024,0.024,-0.029,0.005,-0.078,-0.102,-0.088,-0.098,-0.083,-0.044
6.796,-0.044,-0.01,0.034,0.029,-0.039,0.01,-0.073,-0.093,-0.083,-0.083,-0.078,-0.039
6.798,-0.039,0.0,0.039,0.02,-0.039,0.02,-0.063,-0.078,-0.073,-0.078,-0.073,-0.039
6.8,-0.02,-0.005,0.015,0.015,-0.02,0.005,-0.054,-0.073,-0.068,-0.078,-0.068,-0.034
6.802,-0.02,-0.02,0.0,0.02,-0.01,-0.01,-0.049,-0.059,-0.059,-0.073,-0.073,-0.039
6.804,0.01,-0.005,-0.015,0.0,0.01,-0.01,-0.034,-0.044,-0.039,-0.059,-0.054,-0.029
6.806,0.02,0.0,-0.02,-0.01,0.02,-0.01,-0.015,-0.034,-0.029,-0.059,-0.049,-0.029
6.808,-0.01,-0.015,-0.005,0.015,-0.005,-0.01,-0.034,-0.049,-0.039,-0.063,-0.054,-0.039
6.81,-0.015,-0.015,0.0,0.015,-0.01,-0.01,-0.039,-0.059,-0.049,-0.068,-0.054,-0.034
6.812,-0.02,-0.024,-0.005,0.024,-0.01,-0.015,-0.054,-0.073,-0.068,-0.083,-0.059,-0.034
6.814,-0.039,-0.029,0.01,0.034,-0.024,-0.01,-0.073,-0.098,-0.088,-0.093,-0.078,-0.044
6.816,-0.044,-0.029,0.015,0.039,-0.029,-0.01,-0.073,-0.083,-0.093,-0.098,-0.078,-0.044
6.818,-0.039,-0.039,0.0,0.039,-0.02,-0.02,-0.063,-0.078,-0.078,-0.088,-0.073,-0.044
6.82,-0.049,-0.044,0.005,0.049,-0.029,-0.02,-0.063,-0.063,-0.068,-0.083,-0.068,-0.049
6.822,-0.034,-0.029,0.005,0.034,-0.02,-0.015,-0.049,-0.039,-0.054,-0.073,-0.059,-0.044
6.824,-0.005,-0.02,-0.015,0.015,0.005,-0.02,-0.044,-0.034,-0.039,-0.068,-0.059,-0.054
6.826,0.005,-0.01,-0.015,0.005,0.01,-0.015,-0.039,-0.029,-0.034,-0.059,-0.049,-0.049
6.828,-0.005,-0.01,-0.005,0.01,0.0,-0.01,-0.039,-0.039,-0.044,-0.063,-0.054,-0.039
6.83,-0.02,-0.015,0.005,0.02,-0.015,-0.005,-0.054,-0.059,-0.068,-0.078,-0.068,-0.049
6.832,-0.029,-0.02,0.01,0.024,-0.02,-0.005,-0.059,-0.068,-0.073,-0.083,-0.063,-0.044
6.834,-0.049,-0.024,0.024,0.039,-0.039,0.0,-0.083,-0.088,-0.093,-0.098,-0.073,-0.044
6.836,-0.049,-0.02,0.029,0.034,-0.039,0.005,-0.083,-0.088,-0.098,-0.093,-0.088,-0.044
6.838,-0.039,-0.02,0.02,0.029,-0.029,0.0,-0.068,-0.073,-0.083,-0.083,-0.073,-0.044
6.84,-0.039,-0.02,0.02,0.029,-0.029,0.0,-0.063,-0.068,-0.078,-0.078,-0.068,-0.049
6.842,-0.044,-0.029,0.015,0.039,-0.029,-0.01,-0.054,-0.054,-0.068,-0.073,-0.068,-0.044
6.844,-0.044,-0.034,0.01,0.039,-0.029,-0.015,-0.029,-0.024,-0.034,-0.054,-0.049,-0.039
6.846,-0.01,-0.02,-0.01,0.015,0.0,-0.015,-0.044,-0.034,-0.039,-0.063,-0.059,-0.044
6.848,-0.01,-0.005,0.005,0.01,-0.01,0.0,-0.034,-0.049,-0.039,-0.068,-0.054,-0.039
6.85,-0.015,0.0,0.015,0.01,-0.015,0.005,-0.049,-0.059,-0.059,-0.073,-0.063,-0.039
6.852,-0.01,0.0,0.01,0.005,-0.01,0.005,-0.059,-0.073,-0.073,-0.078,-0.068,-0.044
6.854,-0.024,0.005,0.029,0.01,-0.029,0.015,-0.059,-0.078,-0.083,-0.083,-0.068,-0.034
6.856,-0.044,-0.01,0.034,0.029,-0.039,0.01,-0.063,-0.078,-0.083,-0.078,-0.083,-0.044
6.858,-0.049,-0.01,0.039,0.029,-0.044,0.015,-0.059,-0.073,-0.078,-0.083,-0.083,-0.044
6.86,-0.049,-0.02,0.029,0.034,-0.039,0.005,-0.044,-0.059,-0.063,-0.068,-0.068,-0.039
6.862,-0.034,-0.015,0.02,0.024,-0.029,0.0,-0.044,-0.054,-0.054,-0.063,-0.068,-0.039
6.864,-0.005,-0.01,-0.005,0.01,0.0,-0.01,-0.034,-0.039,-0.049,-0.059,-0.063,-0.044
6.866,-0.01,-0.005,0.005,0.01,-0.01,0.0,-0.024,-0.039,-0.044,-0.059,-0.054,-0.039
6.868,-0.015,-0.005,0.01,0.01,-0.015,0.0,-0.029,-0.044,-0.044,-0.063,-0.054,-0.034
6.87,-0.015,0.0,0.015,0.01,-0.015,0.005,-0.044,-0.063,-0.063,-0.083,-0.078,-0.054
6.872,-0.02,-0.005,0.015,0.015,-0.02,0.005,-0.054,-0.068,-0.068,-0.088,-0.083,-0.054
6.874,-0.024,0.005,0.029,0.01,-0.029,0.015,-0.063,-0.088,-0.083,-0.102,-0.093,-0.054
6.876,-0.034,0.005,0.039,0.015,-0.039,0.02,-0.063,-0.088,-0.088,-0.098,-0.088,-0.054
6.878,-0.034,0.0,0.034,0.02,-0.034,0.015,-0.049,-0.068,-0.073,-0.083,-0.073,-0.039
6.88,-0.034,0.0,0.034,0.02,-0.034,0.015,-0.044,-0.063,-0.068,-0.083,-0.073,-0.044
6.882,-0.029,-0.005,0.024,0.02,-0.029,0.01,-0.044,-0.049,-0.059,-0.068,-0.068,-0.039
6.884,-0.015,-0.005,0.01,0.01,-0.015,0.0,-0.029,-0.034,-0.039,-0.059,-0.059,-0.034
6.886,-0.005,0.0,0.005,0.005,-0.005,0.0,-0.029,-0.034,-0.034,-0.059,-0.059,-0.039
6.888,-0.02,-0.015,0.005,0.02,-0.015,-0.005,-0.029,-0.044,-0.044,-0.068,-0.068,-0.049
6.89,-0.024,-0.01,0.015,0.02,-0.02,0.0,-0.039,-0.054,-0.054,-0.068,-0.073,-0.049
6.892,-0.034,0.0,0.034,0.02,-0.034,0.015,-0.044,-0.063,-0.063,-0.068,-0.063,-0.044
6.894,-0.029,-0.005,0.024,0.02,-0.029,0.01,-0.059,-0.078,-0.078,-0.083,-0.078,-0.044
6.896,-0.024,0.0,0.024,0.015,-0.024,0.01,-0.068,-0.083,-0.078,-0.078,-0.073,-0.044
6.898,-0.034,-0.005,0.029,0.02,-0.034,0.01,-0.054,-0.068,-0.068,-0.073,-0.063,-0.044
6.9,-0.029,-0.005,0.024,0.02,-0.029,0.01,-0.049,-0.059,-0.068,-0.073,-0.059,-0.044
6.902,-0.029,-0.015,0.015,0.024,-0.024,0.0,-0.039,-0.054,-0.059,-0.063,-0.063,-0.049
6.904,-0.024,-0.015,0.01,0.02,-0.02,-0.005,-0.024,-0.034,-0.034,-0.054,-0.049,-0.044
6.906,-0.015,0.0,0.015,0.01,-0.015,0.005,-0.02,-0.024,-0.029,-0.049,-0.049,-0.044
6.908,-0.02,-0.005,0.015,0.015,-0.02,0.005,-0.029,-0.039,-0.049,-0.054,-0.059,-0.049
6.91,-0.039,-0.015,0.024,0.029,-0.034,0.005,-0.049,-0.059,-0.068,-0.063,-0.068,-0.054
6.912,-0.029,0.01,0.039,0.01,-0.034,0.024,-0.049,-0.063,-0.068,-0.068,-0.063,-0.049
6.914,-0.02,0.024,0.044,0.0,-0.034,0.034,-0.063,-0.088,-0.093,-0.083,-0.073,-0.044
6.916,-0.044,0.01,0.054,0.02,-0.049,0.029,-0.054,-0.078,-0.088,-0.078,-0.063,-0.039
6.918,-0.039,0.015,0.054,0.015,-0.049,0.034,-0.044,-0.059,-0.068,-0.068,-0.059,-0.034
6.92,-0.029,0.024,0.054,0.005,-0.044,0.039,-0.039,-0.044,-0.063,-0.063,-0.054,-0.034
6.922,-0.01,0.029,0.039,-0.01,-0.024,0.034,-0.02,-0.024,-0.044,-0.049,-0.044,-0.029
6.924,0.015,0.049,0.034,-0.029,-0.01,0.039,0.01,0.005,-0.015,-0.029,-0.029,-0.024
6.926,0.01,0.059,0.049,-0.034,-0.02,0.054,0.01,0.005,-0.005,-0.015,-0.02,-0.015
6.928,0.005,0.063,0.059,-0.034,-0.029,0.059,0.005,-0.015,-0.02,-0.024,-0.024,-0.02
6.93,-0.005,0.054,0.059,-0.024,-0.034,0.054,0.0,-0.024,-0.029,-0.029,-0.034,-0.024
6.932,-0.02,0.063,0.083,-0.02,-0.054,0.073,-0.02,-0.039,-0.034,-0.034,-0.034,-0.02
6.934,-0.039,0.059,0.098,-0.01,-0.068,0.078,-0.039,-0.049,-0.054,-0.044,-0.034,-0.015
6.936,-0.029,0.078,0.107,-0.024,-0.068,0.093,-0.049,-0.059,-0.059,-0.044,-0.044,-0.02
6.938,-0.02,0.088,0.107,-0.034,-0.063,0.098,-0.039,-0.044,-0.044,-0.034,-0.034,-0.01
6.94,-0.01,0.078,0.088,-0.034,-0.049,0.083,-0.02,-0.029,-0.034,-0.034,-0.029,-0.015
6.942,0.02,0.068,0.049,-0.044,-0.015,0.059,0.005,-0.005,-0.005,-0.015,-0.029,-0.015
6.944,0.034,0.073,0.039,-0.054,-0.005,0.054,0.02,0.02,0.01,-0.015,-0.02,-0.015
6.946,0.034,0.068,0.034,-0.049,0.0,0.049,0.024,0.029,0.024,-0.01,-0.015,-0.015
6.948,0.029,0.078,0.049,-0.054,-0.01,0.063,0.024,0.02,0.015,-0.015,-0.02,-0.01
6.95,0.024,0.098,0.073,-0.059,-0.024,0.083,-0.005,-0.005,0.0,-0.015,-0.02,-0.005
6.952,0.01,0.093,0.083,-0.049,-0.039,0.088,-0.024,-0.015,-0.01,-0.015,-0.024,0.0
6.954,-0.01,0.102,0.112,-0.044,-0.063,0.107,-0.054,-0.044,-0.034,-0.034,-0.039,-0.015
6.956,-0.024,0.093,0.117,-0.034,-0.073,0.102,-0.078,-0.054,-0.044,-0.029,-0.039,-0.01
6.958,-0.024,0.093,0.117,-0.034,-0.073,0.102,-0.098,-0.054,-0.049,-0.034,-0.039,-0.015
6.96,-0.01,0.098,0.107,-0.044,-0.059,0.102,-0.093,-0.044,-0.034,-0.02,-0.02,0.0
6.962,0.02,0.102,0.083,-0.059,-0.034,0.093,-0.102,-0.049,-0.039,-0.02,-0.02,0.005
6.964,0.039,0.107,0.068,-0.073,-0.015,0.088,-0.078,-0.024,-0.01,0.0,0.005,0.015
6.966,0.049,0.112,0.063,-0.078,-0.01,0.088,-0.059,-0.01,0.01,0.005,0.015,0.02
6.968,0.044,0.112,0.068,-0.078,-0.015,0.088,-0.059,-0.005,0.005,0.005,0.015,0.024
6.97,0.039,0.112,0.073,-0.073,-0.02,0.093,-0.059,-0.015,-0.005,-0.01,0.0,0.015
6.972,0.029,0.102,0.073,-0.063,-0.024,0.088,-0.068,-0.029,-0.02,-0.01,-0.01,0.005
6.974,0.02,0.098,0.078,-0.059,-0.029,0.088,-0.088,-0.059,-0.049,-0.024,-0.024,0.005
6.976,0.005,0.088,0.083,-0.044,-0.039,0.083,-0.088,-0.068,-0.063,-0.034,-0.024,0.01
6.978,-0.005,0.063,0.068,-0.029,-0.039,0.063,-0.068,-0.054,-0.054,-0.034,-0.029,0.005
6.98,0.0,0.054,0.054,-0.024,-0.029,0.054,-0.068,-0.049,-0.054,-0.034,-0.034,-0.005
6.982,0.015,0.054,0.039,-0.034,-0.015,0.044,-0.059,-0.034,-0.044,-0.029,-0.029,0.005
6.984,0.02,0.054,0.034,-0.034,-0.01,0.044,-0.039,-0.02,-0.029,-0.02,-0.015,0.0
6.986,0.034,0.068,0.034,-0.049,0.0,0.049,-0.034,-0.024,-0.024,-0.029,-0.02,-0.005
6.988,0.029,0.049,0.02,-0.039,0.005,0.034,-0.049,-0.044,-0.044,-0.049,-0.034,-0.024
6.99,-0.005,0.034,0.039,-0.015,-0.024,0.034,-0.039,-0.044,-0.049,-0.044,-0.034,-0.02
6.992,0.005,0.039,0.034,-0.02,-0.015,0.034,-0.044,-0.049,-0.059,-0.059,-0.044,-0.029
6.994,-0.01,0.034,0.044,-0.01,-0.029,0.039,-0.063,-0.073,-0.083,-0.068,-0.063,-0.044
6.996,-0.029,0.029,0.059,0.0,-0.044,0.044,-0.063,-0.078,-0.083,-0.068,-0.073,-0.044
6.998,-0.039,0.015,0.054,0.015,-0.049,0.034,-0.054,-0.073,-0.088,-0.078,-0.073,-0.049
7.0,-0.034,0.01,0.044,0.015,-0.039,0.024,-0.054,-0.073,-0.093,-0.078,-0.078,-0.059
7.002,-0.024,0.01,0.034,0.01,-0.029,0.02,-0.034,-0.059,-0.083,-0.073,-0.073,-0.054
7.004,-0.015,0.005,0.02,0.005,-0.02,0.01,-0.015,-0.039,-0.063,-0.068,-0.073,-0.059
7.006,-0.01,0.005,0.015,0.005,-0.015,0.01,-0.005,-0.029,-0.049,-0.063,-0.059,-0.059
7.008,-0.01,0.015,0.024,0.0,-0.02,0.02,-0.01,-0.039,-0.054,-0.063,-0.068,-0.059
7.01,-0.024,0.01,0.034,0.01,-0.029,0.02,-0.015,-0.044,-0.063,-0.068,-0.068,-0.059
7.012,-0.02,0.024,0.044,0.0,-0.034,0.034,-0.024,-0.054,-0.073,-0.073,-0.068,-0.063
7.014,-0.039,0.02,0.059,0.01,-0.049,0.039,-0.044,-0.073,-0.083,-0.083,-0.073,-0.059
7.016,-0.039,0.02,0.059,0.01,-0.049,0.039,-0.049,-0.078,-0.102,-0.088,-0.088,-0.063
7.018,-0.024,0.01,0.034,0.01,-0.029,0.02,-0.039,-0.068,-0.093,-0.083,-0.088,-0.068
7.02,-0.034,0.0,0.034,0.02,-0.034,0.015,-0.039,-0.059,-0.093,-0.078,-0.088,-0.068
7.022,-0.034,-0.01,0.024,0.024,-0.029,0.005,-0.029,-0.049,-0.078,-0.073,-0.078,-0.068
7.024,-0.01,0.0,0.01,0.005,-0.01,0.005,-0.01,-0.024,-0.059,-0.063,-0.068,-0.063
7.026,-0.01,0.0,0.01,0.005,-0.01,0.005,-0.01,-0.015,-0.054,-0.059,-0.059,-0.059
7.028,-0.02,0.005,0.024,0.01,-0.024,0.015,-0.02,-0.029,-0.063,-0.063,-0.063,-0.059
7.03,-0.034,-0.005,0.029,0.02,-0.034,0.01,-0.029,-0.034,-0.063,-0.063,-0.063,-0.054
7.032,-0.024,0.005,0.029,0.01,-0.029,0.015,-0.029,-0.044,-0.073,-0.068,-0.073,-0.059
7.034,-0.044,0.005,0.049,0.02,-0.049,0.024,-0.039,-0.059,-0.088,-0.078,-0.078,-0.054
7.036,-0.059,0.0,0.059,0.029,-0.059,0.029,-0.044,-0.059,-0.088,-0.078,-0.083,-0.059
7.038,-0.049,0.015,0.063,0.02,-0.059,0.039,-0.034,-0.034,-0.078,-0.063,-0.078,-0.054
7.04,-0.059,0.0,0.059,0.029,-0.059,0.029,-0.029,-0.024,-0.068,-0.059,-0.073,-0.059
7.042,-0.044,0.01,0.054,0.02,-0.049,0.029,-0.02,-0.02,-0.059,-0.049,-0.068,-0.049
7.044,-0.005,0.015,0.02,-0.005,-0.015,0.015,-0.01,-0.005,-0.044,-0.039,-0.059,-0.049
7.046,-0.01,-0.005,0.005,0.01,-0.01,0.0,-0.005,0.0,-0.034,-0.044,-0.054,-0.049
7.048,-0.024,-0.01,0.015,0.02,-0.02,0.0,-0.024,-0.02,-0.049,-0.044,-0.068,-0.049
7.05,-0.029,0.005,0.034,0.015,-0.034,0.02,-0.024,-0.02,-0.049,-0.049,-0.063,-0.044
7.052,-0.039,0.02,0.059,0.01,-0.049,0.039,-0.024,-0.02,-0.054,-0.049,-0.068,-0.049
7.054,-0.024,0.029,0.054,0.0,-0.039,0.039,-0.034,-0.024,-0.063,-0.049,-0.073,-0.044
7.056,-0.02,0.024,0.044,0.0,-0.034,0.034,-0.034,-0.024,-0.054,-0.044,-0.078,-0.054
7.058,-0.029,0.02,0.049,0.005,-0.039,0.034,-0.02,0.0,-0.034,-0.039,-0.073,-0.059
7.06,-0.02,0.02,0.039,0.0,-0.029,0.029,0.015,0.059,0.01,-0.01,-0.063,-0.054
7.062,-0.005,0.029,0.034,-0.01,-0.02,0.029,0.078,0.156,0.102,0.039,-0.049,-0.059
7.064,-0.005,0.054,0.059,-0.024,-0.034,0.054,0.161,0.283,0.205,0.117,-0.01,-0.044
7.066,0.01,0.093,0.083,-0.049,-0.039,0.088,0.185,0.346,0.288,0.19,0.039,-0.015
7.068,0.029,0.112,0.083,-0.068,-0.029,0.098,0.166,0.371,0.351,0.264,0.093,0.015
7.07,0.073,0.142,0.068,-0.107,0.0,0.102,0.166,0.429,0.449,0.371,0.146,0.049
7.072,0.122,0.176,0.054,-0.146,0.034,0.112,0.171,0.503,0.571,0.517,0.264,0.122
7.074,0.161,0.224,0.063,-0.19,0.049,0.142,0.156,0.571,0.717,0.712,0.425,0.22
7.076,0.215,0.268,0.054,-0.239,0.078,0.161,0.181,0.664,0.903,0.971,0.625,0.361
7.078,0.283,0.298,0.015,-0.288,0.132,0.156,0.21,0.747,1.098,1.21,0.8,0.464
7.08,0.366,0.322,-0.044,-0.342,0.205,0.137,0.22,0.805,1.244,1.405,0.956,0.561
7.082,0.464,0.386,-0.078,-0.425,0.268,0.151,0.171,0.815,1.352,1.571,1.113,0.678
7.084,0.537,0.439,-0.098,-0.488,0.317,0.171,0.093,0.781,1.405,1.669,1.235,0.781
7.086,0.586,0.488,-0.098,-0.537,0.342,0.195,-0.029,0.669,1.342,1.635,1.283,0.854
7.088,0.605,0.527,-0.078,-0.566,0.342,0.224,-0.185,0.468,1.166,1.479,1.244,0.883
7.09,0.595,0.542,-0.054,-0.566,0.322,0.244,-0.322,0.234,0.908,1.235,1.137,0.864
7.092,0.551,0.537,-0.015,-0.542,0.283,0.259,-0.444,-0.098,0.473,0.834,0.937,0.795
7.094,0.381,0.517,0.137,-0.449,0.122,0.327,-0.576,-0.63,-0.244,0.19,0.615,0.678
7.096,0.215,0.488,0.273,-0.351,-0.029,0.381,-0.688,-1.2,-0.996,-0.439,0.283,0.537
7.098,0.098,0.449,0.351,-0.273,-0.127,0.4,-0.742,-1.547,-1.454,-0.825,0.044,0.415
7.1,-0.02,0.386,0.405,-0.181,-0.215,0.395,-0.791,-1.718,-1.679,-1.083,-0.195,0.254
7.102,-0.063,0.322,0.386,-0.127,-0.224,0.351,-0.825,-1.718,-1.688,-1.157,-0.351,0.117
7.104,-0.093,0.22,0.312,-0.063,-0.205,0.264,-0.825,-1.62,-1.586,-1.118,-0.415,0.015
7.106,-0.137,0.146,0.283,-0.005,-0.21,0.215,-0.825,-1.518,-1.479,-1.059,-0.459,-0.078
7.108,-0.19,0.146,0.337,0.024,-0.264,0.239,-0.864,-1.474,-1.401,-1.0,-0.454,-0.107
7.11,-0.215,0.156,0.371,0.029,-0.293,0.264,-0.903,-1.435,-1.347,-0.947,-0.439,-0.107
7.112,-0.2,0.151,0.351,0.024,-0.278,0.249,-0.898,-1.366,-1.274,-0.903,-0.429,-0.112
7.114,-0.19,0.117,0.307,0.039,-0.249,0.21,-0.844,-1.23,-1.161,-0.839,-0.415,-0.127
7.116,-0.19,0.093,0.283,0.049,-0.239,0.185,-0.781,-1.088,-1.039,-0.766,-0.395,-0.137
7.118,-0.171,0.073,0.244,0.049,-0.21,0.156,-0.693,-0.927,-0.898,-0.669,-0.361,-0.137
7.12,-0.137,0.049,0.185,0.044,-0.161,0.117,-0.581,-0.761,-0.756,-0.571,-0.332,-0.151
7.122,-0.102,0.024,0.127,0.039,-0.117,0.073,-0.464,-0.581,-0.59,-0.468,-0.278,-0.142
7.124,-0.054,0.029,0.083,0.015,-0.068,0.054,-0.366,-0.415,-0.434,-0.342,-0.21,-0.107
7.126,-0.034,0.029,0.063,0.005,-0.049,0.044,-0.264,-0.283,-0.317,-0.249,-0.151,-0.078
7.128,-0.029,0.039,0.068,-0.005,-0.049,0.054,-0.195,-0.205,-0.239,-0.19,-0.122,-0.063
7.13,-0.029,0.044,0.073,-0.005,-0.054,0.059,-0.151,-0.171,-0.205,-0.176,-0.117,-0.059
7.132,-0.049,0.044,0.093,0.005,-0.073,0.068,-0.122,-0.146,-0.19,-0.156,-0.112,-0.054
7.134,-0.059,0.034,0.093,0.015,-0.078,0.063,-0.112,-0.127,-0.181,-0.142,-0.122,-0.063
7.136,-0.083,0.024,0.107,0.029,-0.098,0.063,-0.078,-0.088,-0.146,-0.107,-0.122,-0.063
7.138,-0.049,0.024,0.073,0.015,-0.063,0.049,-0.054,-0.044,-0.112,-0.078,-0.117,-0.078
7.14,-0.024,0.024,0.049,0.0,-0.039,0.034,-0.02,-0.005,-0.073,-0.049,-0.102,-0.083
7.142,-0.024,0.02,0.044,0.005,-0.034,0.029,0.015,0.039,-0.034,-0.005,-0.078,-0.068
7.144,0.01,0.029,0.02,-0.02,-0.005,0.024,0.034,0.068,-0.005,0.015,-0.059,-0.059
7.146,0.015,0.029,0.015,-0.02,0.0,0.02,0.039,0.073,0.01,0.01,-0.054,-0.054
7.148,0.005,0.024,0.02,-0.015,-0.01,0.02,0.034,0.059,-0.005,0.005,-0.059,-0.059
7.15,0.005,0.024,0.02,-0.015,-0.01,0.02,0.029,0.059,-0.01,0.0,-0.063,-0.059
7.152,-0.01,0.024,0.034,-0.005,-0.024,0.029,0.034,0.059,-0.01,-0.005,-0.078,-0.063
7.154,-0.034,0.015,0.049,0.01,-0.044,0.029,0.039,0.068,0.0,0.005,-0.078,-0.063
7.156,-0.034,0.015,0.049,0.01,-0.044,0.029,0.044,0.078,0.01,0.01,-0.073,-0.068
7.158,-0.024,0.005,0.029,0.01,-0.029,0.015,0.049,0.088,0.02,0.015,-0.068,-0.068
7.16,-0.015,0.0,0.015,0.01,-0.015,0.005,0.049,0.098,0.029,0.034,-0.059,-0.068
7.162,0.0,0.015,0.015,-0.005,-0.01,0.015,0.059,0.102,0.034,0.029,-0.049,-0.059
7.164,0.01,0.015,0.005,-0.01,0.0,0.01,0.068,0.112,0.049,0.034,-0.049,-0.049
7.166,0.01,0.01,0.0,-0.01,0.005,0.005,0.078,0.127,0.049,0.039,-0.039,-0.049
7.168,0.01,0.005,-0.005,-0.005,0.005,0.0,0.073,0.127,0.054,0.039,-0.044,-0.049
7.17,0.0,0.015,0.015,-0.005,-0.01,0.015,0.078,0.137,0.059,0.044,-0.049,-0.054
7.172,-0.015,0.024,0.039,-0.005,-0.029,0.029,0.088,0.142,0.068,0.049,-0.044,-0.049
7.174,-0.024,0.01,0.034,0.01,-0.029,0.02,0.068,0.122,0.049,0.044,-0.063,-0.063
7.176,-0.02,0.01,0.029,0.005,-0.024,0.02,0.068,0.117,0.044,0.049,-0.063,-0.059
7.178,0.0,0.0,0.0,0.0,0.0,0.0,0.063,0.112,0.039,0.044,-0.059,-0.059
7.18,-0.005,0.0,0.005,0.005,-0.005,0.0,0.073,0.117,0.049,0.049,-0.063,-0.059
7.182,0.005,0.0,-0.005,0.0,0.005,-0.005,0.083,0.132,0.059,0.049,-0.049,-0.054
7.184,0.015,0.0,-0.015,-0.005,0.015,-0.01,0.093,0.156,0.078,0.054,-0.044,-0.049
7.186,0.015,0.0,-0.015,-0.005,0.015,-0.01,0.102,0.171,0.098,0.063,-0.044,-0.049
7.188,0.005,0.01,0.005,-0.005,0.0,0.005,0.102,0.176,0.098,0.063,-0.044,-0.049
7.19,0.005,0.01,0.005,-0.005,0.0,0.005,0.102,0.171,0.093,0.063,-0.049,-0.049
7.192,0.01,0.02,0.01,-0.015,0.0,0.015,0.098,0.166,0.093,0.068,-0.049,-0.054
7.194,0.0,0.02,0.02,-0.01,-0.01,0.02,0.083,0.151,0.078,0.054,-0.049,-0.044
7.196,-0.015,0.0,0.015,0.01,-0.015,0.005,0.078,0.146,0.068,0.054,-0.044,-0.049
7.198,-0.015,0.005,0.02,0.005,-0.02,0.01,0.093,0.161,0.083,0.063,-0.039,-0.034
7.2,0.02,0.015,-0.005,-0.015,0.01,0.005,0.093,0.166,0.088,0.063,-0.044,-0.039
7.202,0.024,0.015,-0.01,-0.02,0.015,0.0,0.102,0.181,0.098,0.068,-0.044,-0.044
7.204,0.02,0.02,0.0,-0.02,0.01,0.01,0.132,0.22,0.132,0.093,-0.02,-0.034
7.206,0.02,0.024,0.005,-0.02,0.005,0.015,0.137,0.229,0.142,0.102,-0.015,-0.039
7.208,-0.005,0.005,0.01,0.0,-0.01,0.005,0.117,0.21,0.132,0.088,-0.034,-0.049
7.21,0.005,0.005,0.0,-0.005,0.0,0.0,0.122,0.21,0.127,0.093,-0.024,-0.044
7.212,0.01,0.02,0.01,-0.015,0.0,0.015,0.112,0.19,0.107,0.083,-0.029,-0.049
7.214,0.01,0.02,0.01,-0.015,0.0,0.015,0.102,0.176,0.093,0.068,-0.044,-0.044
7.216,0.01,0.015,0.005,-0.01,0.0,0.01,0.098,0.176,0.088,0.068,-0.039,-0.044
7.218,0.0,0.01,0.01,-0.005,-0.005,0.01,0.112,0.2,0.107,0.078,-0.039,-0.044
7.22,0.01,0.015,0.005,-0.01,0.0,0.01,0.127,0.22,0.132,0.088,-0.034,-0.039
7.222,0.029,0.015,-0.015,-0.02,0.02,0.0,0.137,0.239,0.146,0.098,-0.034,-0.044
7.224,0.044,0.02,-0.024,-0.029,0.034,-0.005,0.156,0.264,0.171,0.117,-0.015,-0.039
7.226,0.034,0.029,-0.005,-0.029,0.02,0.01,0.166,0.278,0.185,0.132,0.0,-0.029
7.228,0.034,0.029,-0.005,-0.029,0.02,0.01,0.156,0.259,0.181,0.122,0.0,-0.024
7.23,0.039,0.034,-0.005,-0.034,0.02,0.015,0.146,0.254,0.166,0.117,0.0,-0.02
7.232,0.029,0.034,0.005,-0.029,0.01,0.02,0.142,0.244,0.156,0.107,-0.01,-0.02
7.234,0.01,0.024,0.015,-0.015,-0.005,0.02,0.127,0.234,0.142,0.093,-0.024,-0.029
7.236,0.0,0.02,0.02,-0.01,-0.01,0.02,0.132,0.249,0.142,0.098,-0.024,-0.034
7.238,0.02,0.024,0.005,-0.02,0.005,0.015,0.151,0.268,0.166,0.112,-0.029,-0.034
7.24,0.029,0.034,0.005,-0.029,0.01,0.02,0.176,0.303,0.195,0.137,-0.01,-0.024
7.242,0.034,0.029,-0.005,-0.029,0.02,0.01,0.195,0.322,0.215,0.151,0.005,-0.015
7.244,0.049,0.02,-0.029,-0.034,0.039,-0.005,0.21,0.337,0.234,0.166,0.02,-0.005
7.246,0.059,0.024,-0.034,-0.039,0.044,-0.005,0.215,0.342,0.244,0.166,0.034,-0.005
7.248,0.044,0.024,-0.02,-0.034,0.029,0.0,0.21,0.332,0.234,0.161,0.024,0.0
7.25,0.044,0.034,-0.01,-0.039,0.024,0.01,0.195,0.327,0.22,0.151,0.02,-0.01
7.252,0.034,0.039,0.005,-0.034,0.015,0.02,0.195,0.327,0.224,0.146,0.005,-0.015
7.254,0.005,0.029,0.024,-0.015,-0.01,0.024,0.19,0.327,0.224,0.151,0.0,-0.024
7.256,0.015,0.029,0.015,-0.02,0.0,0.02,0.19,0.337,0.239,0.166,0.0,-0.024
7.258,0.029,0.039,0.01,-0.034,0.01,0.024,0.215,0.371,0.273,0.19,0.024,-0.005
7.26,0.039,0.039,0.0,-0.039,0.02,0.02,0.234,0.39,0.288,0.205,0.039,-0.005
7.262,0.068,0.059,-0.01,-0.063,0.039,0.024,0.244,0.4,0.307,0.21,0.049,0.005
7.264,0.078,0.063,-0.015,-0.068,0.044,0.024,0.268,0.429,0.327,0.22,0.059,0.005
7.266,0.088,0.068,-0.02,-0.078,0.054,0.024,0.268,0.444,0.342,0.224,0.068,0.01
7.268,0.073,0.068,-0.005,-0.068,0.039,0.029,0.283,0.464,0.351,0.234,0.073,0.02
7.27,0.059,0.078,0.02,-0.068,0.02,0.049,0.283,0.478,0.366,0.249,0.078,0.024
7.272,0.068,0.078,0.01,-0.073,0.029,0.044,0.273,0.488,0.381,0.254,0.078,0.024
7.274,0.068,0.073,0.005,-0.068,0.029,0.039,0.273,0.488,0.376,0.254,0.068,0.024
7.276,0.063,0.073,0.01,-0.068,0.024,0.039,0.273,0.493,0.381,0.268,0.068,0.024
7.278,0.063,0.063,0.0,-0.063,0.029,0.029,0.293,0.522,0.4,0.303,0.093,0.044
7.28,0.083,0.063,-0.02,-0.073,0.049,0.02,0.298,0.537,0.425,0.317,0.102,0.054
7.282,0.107,0.083,-0.024,-0.093,0.063,0.029,0.303,0.551,0.444,0.322,0.112,0.059
7.284,0.117,0.093,-0.024,-0.102,0.068,0.034,0.322,0.59,0.478,0.342,0.127,0.073
7.286,0.122,0.098,-0.024,-0.107,0.073,0.034,0.337,0.63,0.517,0.366,0.151,0.083
7.288,0.122,0.107,-0.015,-0.112,0.068,0.044,0.327,0.634,0.522,0.366,0.151,0.083
7.29,0.117,0.112,-0.005,-0.112,0.059,0.054,0.322,0.639,0.532,0.376,0.151,0.083
7.292,0.132,0.132,0.0,-0.132,0.063,0.063,0.317,0.649,0.551,0.405,0.166,0.098
7.294,0.132,0.137,0.005,-0.132,0.063,0.068,0.298,0.639,0.542,0.41,0.176,0.112
7.296,0.132,0.127,-0.005,-0.127,0.068,0.059,0.283,0.625,0.537,0.405,0.176,0.112
7.298,0.127,0.132,0.005,-0.127,0.059,0.068,0.288,0.649,0.556,0.429,0.2,0.127
7.3,0.137,0.142,0.005,-0.137,0.063,0.073,0.303,0.673,0.581,0.454,0.215,0.142
7.302,0.151,0.156,0.005,-0.151,0.073,0.078,0.312,0.688,0.6,0.468,0.229,0.142
7.304,0.166,0.166,0.0,-0.166,0.083,0.083,0.327,0.722,0.634,0.498,0.249,0.151
7.306,0.176,0.185,0.01,-0.181,0.083,0.098,0.332,0.747,0.669,0.522,0.268,0.166
7.308,0.195,0.181,-0.015,-0.185,0.102,0.083,0.312,0.737,0.669,0.527,0.278,0.166
7.31,0.195,0.181,-0.015,-0.185,0.102,0.083,0.303,0.727,0.669,0.527,0.283,0.171
7.312,0.181,0.19,0.01,-0.185,0.083,0.098,0.283,0.712,0.659,0.537,0.288,0.181
7.314,0.161,0.195,0.034,-0.176,0.063,0.112,0.264,0.698,0.649,0.537,0.288,0.19
7.316,0.151,0.19,0.039,-0.171,0.054,0.112,0.249,0.693,0.644,0.527,0.298,0.2
7.318,0.161,0.19,0.029,-0.176,0.063,0.107,0.249,0.698,0.654,0.547,0.307,0.215
7.32,0.185,0.21,0.024,-0.195,0.078,0.117,0.264,0.722,0.678,0.566,0.327,0.224
7.322,0.195,0.215,0.02,-0.205,0.088,0.117,0.268,0.732,0.698,0.581,0.337,0.229
7.324,0.22,0.21,-0.01,-0.215,0.112,0.098,0.259,0.727,0.708,0.586,0.337,0.224
7.326,0.239,0.22,-0.02,-0.229,0.127,0.098,0.264,0.727,0.712,0.6,0.356,0.239
7.328,0.229,0.22,-0.01,-0.224,0.117,0.102,0.249,0.703,0.698,0.6,0.366,0.249
7.33,0.215,0.224,0.01,-0.22,0.102,0.117,0.224,0.673,0.678,0.595,0.366,0.249
7.332,0.215,0.234,0.02,-0.224,0.098,0.127,0.215,0.644,0.664,0.59,0.371,0.259
7.334,0.181,0.234,0.054,-0.205,0.063,0.142,0.19,0.61,0.639,0.566,0.361,0.259
7.336,0.195,0.234,0.039,-0.215,0.078,0.137,0.166,0.59,0.62,0.561,0.351,0.249
7.338,0.2,0.244,0.044,-0.22,0.078,0.142,0.161,0.59,0.615,0.571,0.361,0.259
7.34,0.2,0.244,0.044,-0.22,0.078,0.142,0.166,0.586,0.625,0.581,0.371,0.264
7.342,0.205,0.234,0.029,-0.22,0.088,0.132,0.151,0.561,0.615,0.581,0.376,0.259
7.344,0.21,0.22,0.01,-0.215,0.098,0.112,0.146,0.542,0.595,0.566,0.376,0.259
7.346,0.224,0.215,-0.01,-0.22,0.117,0.102,0.137,0.508,0.571,0.542,0.366,0.254
7.348,0.21,0.22,0.01,-0.215,0.098,0.112,0.117,0.468,0.532,0.522,0.356,0.244
7.35,0.19,0.21,0.02,-0.2,0.083,0.112,0.098,0.429,0.498,0.493,0.337,0.234
7.352,0.171,0.21,0.039,-0.19,0.063,0.122,0.078,0.386,0.454,0.454,0.307,0.215
7.354,0.137,0.195,0.059,-0.166,0.039,0.127,0.063,0.361,0.42,0.425,0.288,0.205
7.356,0.117,0.181,0.063,-0.146,0.024,0.122,0.044,0.337,0.376,0.39,0.259,0.181
7.358,0.127,0.176,0.049,-0.151,0.039,0.112,0.049,0.327,0.361,0.381,0.244,0.171
7.36,0.117,0.156,0.039,-0.137,0.039,0.098,0.059,0.298,0.337,0.371,0.239,0.161
7.362,0.093,0.146,0.054,-0.117,0.02,0.098,0.054,0.278,0.307,0.342,0.224,0.146
7.364,0.117,0.137,0.02,-0.127,0.049,0.078,0.054,0.259,0.288,0.317,0.21,0.132
7.366,0.112,0.127,0.015,-0.117,0.049,0.068,0.044,0.234,0.259,0.288,0.19,0.112
7.368,0.088,0.117,0.029,-0.102,0.029,0.073,0.044,0.205,0.22,0.254,0.166,0.102
7.37,0.078,0.107,0.029,-0.093,0.024,0.068,0.029,0.176,0.195,0.229,0.142,0.088
7.372,0.054,0.093,0.039,-0.073,0.005,0.063,0.02,0.156,0.166,0.195,0.127,0.078
7.374,0.034,0.098,0.063,-0.063,-0.015,0.078,0.005,0.122,0.127,0.166,0.102,0.068
7.376,0.024,0.078,0.054,-0.049,-0.015,0.063,0.005,0.107,0.102,0.156,0.093,0.063
7.378,0.024,0.078,0.054,-0.049,-0.015,0.063,0.01,0.098,0.088,0.137,0.083,0.063
7.38,0.034,0.078,0.044,-0.054,-0.005,0.059,0.015,0.083,0.073,0.117,0.073,0.044
7.382,0.034,0.073,0.039,-0.054,-0.005,0.054,0.015,0.078,0.063,0.107,0.063,0.034
7.384,0.034,0.063,0.029,-0.049,0.0,0.044,0.024,0.088,0.063,0.102,0.054,0.029
7.386,0.015,0.049,0.034,-0.029,-0.01,0.039,0.034,0.088,0.054,0.093,0.044,0.015
7.388,0.02,0.049,0.029,-0.034,-0.005,0.039,0.029,0.063,0.034,0.073,0.024,0.0
7.39,0.01,0.044,0.034,-0.024,-0.015,0.039,0.029,0.059,0.02,0.063,0.015,-0.005
7.392,-0.034,0.02,0.054,0.01,-0.044,0.034,0.024,0.044,0.005,0.063,0.005,-0.01
7.394,-0.044,0.024,0.068,0.01,-0.059,0.044,0.015,0.015,-0.02,0.049,0.0,-0.005
7.396,-0.039,0.029,0.068,0.005,-0.054,0.049,0.005,0.0,-0.039,0.039,-0.01,-0.005
7.398,-0.02,0.029,0.049,-0.005,-0.034,0.039,0.0,-0.005,-0.049,0.024,-0.02,-0.015
7.4,-0.005,0.024,0.029,-0.01,-0.02,0.024,0.015,0.01,-0.034,0.029,-0.015,-0.015
7.402,-0.01,0.015,0.024,0.0,-0.02,0.02,0.029,0.015,-0.024,0.029,-0.015,-0.02
7.404,0.0,0.01,0.01,-0.005,-0.005,0.01,0.049,0.044,-0.015,0.034,-0.005,-0.02
7.406,0.024,0.039,0.015,-0.029,0.005,0.024,0.059,0.049,-0.005,0.039,0.0,-0.02
7.408,0.01,0.034,0.024,-0.02,-0.01,0.029,0.054,0.034,-0.005,0.029,-0.02,-0.034
7.41,-0.02,0.02,0.039,0.0,-0.029,0.029,0.034,0.01,-0.029,0.015,-0.024,-0.039
7.412,-0.034,0.01,0.044,0.015,-0.039,0.024,0.034,0.0,-0.044,0.005,-0.024,-0.034
7.414,-0.039,0.005,0.044,0.02,-0.044,0.024,0.005,-0.034,-0.068,-0.005,-0.039,-0.039
7.416,-0.039,0.0,0.039,0.02,-0.039,0.02,0.01,-0.034,-0.078,-0.01,-0.034,-0.034
7.418,-0.044,0.005,0.049,0.02,-0.049,0.024,0.015,-0.02,-0.068,0.0,-0.029,-0.029
7.42,-0.039,0.0,0.039,0.02,-0.039,0.02,0.039,-0.005,-0.054,0.005,-0.024,-0.024
7.422,-0.02,0.005,0.024,0.01,-0.024,0.015,0.054,0.01,-0.039,0.01,-0.015,-0.02
7.424,-0.005,0.005,0.01,0.0,-0.01,0.005,0.059,0.02,-0.02,0.015,-0.015,-0.02
7.426,0.005,0.015,0.01,-0.01,-0.005,0.01,0.063,0.024,-0.015,0.02,-0.005,-0.024
7.428,-0.01,0.01,0.02,0.0,-0.015,0.015,0.054,0.005,-0.034,0.0,-0.02,-0.024
7.43,-0.01,0.01,0.02,0.0,-0.015,0.015,0.044,-0.01,-0.044,-0.005,-0.024,-0.029
7.432,-0.024,0.01,0.034,0.01,-0.029,0.02,0.039,-0.024,-0.059,-0.015,-0.029,-0.024
7.434,-0.039,0.005,0.044,0.02,-0.044,0.024,0.015,-0.054,-0.088,-0.039,-0.054,-0.039
7.436,-0.039,-0.005,0.034,0.024,-0.039,0.015,0.015,-0.054,-0.083,-0.029,-0.054,-0.044
7.438,-0.049,0.005,0.054,0.024,-0.054,0.029,0.034,-0.029,-0.073,-0.02,-0.044,-0.039
7.44,-0.044,0.005,0.049,0.02,-0.049,0.024,0.044,-0.024,-0.068,-0.015,-0.044,-0.039
7.442,-0.039,-0.005,0.034,0.024,-0.039,0.015,0.054,-0.01,-0.054,0.0,-0.039,-0.034
7.444,-0.029,-0.01,0.02,0.02,-0.024,0.005,0.073,0.005,-0.034,0.005,-0.024,-0.029
7.446,-0.02,-0.005,0.015,0.015,-0.02,0.005,0.078,0.005,-0.029,0.005,-0.02,-0.034
7.448,-0.029,0.0,0.029,0.015,-0.029,0.015,0.078,-0.005,-0.039,-0.005,-0.015,-0.024
7.45,-0.029,0.0,0.029,0.015,-0.029,0.015,0.063,-0.02,-0.059,-0.02,-0.029,-0.029
7.452,-0.039,-0.005,0.034,0.024,-0.039,0.015,0.059,-0.029,-0.063,-0.024,-0.039,-0.034
7.454,-0.054,-0.005,0.049,0.029,-0.054,0.02,0.049,-0.044,-0.083,-0.034,-0.059,-0.044
7.456,-0.063,-0.015,0.049,0.039,-0.059,0.015,0.039,-0.044,-0.088,-0.034,-0.068,-0.054
7.458,-0.059,-0.015,0.044,0.039,-0.054,0.015,0.059,-0.024,-0.068,-0.024,-0.059,-0.049
7.46,-0.049,-0.015,0.034,0.034,-0.044,0.01,0.063,-0.024,-0.068,-0.02,-0.054,-0.049
7.462,-0.044,-0.029,0.015,0.039,-0.029,-0.01,0.063,-0.02,-0.059,-0.02,-0.054,-0.044
7.464,-0.039,-0.029,0.01,0.034,-0.024,-0.01,0.073,-0.01,-0.049,-0.02,-0.049,-0.054
7.466,-0.034,-0.024,0.01,0.029,-0.024,-0.01,0.083,0.0,-0.044,-0.015,-0.039,-0.049
7.468,-0.029,-0.01,0.02,0.02,-0.024,0.005,0.083,-0.01,-0.054,-0.024,-0.044,-0.044
7.47,-0.029,-0.005,0.024,0.02,-0.029,0.01,0.068,-0.015,-0.063,-0.029,-0.059,-0.059
7.472,-0.044,-0.005,0.039,0.024,-0.044,0.015,0.063,-0.02,-0.068,-0.039,-0.063,-0.059
7.474,-0.049,0.0,0.049,0.024,-0.049,0.024,0.049,-0.034,-0.083,-0.049,-0.073,-0.068
7.476,-0.059,-0.01,0.049,0.034,-0.054,0.02,0.049,-0.039,-0.083,-0.044,-0.068,-0.063
7.478,-0.049,-0.005,0.044,0.029,-0.049,0.02,0.063,-0.034,-0.083,-0.044,-0.073,-0.063
7.48,-0.034,0.01,0.044,0.015,-0.039,0.024,0.063,-0.024,-0.083,-0.039,-0.068,-0.059
7.482,-0.034,0.0,0.034,0.02,-0.034,0.015,0.073,-0.015,-0.073,-0.029,-0.059,-0.049
7.484,-0.02,-0.02,0.0,0.02,-0.01,-0.01,0.078,-0.005,-0.068,-0.034,-0.059,-0.054
7.486,-0.02,-0.02,0.0,0.02,-0.01,-0.01,0.088,0.01,-0.054,-0.029,-0.059,-0.063
7.488,-0.02,-0.005,0.015,0.015,-0.02,0.005,0.088,0.005,-0.054,-0.029,-0.059,-0.059
7.49,-0.034,-0.005,0.029,0.02,-0.034,0.01,0.083,0.005,-0.054,-0.029,-0.063,-0.059
7.492,-0.049,-0.01,0.039,0.029,-0.044,0.015,0.083,0.0,-0.059,-0.029,-0.059,-0.054
7.494,-0.049,0.0,0.049,0.024,-0.049,0.024,0.063,-0.024,-0.088,-0.044,-0.068,-0.054
7.496,-0.039,0.005,0.044,0.02,-0.044,0.024,0.059,-0.039,-0.093,-0.054,-0.068,-0.049
7.498,-0.039,-0.01,0.029,0.024,-0.034,0.01,0.068,-0.024,-0.088,-0.049,-0.068,-0.054
7.5,-0.034,-0.015,0.02,0.024,-0.029,0.0,0.073,-0.02,-0.078,-0.049,-0.078,-0.054
7.502,-0.029,-0.02,0.01,0.024,-0.02,-0.005,0.073,-0.015,-0.078,-0.049,-0.078,-0.068
7.504,-0.02,-0.024,-0.005,0.024,-0.01,-0.015,0.093,0.02,-0.049,-0.034,-0.063,-0.059
7.506,-0.015,-0.02,-0.005,0.02,-0.005,-0.015,0.098,0.024,-0.034,-0.024,-0.063,-0.059
7.508,-0.015,-0.015,0.0,0.015,-0.01,-0.01,0.093,0.02,-0.039,-0.024,-0.059,-0.059
7.51,-0.029,-0.02,0.01,0.024,-0.02,-0.005,0.083,0.005,-0.049,-0.034,-0.068,-0.063
7.512,-0.044,-0.02,0.024,0.034,-0.034,0.0,0.078,-0.01,-0.059,-0.039,-0.068,-0.054
7.514,-0.049,-0.02,0.029,0.034,-0.039,0.005,0.054,-0.034,-0.083,-0.049,-0.078,-0.054
7.516,-0.039,-0.024,0.015,0.034,-0.029,-0.005,0.054,-0.039,-0.093,-0.054,-0.078,-0.054
7.518,-0.039,-0.024,0.015,0.034,-0.029,-0.005,0.063,-0.029,-0.083,-0.054,-0.073,-0.049
7.52,-0.024,-0.02,0.005,0.024,-0.015,-0.01,0.078,-0.005,-0.073,-0.044,-0.073,-0.049
7.522,-0.02,-0.02,0.0,0.02,-0.01,-0.01,0.083,0.005,-0.059,-0.039,-0.073,-0.054
7.524,-0.02,-0.029,-0.01,0.024,-0.005,-0.02,0.088,0.015,-0.044,-0.029,-0.068,-0.054
7.526,-0.005,-0.02,-0.015,0.015,0.005,-0.02,0.093,0.02,-0.034,-0.02,-0.059,-0.054
7.528,-0.01,-0.015,-0.005,0.015,-0.005,-0.01,0.078,0.005,-0.049,-0.029,-0.063,-0.054
7.53,-0.015,-0.02,-0.005,0.02,-0.005,-0.015,0.059,-0.02,-0.068,-0.044,-0.083,-0.059
7.532,-0.024,-0.015,0.01,0.02,-0.02,-0.005,0.054,-0.029,-0.083,-0.054,-0.093,-0.059
7.534,-0.029,-0.015,0.015,0.024,-0.024,0.0,0.049,-0.034,-0.088,-0.059,-0.093,-0.054
7.536,-0.029,-0.015,0.015,0.024,-0.024,0.0,0.049,-0.024,-0.083,-0.049,-0.088,-0.054
7.538,-0.015,-0.005,0.01,0.01,-0.015,0.0,0.063,-0.005,-0.068,-0.044,-0.088,-0.054
7.54,-0.02,-0.01,0.01,0.015,-0.015,0.0,0.073,-0.005,-0.059,-0.044,-0.083,-0.049
7.542,-0.034,-0.029,0.005,0.034,-0.02,-0.015,0.073,0.005,-0.049,-0.039,-0.078,-0.049
7.544,-0.02,-0.029,-0.01,0.024,-0.005,-0.02,0.093,0.02,-0.034,-0.024,-0.059,-0.034
7.546,-0.005,-0.029,-0.024,0.02,0.01,-0.029,0.088,0.015,-0.029,-0.029,-0.059,-0.039
7.548,-0.01,-0.024,-0.015,0.02,0.0,-0.02,0.078,0.005,-0.044,-0.034,-0.059,-0.044
7.55,-0.02,-0.02,0.0,0.02,-0.01,-0.01,0.063,-0.015,-0.059,-0.044,-0.068,-0.049
7.552,-0.029,-0.024,0.005,0.029,-0.02,-0.01,0.054,-0.02,-0.068,-0.049,-0.078,-0.049
7.554,-0.044,-0.02,0.024,0.034,-0.034,0.0,0.049,-0.024,-0.078,-0.044,-0.078,-0.044
7.556,-0.049,-0.02,0.029,0.034,-0.039,0.005,0.044,-0.029,-0.078,-0.049,-0.083,-0.049
7.558,-0.024,-0.01,0.015,0.02,-0.02,0.0,0.049,-0.024,-0.068,-0.039,-0.078,-0.049
7.56,-0.01,-0.02,-0.01,0.015,0.0,-0.015,0.059,-0.015,-0.063,-0.029,-0.063,-0.044
7.562,-0.01,-0.024,-0.015,0.02,0.0,-0.02,0.073,-0.005,-0.054,-0.024,-0.059,-0.034
7.564,0.01,-0.015,-0.024,0.005,0.015,-0.02,0.078,0.01,-0.044,-0.02,-0.049,-0.039
7.566,0.005,-0.01,-0.015,0.005,0.01,-0.015,0.088,0.015,-0.039,-0.02,-0.039,-0.034
7.568,0.005,-0.015,-0.02,0.005,0.01,-0.02,0.078,0.005,-0.049,-0.029,-0.054,-0.034
7.57,-0.01,-0.029,-0.02,0.02,0.005,-0.024,0.063,-0.005,-0.059,-0.039,-0.063,-0.049
7.572,-0.029,-0.029,0.0,0.029,-0.015,-0.015,0.059,-0.02,-0.068,-0.044,-0.068,-0.044
7.574,-0.02,-0.01,0.01,0.015,-0.015,0.0,0.039,-0.034,-0.083,-0.044,-0.078,-0.049
7.576,-0.044,-0.015,0.029,0.029,-0.039,0.005,0.034,-0.049,-0.093,-0.044,-0.073,-0.044
7.578,-0.039,-0.015,0.024,0.029,-0.034,0.005,0.029,-0.039,-0.088,-0.039,-0.073,-0.044
7.58,-0.044,-0.02,0.024,0.034,-0.034,0.0,0.044,-0.029,-0.078,-0.029,-0.059,-0.029
7.582,-0.034,-0.02,0.015,0.029,-0.024,-0.005,0.049,-0.02,-0.073,-0.024,-0.054,-0.029
7.584,-0.015,-0.015,0.0,0.015,-0.01,-0.01,0.063,0.0,-0.054,-0.024,-0.054,-0.034
7.586,0.01,-0.01,-0.02,0.0,0.015,-0.015,0.068,0.01,-0.039,-0.02,-0.049,-0.039
7.588,0.0,-0.02,-0.02,0.01,0.01,-0.02,0.063,-0.005,-0.049,-0.034,-0.059,-0.044
7.59,0.0,-0.02,-0.02,0.01,0.01,-0.02,0.049,-0.015,-0.063,-0.034,-0.068,-0.049
7.592,-0.024,-0.015,0.01,0.02,-0.02,-0.005,0.039,-0.029,-0.078,-0.039,-0.068,-0.059
7.594,-0.039,-0.02,0.02,0.029,-0.029,0.0,0.024,-0.049,-0.098,-0.054,-0.078,-0.049
7.596,-0.039,-0.034,0.005,0.039,-0.024,-0.015,0.024,-0.059,-0.098,-0.054,-0.078,-0.044
7.598,-0.034,-0.034,0.0,0.034,-0.02,-0.02,0.02,-0.054,-0.102,-0.054,-0.083,-0.049
7.6,-0.039,-0.044,-0.005,0.044,-0.02,-0.024,0.029,-0.039,-0.098,-0.049,-0.068,-0.039
7.602,-0.02,-0.039,-0.02,0.029,0.0,-0.029,0.039,-0.029,-0.083,-0.034,-0.073,-0.044
7.604,-0.005,-0.029,-0.024,0.02,0.01,-0.029,0.049,-0.015,-0.068,-0.029,-0.059,-0.044
7.606,0.005,-0.024,-0.029,0.01,0.015,-0.029,0.059,0.0,-0.049,-0.02,-0.049,-0.039
7.608,-0.005,-0.02,-0.015,0.015,0.005,-0.02,0.059,-0.01,-0.049,-0.024,-0.049,-0.034
7.61,-0.039,-0.024,0.015,0.034,-0.029,-0.005,0.054,-0.015,-0.054,-0.024,-0.049,-0.029
7.612,-0.034,-0.015,0.02,0.024,-0.029,0.0,0.044,-0.029,-0.073,-0.034,-0.054,-0.034
7.614,-0.029,-0.005,0.024,0.02,-0.029,0.01,0.024,-0.059,-0.098,-0.049,-0.068,-0.039
7.616,-0.044,-0.02,0.024,0.034,-0.034,0.0,0.015,-0.068,-0.112,-0.059,-0.078,-0.044
7.618,-0.044,-0.024,0.02,0.034,-0.034,-0.005,0.02,-0.063,-0.112,-0.063,-0.078,-0.044
7.62,-0.029,-0.039,-0.01,0.034,-0.01,-0.024,0.024,-0.049,-0.098,-0.054,-0.068,-0.039
7.622,-0.015,-0.029,-0.015,0.024,0.0,-0.024,0.029,-0.034,-0.083,-0.054,-0.073,-0.044
7.624,-0.005,-0.024,-0.02,0.015,0.005,-0.024,0.044,-0.024,-0.068,-0.039,-0.068,-0.044
7.626,-0.01,-0.029,-0.02,0.02,0.005,-0.024,0.054,-0.01,-0.049,-0.034,-0.049,-0.034
7.628,-0.01,-0.024,-0.015,0.02,0.0,-0.02,0.049,-0.02,-0.054,-0.034,-0.044,-0.029
7.63,-0.01,-0.02,-0.01,0.015,0.0,-0.015,0.034,-0.039,-0.068,-0.044,-0.054,-0.034
7.632,-0.024,-0.015,0.01,0.02,-0.02,-0.005,0.02,-0.054,-0.088,-0.059,-0.063,-0.034
7.634,-0.044,-0.024,0.02,0.034,-0.034,-0.005,0.015,-0.063,-0.107,-0.063,-0.073,-0.034
7.636,-0.049,-0.02,0.029,0.034,-0.039,0.005,0.01,-0.068,-0.112,-0.063,-0.078,-0.044
7.638,-0.029,-0.02,0.01,0.024,-0.02,-0.005,0.015,-0.059,-0.107,-0.063,-0.078,-0.049
7.64,-0.015,-0.029,-0.015,0.024,0.0,-0.024,0.029,-0.054,-0.098,-0.054,-0.073,-0.049
7.642,-0.015,-0.029,-0.015,0.024,0.0,-0.024,0.029,-0.049,-0.093,-0.054,-0.073,-0.049
7.644,0.005,-0.015,-0.02,0.005,0.01,-0.02,0.049,-0.029,-0.078,-0.049,-0.068,-0.054
7.646,0.0,-0.024,-0.024,0.015,0.01,-0.024,0.049,-0.034,-0.063,-0.049,-0.059,-0.044
7.648,-0.029,-0.049,-0.02,0.039,-0.005,-0.034,0.029,-0.054,-0.088,-0.063,-0.068,-0.054
7.65,-0.029,-0.039,-0.01,0.034,-0.01,-0.024,0.034,-0.054,-0.093,-0.063,-0.068,-0.054
7.652,-0.024,-0.034,-0.01,0.029,-0.01,-0.024,0.029,-0.063,-0.098,-0.068,-0.083,-0.054
7.654,-0.034,-0.029,0.005,0.034,-0.02,-0.015,0.02,-0.068,-0.102,-0.078,-0.093,-0.059
7.656,-0.044,-0.034,0.01,0.039,-0.029,-0.015,0.02,-0.073,-0.107,-0.073,-0.088,-0.054
7.658,-0.044,-0.039,0.005,0.044,-0.024,-0.02,0.024,-0.063,-0.102,-0.063,-0.078,-0.049
7.66,-0.039,-0.044,-0.005,0.044,-0.02,-0.024,0.029,-0.054,-0.088,-0.054,-0.068,-0.044
7.662,-0.029,-0.044,-0.015,0.039,-0.01,-0.029,0.034,-0.054,-0.093,-0.054,-0.063,-0.044
7.664,-0.039,-0.059,-0.02,0.049,-0.01,-0.039,0.039,-0.044,-0.083,-0.054,-0.059,-0.044
7.666,0.0,-0.034,-0.034,0.02,0.015,-0.034,0.044,-0.034,-0.073,-0.054,-0.059,-0.049
7.668,0.015,-0.029,-0.044,0.01,0.029,-0.039,0.024,-0.049,-0.083,-0.068,-0.073,-0.049
7.67,-0.015,-0.029,-0.015,0.024,0.0,-0.024,0.029,-0.049,-0.093,-0.063,-0.068,-0.044
7.672,-0.034,-0.034,0.0,0.034,-0.02,-0.02,0.024,-0.059,-0.088,-0.063,-0.073,-0.039
7.674,-0.049,-0.039,0.01,0.044,-0.029,-0.015,0.01,-0.073,-0.107,-0.068,-0.078,-0.044
7.676,-0.039,-0.034,0.005,0.039,-0.024,-0.015,0.01,-0.078,-0.112,-0.068,-0.078,-0.044
7.678,-0.029,-0.049,-0.02,0.039,-0.005,-0.034,0.01,-0.078,-0.107,-0.068,-0.078,-0.049
7.68,-0.024,-0.039,-0.015,0.034,-0.005,-0.029,0.015,-0.068,-0.102,-0.068,-0.073,-0.054
7.682,-0.02,-0.034,-0.015,0.029,-0.005,-0.024,0.029,-0.054,-0.093,-0.059,-0.063,-0.044
7.684,-0.01,-0.039,-0.029,0.024,0.01,-0.034,0.044,-0.039,-0.078,-0.049,-0.059,-0.049
7.686,-0.005,-0.029,-0.024,0.02,0.01,-0.029,0.049,-0.029,-0.068,-0.049,-0.054,-0.049
7.688,-0.015,-0.029,-0.015,0.024,0.0,-0.024,0.039,-0.049,-0.068,-0.059,-0.059,-0.054
7.69,-0.029,-0.034,-0.005,0.034,-0.015,-0.02,0.029,-0.059,-0.083,-0.059,-0.068,-0.054
7.692,-0.044,-0.024,0.02,0.034,-0.034,-0.005,0.024,-0.059,-0.088,-0.063,-0.059,-0.054
7.694,-0.049,-0.039,0.01,0.044,-0.029,-0.015,0.01,-0.088,-0.112,-0.073,-0.068,-0.054
7.696,-0.034,-0.039,-0.005,0.039,-0.015,-0.024,0.0,-0.102,-0.117,-0.083,-0.078,-0.059
7.698,-0.02,-0.034,-0.015,0.029,-0.005,-0.024,0.01,-0.083,-0.117,-0.083,-0.073,-0.054
7.7,-0.02,-0.034,-0.015,0.029,-0.005,-0.024,0.02,-0.073,-0.117,-0.073,-0.068,-0.049
7.702,-0.024,-0.029,-0.005,0.029,-0.01,-0.02,0.029,-0.054,-0.093,-0.054,-0.063,-0.044
7.704,-0.01,-0.024,-0.015,0.02,0.0,-0.02,0.044,-0.044,-0.078,-0.059,-0.059,-0.044
7.706,0.0,-0.029,-0.029,0.015,0.015,-0.029,0.054,-0.039,-0.068,-0.063,-0.059,-0.049
7.708,-0.01,-0.034,-0.024,0.024,0.005,-0.029,0.049,-0.044,-0.078,-0.068,-0.063,-0.049
7.71,-0.039,-0.044,-0.005,0.044,-0.02,-0.024,0.044,-0.054,-0.088,-0.068,-0.063,-0.044
7.712,-0.02,-0.044,-0.024,0.034,0.0,-0.034,0.029,-0.073,-0.102,-0.083,-0.073,-0.054
7.714,-0.029,-0.034,-0.005,0.034,-0.015,-0.02,0.01,-0.098,-0.127,-0.098,-0.088,-0.059
7.716,-0.049,-0.044,0.005,0.049,-0.029,-0.02,0.01,-0.102,-0.132,-0.098,-0.093,-0.059
7.718,-0.044,-0.044,0.0,0.044,-0.024,-0.024,0.015,-0.093,-0.127,-0.098,-0.088,-0.059
7.72,-0.034,-0.039,-0.005,0.039,-0.015,-0.024,0.024,-0.078,-0.112,-0.078,-0.078,-0.054
7.722,-0.029,-0.039,-0.01,0.034,-0.01,-0.024,0.039,-0.063,-0.102,-0.073,-0.073,-0.059
7.724,-0.02,-0.039,-0.02,0.029,0.0,-0.029,0.059,-0.044,-0.078,-0.063,-0.059,-0.049
7.726,-0.005,-0.029,-0.024,0.02,0.01,-0.029,0.059,-0.044,-0.078,-0.078,-0.063,-0.049
7.728,-0.01,-0.034,-0.024,0.024,0.005,-0.029,0.049,-0.059,-0.088,-0.083,-0.063,-0.049
7.73,-0.024,-0.034,-0.01,0.029,-0.01,-0.024,0.044,-0.068,-0.098,-0.083,-0.059,-0.044
7.732,-0.029,-0.044,-0.015,0.039,-0.01,-0.029,0.029,-0.083,-0.112,-0.093,-0.078,-0.049
7.734,-0.049,-0.039,0.01,0.044,-0.029,-0.015,0.02,-0.098,-0.137,-0.102,-0.083,-0.049
7.736,-0.059,-0.049,0.01,0.054,-0.034,-0.02,0.02,-0.098,-0.137,-0.093,-0.083,-0.044
7.738,-0.059,-0.054,0.005,0.059,-0.034,-0.024,0.02,-0.093,-0.127,-0.093,-0.083,-0.049
7.74,-0.054,-0.059,-0.005,0.059,-0.024,-0.034,0.039,-0.073,-0.112,-0.078,-0.073,-0.044
7.742,-0.029,-0.059,-0.029,0.044,0.0,-0.044,0.039,-0.068,-0.112,-0.078,-0.073,-0.049
7.744,-0.005,-0.049,-0.044,0.029,0.02,-0.049,0.054,-0.049,-0.093,-0.068,-0.054,-0.039
7.746,0.0,-0.044,-0.044,0.024,0.02,-0.044,0.068,-0.034,-0.078,-0.063,-0.049,-0.039
7.748,-0.029,-0.054,-0.024,0.044,-0.005,-0.039,0.054,-0.054,-0.093,-0.068,-0.054,-0.039
7.75,-0.02,-0.049,-0.029,0.034,0.005,-0.039,0.044,-0.068,-0.102,-0.083,-0.063,-0.044
7.752,-0.015,-0.044,-0.029,0.029,0.005,-0.039,0.034,-0.083,-0.117,-0.098,-0.073,-0.039
7.754,-0.049,-0.054,-0.005,0.054,-0.024,-0.029,0.029,-0.098,-0.127,-0.107,-0.083,-0.044
7.756,-0.063,-0.059,0.005,0.063,-0.034,-0.029,0.029,-0.098,-0.122,-0.098,-0.078,-0.044
7.758,-0.044,-0.059,-0.015,0.054,-0.015,-0.039,0.024,-0.098,-0.127,-0.098,-0.083,-0.049
7.76,-0.02,-0.039,-0.02,0.029,0.0,-0.029,0.034,-0.083,-0.122,-0.088,-0.068,-0.039
7.762,-0.029,-0.044,-0.015,0.039,-0.01,-0.029,0.044,-0.068,-0.107,-0.078,-0.054,-0.029
7.764,-0.044,-0.063,-0.02,0.054,-0.015,-0.044,0.054,-0.059,-0.093,-0.083,-0.054,-0.039
7.766,-0.01,-0.054,-0.044,0.034,0.015,-0.049,0.059,-0.059,-0.088,-0.078,-0.049,-0.039
7.768,0.005,-0.039,-0.044,0.02,0.024,-0.044,0.054,-0.063,-0.093,-0.078,-0.054,-0.044
7.77,-0.015,-0.034,-0.02,0.024,0.0,-0.029,0.059,-0.068,-0.098,-0.083,-0.054,-0.039
7.772,-0.015,-0.015,0.0,0.015,-0.01,-0.01,0.063,-0.068,-0.088,-0.078,-0.049,-0.034
7.774,-0.024,-0.01,0.015,0.02,-0.02,0.0,0.054,-0.078,-0.098,-0.078,-0.054,-0.034
7.776,-0.024,0.0,0.024,0.015,-0.024,0.01,0.044,-0.088,-0.107,-0.083,-0.059,-0.034
7.778,-0.034,0.005,0.039,0.015,-0.039,0.02,0.059,-0.078,-0.098,-0.073,-0.059,-0.029
7.78,-0.039,0.0,0.039,0.02,-0.039,0.02,0.059,-0.068,-0.098,-0.073,-0.049,-0.029
7.782,-0.01,0.0,0.01,0.005,-0.01,0.005,0.068,-0.063,-0.093,-0.073,-0.049,-0.029
7.784,0.0,-0.015,-0.015,0.01,0.005,-0.015,0.083,-0.039,-0.068,-0.059,-0.039,-0.024
7.786,0.005,-0.02,-0.024,0.01,0.015,-0.024,0.083,-0.034,-0.063,-0.049,-0.024,-0.01
7.788,0.0,0.0,0.0,0.0,0.0,0.0,0.088,-0.029,-0.054,-0.044,-0.02,-0.01
7.79,0.005,0.01,0.005,-0.005,0.0,0.005,0.083,-0.044,-0.068,-0.044,-0.024,-0.01
7.792,0.02,0.02,0.0,-0.02,0.01,0.01,0.073,-0.054,-0.073,-0.054,-0.029,-0.01
7.794,-0.015,0.015,0.029,0.0,-0.024,0.02,0.083,-0.054,-0.078,-0.054,-0.029,0.0
7.796,-0.024,0.0,0.024,0.015,-0.024,0.01,0.073,-0.068,-0.088,-0.063,-0.044,-0.015
7.798,-0.005,0.0,0.005,0.005,-0.005,0.0,0.068,-0.068,-0.093,-0.068,-0.044,-0.015
7.8,-0.005,0.0,0.005,0.005,-0.005,0.0,0.063,-0.059,-0.088,-0.063,-0.044,-0.015
7.802,0.005,0.02,0.015,-0.01,-0.005,0.015,0.063,-0.039,-0.068,-0.049,-0.029,-0.005
7.804,0.015,0.024,0.01,-0.02,0.0,0.015,0.073,-0.024,-0.044,-0.029,-0.015,0.0
7.806,0.005,0.01,0.005,-0.005,0.0,0.005,0.073,-0.029,-0.044,-0.039,-0.015,0.0
7.808,0.005,0.01,0.005,-0.005,0.0,0.005,0.034,-0.049,-0.059,-0.039,-0.02,-0.005
7.81,0.024,0.01,-0.015,-0.015,0.02,-0.005,0.0,-0.078,-0.078,-0.054,-0.024,-0.01
7.812,-0.005,0.015,0.02,-0.005,-0.015,0.015,-0.005,-0.078,-0.078,-0.049,-0.02,0.005
7.814,-0.01,0.024,0.034,-0.005,-0.024,0.029,-0.024,-0.093,-0.093,-0.049,-0.02,0.02
7.816,0.0,0.024,0.024,-0.01,-0.015,0.024,-0.044,-0.102,-0.102,-0.068,-0.024,0.01
7.818,0.02,0.024,0.005,-0.02,0.005,0.015,-0.034,-0.088,-0.088,-0.059,-0.024,0.015
7.82,0.039,0.029,-0.01,-0.034,0.024,0.01,-0.015,-0.063,-0.073,-0.049,-0.01,0.015
7.822,0.039,0.02,-0.02,-0.029,0.029,0.0,0.0,-0.044,-0.054,-0.034,0.0,0.02
7.824,0.039,0.015,-0.024,-0.024,0.029,-0.005,0.024,-0.024,-0.034,-0.015,0.01,0.02
7.826,0.039,0.015,-0.024,-0.024,0.029,-0.005,0.024,-0.044,-0.049,-0.034,0.0,0.005
7.828,0.024,0.0,-0.024,-0.01,0.024,-0.015,0.01,-0.063,-0.073,-0.054,-0.015,0.005
7.83,0.02,0.0,-0.02,-0.01,0.02,-0.01,0.01,-0.073,-0.078,-0.054,-0.02,0.005
7.832,0.005,-0.015,-0.02,0.005,0.01,-0.02,-0.005,-0.098,-0.098,-0.073,-0.034,-0.005
7.834,-0.01,-0.015,-0.005,0.015,-0.005,-0.01,-0.024,-0.127,-0.127,-0.102,-0.049,-0.01
7.836,-0.01,-0.024,-0.015,0.02,0.0,-0.02,-0.034,-0.127,-0.132,-0.107,-0.059,-0.015
7.838,-0.01,-0.039,-0.029,0.024,0.01,-0.034,-0.034,-0.122,-0.132,-0.098,-0.054,-0.015
7.84,-0.005,-0.054,-0.049,0.029,0.02,-0.054,-0.024,-0.107,-0.122,-0.098,-0.049,-0.015
7.842,0.005,-0.054,-0.059,0.024,0.029,-0.059,-0.01,-0.102,-0.117,-0.093,-0.049,-0.015
7.844,0.02,-0.049,-0.068,0.015,0.044,-0.059,0.0,-0.088,-0.102,-0.093,-0.034,-0.01
7.846,0.015,-0.059,-0.073,0.024,0.044,-0.068,0.015,-0.083,-0.098,-0.093,-0.039,-0.02
7.848,-0.02,-0.068,-0.049,0.044,0.015,-0.059,0.01,-0.098,-0.112,-0.098,-0.049,-0.02
7.85,-0.034,-0.078,-0.044,0.059,0.005,-0.063,0.005,-0.107,-0.122,-0.112,-0.063,-0.024
7.852,-0.034,-0.088,-0.054,0.063,0.01,-0.073,-0.015,-0.127,-0.142,-0.137,-0.083,-0.034
7.854,-0.054,-0.083,-0.029,0.068,-0.015,-0.059,-0.034,-0.151,-0.166,-0.151,-0.098,-0.044
7.856,-0.054,-0.093,-0.039,0.073,-0.01,-0.068,-0.044,-0.161,-0.185,-0.156,-0.102,-0.054
7.858,-0.054,-0.083,-0.029,0.068,-0.015,-0.059,-0.024,-0.142,-0.166,-0.137,-0.093,-0.049
7.86,-0.049,-0.078,-0.029,0.063,-0.01,-0.054,-0.015,-0.127,-0.146,-0.127,-0.083,-0.044
7.862,-0.024,-0.078,-0.054,0.054,0.015,-0.068,-0.015,-0.122,-0.146,-0.132,-0.078,-0.044
7.864,-0.015,-0.078,-0.063,0.049,0.024,-0.073,0.0,-0.107,-0.132,-0.122,-0.073,-0.044
7.866,-0.015,-0.078,-0.063,0.049,0.024,-0.073,0.005,-0.102,-0.122,-0.122,-0.063,-0.044
7.868,-0.029,-0.083,-0.054,0.059,0.01,-0.068,-0.005,-0.117,-0.137,-0.137,-0.073,-0.049
7.87,-0.039,-0.098,-0.059,0.068,0.01,-0.078,-0.015,-0.132,-0.151,-0.146,-0.083,-0.059
7.872,-0.034,-0.093,-0.059,0.063,0.01,-0.078,-0.015,-0.132,-0.146,-0.142,-0.078,-0.049
7.874,-0.073,-0.102,-0.029,0.088,-0.024,-0.068,-0.024,-0.146,-0.161,-0.146,-0.088,-0.044
7.876,-0.078,-0.107,-0.029,0.093,-0.024,-0.068,-0.049,-0.161,-0.181,-0.161,-0.098,-0.054
7.878,-0.063,-0.107,-0.044,0.088,-0.01,-0.078,-0.049,-0.156,-0.176,-0.151,-0.093,-0.059
7.88,-0.063,-0.107,-0.044,0.088,-0.01,-0.078,-0.039,-0.146,-0.171,-0.151,-0.088,-0.054
7.882,-0.039,-0.088,-0.049,0.063,0.005,-0.068,-0.024,-0.132,-0.156,-0.142,-0.083,-0.044
7.884,-0.039,-0.083,-0.044,0.063,0.0,-0.063,-0.01,-0.107,-0.127,-0.132,-0.063,-0.034
7.886,-0.01,-0.078,-0.068,0.044,0.029,-0.073,-0.01,-0.107,-0.127,-0.137,-0.073,-0.049
7.888,0.0,-0.078,-0.078,0.039,0.039,-0.078,-0.005,-0.098,-0.127,-0.127,-0.068,-0.049
7.89,-0.015,-0.083,-0.068,0.049,0.024,-0.078,-0.01,-0.107,-0.127,-0.132,-0.073,-0.054
7.892,-0.044,-0.098,-0.054,0.073,0.005,-0.078,-0.02,-0.117,-0.137,-0.142,-0.083,-0.059
7.894,-0.073,-0.107,-0.034,0.093,-0.02,-0.073,-0.034,-0.137,-0.156,-0.151,-0.083,-0.054
7.896,-0.059,-0.102,-0.044,0.083,-0.01,-0.073,-0.049,-0.146,-0.171,-0.156,-0.088,-0.054
7.898,-0.044,-0.102,-0.059,0.073,0.005,-0.083,-0.044,-0.151,-0.171,-0.156,-0.093,-0.054
7.9,-0.039,-0.098,-0.059,0.068,0.01,-0.078,-0.034,-0.132,-0.151,-0.151,-0.083,-0.049
7.902,-0.039,-0.102,-0.063,0.073,0.01,-0.083,-0.024,-0.112,-0.137,-0.132,-0.073,-0.049
7.904,-0.024,-0.098,-0.073,0.063,0.024,-0.088,-0.005,-0.088,-0.112,-0.112,-0.059,-0.039
7.906,-0.015,-0.102,-0.088,0.059,0.034,-0.098,0.005,-0.073,-0.098,-0.107,-0.054,-0.044
7.908,-0.02,-0.098,-0.078,0.059,0.029,-0.088,0.0,-0.078,-0.098,-0.107,-0.059,-0.044
7.91,-0.024,-0.078,-0.054,0.054,0.015,-0.068,-0.005,-0.078,-0.093,-0.107,-0.063,-0.044
7.912,-0.029,-0.078,-0.049,0.054,0.01,-0.063,0.0,-0.063,-0.088,-0.107,-0.068,-0.054
7.914,-0.034,-0.073,-0.039,0.054,0.0,-0.059,0.029,-0.015,-0.049,-0.088,-0.073,-0.054
7.916,-0.039,-0.063,-0.024,0.054,-0.01,-0.044,0.083,0.083,0.029,-0.044,-0.059,-0.054
7.918,-0.044,-0.044,0.0,0.044,-0.024,-0.024,0.142,0.181,0.117,0.034,-0.02,-0.029
7.92,-0.01,0.0,0.01,0.005,-0.01,0.005,0.156,0.244,0.21,0.122,0.049,0.01
7.922,0.029,0.015,-0.015,-0.02,0.02,0.0,0.171,0.322,0.312,0.234,0.117,0.054
7.924,0.078,0.029,-0.049,-0.054,0.063,-0.01,0.205,0.42,0.454,0.376,0.215,0.102
7.926,0.137,0.078,-0.059,-0.107,0.098,0.01,0.205,0.508,0.615,0.556,0.361,0.2
7.928,0.195,0.122,-0.073,-0.156,0.132,0.024,0.2,0.576,0.781,0.776,0.542,0.307
7.93,0.278,0.161,-0.117,-0.22,0.195,0.02,0.22,0.659,0.961,1.02,0.722,0.425
7.932,0.342,0.195,-0.146,-0.268,0.244,0.024,0.239,0.708,1.118,1.22,0.874,0.517
7.934,0.39,0.229,-0.161,-0.307,0.273,0.034,0.195,0.712,1.22,1.381,1.015,0.625
7.936,0.464,0.288,-0.176,-0.376,0.317,0.054,0.107,0.683,1.274,1.508,1.137,0.732
7.938,0.517,0.327,-0.19,-0.42,0.351,0.068,-0.005,0.605,1.264,1.523,1.2,0.8
7.94,0.537,0.366,-0.171,-0.449,0.351,0.098,-0.142,0.449,1.147,1.43,1.21,0.854
7.942,0.6,0.429,-0.171,-0.512,0.386,0.127,-0.259,0.273,0.966,1.244,1.157,0.874
7.944,0.595,0.425,-0.171,-0.508,0.381,0.127,-0.371,0.024,0.654,0.961,1.035,0.839
7.946,0.483,0.41,-0.073,-0.444,0.278,0.166,-0.478,-0.4,0.098,0.449,0.781,0.752
7.948,0.298,0.4,0.102,-0.346,0.098,0.249,-0.605,-0.996,-0.688,-0.229,0.444,0.615
7.95,0.161,0.371,0.21,-0.264,-0.024,0.288,-0.693,-1.464,-1.298,-0.722,0.166,0.488
7.952,0.039,0.322,0.283,-0.181,-0.122,0.303,-0.747,-1.742,-1.645,-1.044,-0.078,0.351
7.954,-0.078,0.254,0.332,-0.088,-0.205,0.293,-0.82,-1.845,-1.776,-1.235,-0.303,0.185
7.956,-0.117,0.151,0.268,-0.015,-0.195,0.21,-0.874,-1.815,-1.752,-1.249,-0.425,0.059
7.958,-0.156,0.063,0.22,0.049,-0.19,0.142,-0.859,-1.698,-1.635,-1.191,-0.468,-0.034
7.96,-0.215,0.029,0.244,0.093,-0.229,0.137,-0.864,-1.596,-1.523,-1.113,-0.478,-0.083
7.962,-0.229,0.034,0.264,0.098,-0.249,0.146,-0.883,-1.547,-1.449,-1.039,-0.439,-0.083
7.964,-0.22,0.034,0.254,0.093,-0.239,0.142,-0.893,-1.479,-1.366,-0.996,-0.425,-0.088
7.966,-0.195,0.01,0.205,0.093,-0.2,0.107,-0.844,-1.342,-1.249,-0.932,-0.415,-0.098
7.968,-0.176,-0.01,0.166,0.093,-0.171,0.078,-0.771,-1.2,-1.127,-0.864,-0.39,-0.107
7.97,-0.181,-0.024,0.156,0.102,-0.171,0.063,-0.698,-1.054,-1.0,-0.786,-0.366,-0.102
7.972,-0.151,-0.039,0.112,0.098,-0.132,0.034,-0.615,-0.908,-0.878,-0.703,-0.346,-0.117
7.974,-0.142,-0.063,0.078,0.102,-0.112,0.005,-0.532,-0.771,-0.756,-0.62,-0.322,-0.132
7.976,-0.117,-0.083,0.034,0.102,-0.078,-0.024,-0.439,-0.615,-0.61,-0.508,-0.268,-0.112
7.978,-0.068,-0.068,0.0,0.068,-0.034,-0.034,-0.346,-0.464,-0.473,-0.4,-0.215,-0.083
7.98,-0.049,-0.063,-0.015,0.059,-0.02,-0.039,-0.244,-0.342,-0.366,-0.322,-0.161,-0.063
7.982,-0.039,-0.059,-0.02,0.049,-0.01,-0.039,-0.176,-0.273,-0.298,-0.278,-0.142,-0.054
7.984,-0.034,-0.054,-0.02,0.044,-0.01,-0.039,-0.117,-0.224,-0.254,-0.249,-0.117,-0.049
7.986,-0.034,-0.049,-0.015,0.044,-0.01,-0.034,-0.078,-0.176,-0.215,-0.229,-0.117,-0.049
7.988,-0.044,-0.049,-0.005,0.049,-0.02,-0.029,-0.054,-0.142,-0.19,-0.205,-0.117,-0.049
7.99,-0.049,-0.054,-0.005,0.054,-0.024,-0.029,-0.034,-0.117,-0.166,-0.19,-0.122,-0.063
7.992,-0.054,-0.063,-0.01,0.059,-0.024,-0.039,-0.02,-0.098,-0.151,-0.176,-0.117,-0.068
7.994,-0.068,-0.083,-0.015,0.078,-0.029,-0.049,-0.015,-0.083,-0.132,-0.161,-0.117,-0.063
7.996,-0.059,-0.088,-0.029,0.073,-0.015,-0.059,-0.015,-0.083,-0.132,-0.161,-0.122,-0.063
7.998,-0.049,-0.088,-0.039,0.068,-0.005,-0.063,0.01,-0.063,-0.112,-0.146,-0.102,-0.044
8.0,-0.034,-0.078,-0.044,0.059,0.005,-0.063,0.024,-0.039,-0.102,-0.142,-0.098,-0.044
8.002,-0.034,-0.073,-0.039,0.054,0.0,-0.059,0.034,-0.02,-0.078,-0.132,-0.088,-0.044
8.004,-0.02,-0.068,-0.049,0.044,0.015,-0.059,0.049,0.005,-0.059,-0.122,-0.083,-0.049
8.006,0.005,-0.063,-0.068,0.029,0.034,-0.068,0.054,0.01,-0.044,-0.122,-0.083,-0.063
8.008,-0.02,-0.063,-0.044,0.044,0.01,-0.054,0.054,0.02,-0.039,-0.117,-0.083,-0.063
8.01,-0.024,-0.059,-0.034,0.044,0.005,-0.049,0.059,0.024,-0.034,-0.102,-0.083,-0.054
8.012,-0.034,-0.078,-0.044,0.059,0.005,-0.063,0.059,0.02,-0.034,-0.102,-0.078,-0.049
8.014,-0.034,-0.098,-0.063,0.068,0.015,-0.083,0.044,0.0,-0.054,-0.107,-0.078,-0.054
8.016,-0.044,-0.102,-0.059,0.073,0.005,-0.083,0.039,-0.01,-0.068,-0.112,-0.083,-0.049
8.018,-0.044,-0.102,-0.059,0.073,0.005,-0.083,0.049,0.005,-0.054,-0.107,-0.083,-0.054
8.02,-0.039,-0.093,-0.054,0.068,0.005,-0.073,0.063,0.029,-0.034,-0.093,-0.078,-0.044
8.022,-0.029,-0.093,-0.063,0.063,0.015,-0.078,0.073,0.044,-0.015,-0.083,-0.073,-0.049
8.024,-0.005,-0.093,-0.088,0.049,0.039,-0.093,0.102,0.073,0.005,-0.078,-0.068,-0.054
8.026,-0.005,-0.088,-0.083,0.049,0.039,-0.088,0.117,0.093,0.024,-0.059,-0.063,-0.054
8.028,-0.005,-0.088,-0.083,0.049,0.039,-0.088,0.107,0.088,0.029,-0.054,-0.044,-0.044
8.03,-0.01,-0.088,-0.078,0.049,0.034,-0.083,0.102,0.078,0.029,-0.054,-0.039,-0.029
8.032,0.01,-0.078,-0.088,0.034,0.049,-0.083,0.083,0.054,0.005,-0.073,-0.054,-0.039
8.034,-0.01,-0.083,-0.073,0.049,0.029,-0.078,0.059,0.029,-0.02,-0.093,-0.068,-0.034
8.036,-0.024,-0.088,-0.063,0.059,0.02,-0.078,0.054,0.029,-0.029,-0.093,-0.068,-0.029
8.038,-0.044,-0.107,-0.063,0.078,0.01,-0.088,0.068,0.049,-0.015,-0.088,-0.073,-0.034
8.04,-0.029,-0.093,-0.063,0.063,0.015,-0.078,0.073,0.068,0.005,-0.083,-0.068,-0.044
8.042,0.005,-0.078,-0.083,0.039,0.044,-0.083,0.093,0.098,0.034,-0.049,-0.059,-0.039
8.044,0.01,-0.093,-0.102,0.044,0.054,-0.098,0.098,0.117,0.054,-0.034,-0.044,-0.034
8.046,0.034,-0.093,-0.127,0.029,0.078,-0.112,0.107,0.127,0.063,-0.034,-0.039,-0.039
8.048,0.039,-0.083,-0.122,0.024,0.078,-0.102,0.107,0.117,0.059,-0.034,-0.029,-0.024
8.05,0.0,-0.088,-0.088,0.044,0.044,-0.088,0.102,0.107,0.044,-0.039,-0.029,-0.024
8.052,0.005,-0.083,-0.088,0.039,0.044,-0.088,0.088,0.093,0.024,-0.059,-0.044,-0.039
8.054,0.005,-0.088,-0.093,0.044,0.049,-0.093,0.059,0.073,0.005,-0.078,-0.073,-0.054
8.056,-0.02,-0.088,-0.068,0.054,0.024,-0.078,0.063,0.078,0.01,-0.078,-0.068,-0.054
8.058,-0.015,-0.078,-0.063,0.049,0.024,-0.073,0.078,0.107,0.024,-0.059,-0.063,-0.049
8.06,-0.005,-0.083,-0.078,0.044,0.034,-0.083,0.098,0.127,0.049,-0.044,-0.054,-0.039
8.062,-0.005,-0.088,-0.083,0.049,0.039,-0.088,0.102,0.132,0.059,-0.034,-0.049,-0.039
8.064,0.024,-0.088,-0.112,0.034,0.068,-0.102,0.117,0.146,0.078,-0.029,-0.029,-0.029
8.066,0.024,-0.088,-0.112,0.034,0.068,-0.102,0.122,0.156,0.088,-0.029,-0.02,-0.02
8.068,0.029,-0.088,-0.117,0.029,0.073,-0.102,0.117,0.146,0.078,-0.039,-0.034,-0.034
8.07,0.039,-0.073,-0.112,0.02,0.073,-0.093,0.117,0.142,0.073,-0.044,-0.039,-0.029
8.072,0.024,-0.073,-0.098,0.024,0.059,-0.088,0.117,0.146,0.073,-0.039,-0.049,-0.029
8.074,0.01,-0.063,-0.073,0.029,0.039,-0.068,0.107,0.146,0.068,-0.044,-0.054,-0.039
8.076,-0.005,-0.083,-0.078,0.044,0.034,-0.083,0.107,0.146,0.068,-0.034,-0.054,-0.034
8.078,0.01,-0.078,-0.088,0.034,0.049,-0.083,0.117,0.161,0.083,-0.024,-0.049,-0.034
8.08,0.024,-0.073,-0.098,0.024,0.059,-0.088,0.127,0.166,0.093,-0.02,-0.034,-0.024
8.082,-0.005,-0.102,-0.098,0.054,0.044,-0.102,0.142,0.181,0.102,-0.01,-0.02,-0.015
8.084,0.01,-0.102,-0.112,0.049,0.059,-0.107,0.156,0.2,0.112,0.0,-0.015,-0.015
8.086,0.039,-0.083,-0.122,0.024,0.078,-0.102,0.161,0.215,0.127,0.0,-0.01,-0.01
8.088,0.034,-0.068,-0.102,0.02,0.068,-0.088,0.176,0.229,0.142,0.015,-0.005,-0.005
8.09,0.044,-0.049,-0.093,0.005,0.068,-0.073,0.171,0.229,0.142,0.01,-0.01,-0.01
8.092,0.02,-0.068,-0.088,0.024,0.054,-0.078,0.171,0.229,0.146,0.01,-0.01,-0.005
8.094,0.01,-0.063,-0.073,0.029,0.039,-0.068,0.161,0.224,0.142,0.015,-0.015,-0.015
8.096,0.015,-0.054,-0.068,0.02,0.039,-0.063,0.161,0.22,0.137,0.02,-0.01,-0.01
8.098,0.02,-0.059,-0.078,0.02,0.049,-0.068,0.171,0.234,0.146,0.024,-0.005,0.0
8.1,0.029,-0.054,-0.083,0.015,0.054,-0.068,0.181,0.254,0.156,0.034,0.0,0.0
8.102,0.029,-0.068,-0.098,0.02,0.063,-0.083,0.19,0.264,0.166,0.034,0.005,0.0
8.104,0.02,-0.078,-0.098,0.029,0.059,-0.088,0.2,0.298,0.185,0.044,0.01,-0.005
8.106,0.059,-0.044,-0.102,-0.005,0.078,-0.073,0.215,0.322,0.215,0.054,0.015,-0.005
8.108,0.063,-0.044,-0.107,-0.01,0.083,-0.078,0.229,0.342,0.229,0.063,0.024,0.0
8.11,0.059,-0.039,-0.098,-0.01,0.078,-0.068,0.234,0.351,0.239,0.073,0.024,0.005
8.112,0.054,-0.044,-0.098,-0.005,0.073,-0.073,0.229,0.351,0.239,0.078,0.029,0.01
8.114,0.039,-0.039,-0.078,0.0,0.059,-0.059,0.21,0.337,0.224,0.073,0.02,0.01
8.116,0.034,-0.024,-0.059,-0.005,0.044,-0.044,0.205,0.332,0.22,0.073,0.024,0.015
8.118,0.034,-0.029,-0.063,0.0,0.049,-0.049,0.224,0.361,0.239,0.083,0.024,0.015
8.12,0.044,-0.02,-0.063,-0.01,0.054,-0.044,0.244,0.39,0.264,0.098,0.034,0.02
8.122,0.054,-0.005,-0.059,-0.024,0.054,-0.034,0.254,0.425,0.293,0.122,0.039,0.02
8.124,0.059,-0.005,-0.063,-0.024,0.059,-0.034,0.278,0.464,0.337,0.156,0.059,0.02
8.126,0.068,-0.01,-0.078,-0.029,0.073,-0.044,0.288,0.488,0.366,0.166,0.073,0.029
8.128,0.083,-0.01,-0.093,-0.034,0.088,-0.054,0.293,0.488,0.366,0.171,0.073,0.029
8.13,0.068,0.0,-0.068,-0.034,0.068,-0.034,0.283,0.493,0.366,0.176,0.088,0.044
8.132,0.068,0.0,-0.068,-0.034,0.068,-0.034,0.273,0.478,0.361,0.171,0.078,0.049
8.134,0.073,0.015,-0.059,-0.044,0.063,-0.024,0.264,0.478,0.361,0.166,0.078,0.054
8.136,0.068,0.02,-0.049,-0.044,0.059,-0.015,0.268,0.493,0.366,0.181,0.088,0.063
8.138,0.098,0.034,-0.063,-0.063,0.078,-0.015,0.283,0.522,0.39,0.205,0.098,0.073
8.14,0.098,0.029,-0.068,-0.063,0.083,-0.02,0.303,0.566,0.434,0.229,0.117,0.083
8.142,0.102,0.039,-0.063,-0.068,0.083,-0.015,0.317,0.6,0.468,0.259,0.142,0.098
8.144,0.146,0.049,-0.098,-0.098,0.122,-0.024,0.317,0.62,0.493,0.288,0.156,0.098
8.146,0.142,0.049,-0.093,-0.093,0.117,-0.024,0.337,0.644,0.522,0.317,0.181,0.117
8.148,0.146,0.059,-0.088,-0.102,0.117,-0.015,0.327,0.649,0.537,0.317,0.19,0.132
8.15,0.137,0.063,-0.073,-0.098,0.102,-0.005,0.312,0.639,0.537,0.322,0.195,0.137
8.152,0.132,0.063,-0.068,-0.098,0.098,-0.005,0.298,0.63,0.527,0.317,0.19,0.132
8.154,0.132,0.068,-0.063,-0.098,0.098,0.0,0.298,0.634,0.532,0.327,0.19,0.142
8.156,0.127,0.073,-0.054,-0.098,0.088,0.01,0.288,0.644,0.542,0.337,0.19,0.151
8.158,0.142,0.088,-0.054,-0.112,0.098,0.015,0.303,0.669,0.571,0.366,0.21,0.156
8.16,0.151,0.102,-0.049,-0.127,0.098,0.024,0.307,0.688,0.595,0.395,0.234,0.166
8.162,0.161,0.107,-0.054,-0.132,0.107,0.024,0.307,0.698,0.615,0.41,0.259,0.181
8.164,0.19,0.107,-0.083,-0.146,0.137,0.01,0.317,0.722,0.639,0.434,0.283,0.2
8.166,0.2,0.117,-0.083,-0.156,0.142,0.015,0.317,0.732,0.659,0.454,0.303,0.21
8.168,0.195,0.117,-0.078,-0.156,0.137,0.02,0.298,0.712,0.649,0.449,0.303,0.21
8.17,0.21,0.127,-0.083,-0.166,0.146,0.02,0.288,0.708,0.644,0.449,0.307,0.215
8.172,0.185,0.132,-0.054,-0.156,0.117,0.039,0.278,0.693,0.63,0.449,0.303,0.21
8.174,0.171,0.132,-0.039,-0.151,0.102,0.044,0.264,0.678,0.634,0.449,0.307,0.21
8.176,0.151,0.132,-0.02,-0.142,0.083,0.054,0.249,0.678,0.639,0.464,0.312,0.229
8.178,0.166,0.137,-0.029,-0.151,0.098,0.054,0.244,0.678,0.639,0.473,0.322,0.229
8.18,0.205,0.151,-0.054,-0.176,0.127,0.049,0.244,0.669,0.644,0.473,0.337,0.244
8.182,0.215,0.156,-0.059,-0.185,0.137,0.049,0.239,0.664,0.644,0.483,0.346,0.254
8.184,0.22,0.166,-0.054,-0.19,0.137,0.054,0.244,0.664,0.659,0.493,0.366,0.264
8.186,0.224,0.166,-0.059,-0.195,0.142,0.054,0.244,0.664,0.664,0.498,0.376,0.273
8.188,0.215,0.166,-0.049,-0.19,0.132,0.059,0.215,0.63,0.634,0.483,0.361,0.264
8.19,0.21,0.166,-0.044,-0.185,0.127,0.059,0.195,0.6,0.615,0.478,0.356,0.264
8.192,0.195,0.156,-0.039,-0.176,0.117,0.059,0.171,0.566,0.59,0.468,0.346,0.254
8.194,0.181,0.146,-0.034,-0.161,0.107,0.054,0.146,0.527,0.556,0.454,0.337,0.254
8.196,0.176,0.146,-0.029,-0.161,0.102,0.059,0.132,0.493,0.527,0.449,0.342,0.264
8.198,0.171,0.132,-0.039,-0.151,0.102,0.044,0.122,0.464,0.508,0.434,0.346,0.259
8.2,0.161,0.122,-0.039,-0.142,0.098,0.039,0.112,0.434,0.483,0.415,0.337,0.254
8.202,0.156,0.117,-0.039,-0.137,0.098,0.039,0.107,0.41,0.464,0.39,0.322,0.249
8.204,0.161,0.107,-0.054,-0.132,0.107,0.024,0.102,0.395,0.449,0.371,0.307,0.229
8.206,0.171,0.112,-0.059,-0.142,0.112,0.024,0.107,0.381,0.429,0.356,0.303,0.22
8.208,0.146,0.112,-0.034,-0.127,0.088,0.039,0.098,0.351,0.4,0.337,0.288,0.205
8.21,0.122,0.107,-0.015,-0.112,0.068,0.044,0.078,0.312,0.371,0.307,0.268,0.195
8.212,0.112,0.088,-0.024,-0.098,0.068,0.029,0.063,0.268,0.327,0.283,0.249,0.185
8.214,0.088,0.068,-0.02,-0.078,0.054,0.024,0.039,0.215,0.273,0.239,0.215,0.161
8.216,0.088,0.059,-0.029,-0.073,0.059,0.015,0.02,0.161,0.22,0.2,0.185,0.142
8.218,0.059,0.049,-0.01,-0.054,0.034,0.02,0.034,0.156,0.2,0.181,0.185,0.142
8.22,0.039,0.029,-0.01,-0.034,0.024,0.01,0.02,0.127,0.171,0.146,0.151,0.112
8.222,0.054,0.034,-0.02,-0.044,0.034,0.005,0.024,0.122,0.161,0.142,0.142,0.098
8.224,0.059,0.034,-0.024,-0.044,0.039,0.005,0.044,0.137,0.161,0.132,0.132,0.088
8.226,0.059,0.029,-0.029,-0.044,0.044,0.0,0.049,0.137,0.146,0.117,0.127,0.078
8.228,0.059,0.039,-0.02,-0.049,0.039,0.01,0.034,0.102,0.127,0.088,0.107,0.063
8.23,0.034,0.015,-0.02,-0.024,0.024,-0.005,0.029,0.073,0.098,0.068,0.098,0.059
8.232,0.01,0.01,0.0,-0.01,0.005,0.005,0.015,0.039,0.059,0.034,0.078,0.059
8.234,0.005,0.02,0.015,-0.01,-0.005,0.015,0.005,0.02,0.029,0.02,0.059,0.044
8.236,-0.015,-0.01,0.005,0.015,-0.01,-0.005,0.0,0.005,0.005,0.005,0.044,0.034
8.238,-0.024,-0.015,0.01,0.02,-0.02,-0.005,0.0,0.0,-0.005,-0.01,0.029,0.024
8.24,-0.029,-0.034,-0.005,0.034,-0.015,-0.02,0.01,0.0,-0.01,-0.024,0.015,0.01
8.242,-0.015,-0.044,-0.029,0.029,0.005,-0.039,0.015,0.0,-0.015,-0.024,0.005,0.005
8.244,0.0,-0.034,-0.034,0.02,0.015,-0.034,0.024,0.01,-0.005,-0.02,0.01,0.0
8.246,0.01,-0.029,-0.039,0.01,0.024,-0.034,0.029,0.01,-0.005,-0.029,0.015,0.0
8.248,-0.005,-0.029,-0.024,0.02,0.01,-0.029,0.029,-0.005,-0.02,-0.039,0.015,0.0
8.25,-0.015,-0.034,-0.02,0.024,0.0,-0.029,0.02,-0.024,-0.039,-0.049,0.0,0.0
8.252,-0.024,-0.039,-0.015,0.034,-0.005,-0.029,0.005,-0.049,-0.063,-0.073,-0.01,-0.005
8.254,-0.034,-0.034,0.0,0.034,-0.02,-0.02,0.0,-0.059,-0.073,-0.078,-0.015,-0.005
8.256,-0.044,-0.034,0.01,0.039,-0.029,-0.015,0.0,-0.059,-0.073,-0.083,-0.024,-0.005
8.258,-0.054,-0.049,0.005,0.054,-0.029,-0.024,0.005,-0.059,-0.073,-0.088,-0.029,-0.02
8.26,-0.054,-0.049,0.005,0.054,-0.029,-0.024,0.01,-0.049,-0.063,-0.078,-0.029,-0.015
8.262,-0.044,-0.049,-0.005,0.049,-0.02,-0.029,0.015,-0.039,-0.059,-0.068,-0.02,-0.015
8.264,-0.024,-0.054,-0.029,0.039,0.0,-0.044,0.02,-0.039,-0.054,-0.063,-0.01,-0.015
8.266,-0.02,-0.059,-0.039,0.039,0.01,-0.049,0.029,-0.029,-0.044,-0.063,-0.01,-0.01
8.268,-0.034,-0.078,-0.044,0.059,0.005,-0.063,0.024,-0.044,-0.059,-0.068,-0.015,-0.02
8.27,-0.039,-0.073,-0.034,0.059,-0.005,-0.054,0.015,-0.059,-0.073,-0.083,-0.029,-0.02
8.272,-0.044,-0.063,-0.02,0.054,-0.015,-0.044,0.005,-0.068,-0.083,-0.093,-0.044,-0.039
8.274,-0.049,-0.054,-0.005,0.054,-0.024,-0.029,0.0,-0.083,-0.098,-0.098,-0.044,-0.044
8.276,-0.054,-0.049,0.005,0.054,-0.029,-0.024,0.0,-0.078,-0.098,-0.093,-0.044,-0.034
8.278,-0.059,-0.049,0.01,0.054,-0.034,-0.02,0.0,-0.073,-0.088,-0.083,-0.039,-0.039
8.28,-0.049,-0.059,-0.01,0.054,-0.02,-0.034,0.01,-0.068,-0.083,-0.078,-0.029,-0.034
8.282,-0.049,-0.063,-0.015,0.059,-0.02,-0.039,0.015,-0.059,-0.078,-0.073,-0.024,-0.024
8.284,-0.024,-0.073,-0.049,0.049,0.01,-0.063,0.02,-0.059,-0.068,-0.078,-0.024,-0.029
8.286,-0.015,-0.063,-0.049,0.039,0.015,-0.059,0.024,-0.049,-0.068,-0.083,-0.029,-0.029
8.288,-0.049,-0.068,-0.02,0.059,-0.015,-0.044,0.029,-0.049,-0.073,-0.083,-0.039,-0.034
8.29,-0.049,-0.073,-0.024,0.063,-0.015,-0.049,0.024,-0.059,-0.078,-0.088,-0.044,-0.039
8.292,-0.044,-0.068,-0.024,0.059,-0.01,-0.049,0.02,-0.063,-0.083,-0.088,-0.044,-0.034
8.294,-0.078,-0.068,0.01,0.073,-0.044,-0.029,0.01,-0.073,-0.088,-0.093,-0.049,-0.034
8.296,-0.098,-0.063,0.034,0.083,-0.068,-0.015,0.01,-0.083,-0.098,-0.093,-0.039,-0.024
8.298,-0.059,-0.073,-0.015,0.068,-0.024,-0.044,0.0,-0.088,-0.107,-0.098,-0.039,-0.029
8.3,-0.034,-0.068,-0.034,0.054,0.0,-0.054,-0.005,-0.088,-0.107,-0.102,-0.044,-0.034
8.302,-0.029,-0.063,-0.034,0.049,0.0,-0.049,0.01,-0.068,-0.098,-0.098,-0.039,-0.034
8.304,-0.034,-0.063,-0.029,0.049,-0.005,-0.049,0.039,-0.044,-0.078,-0.078,-0.02,-0.024
8.306,-0.034,-0.063,-0.029,0.049,-0.005,-0.049,0.044,-0.029,-0.059,-0.073,-0.02,-0.024
8.308,-0.029,-0.063,-0.034,0.049,0.0,-0.049,0.034,-0.049,-0.078,-0.098,-0.034,-0.039
8.31,-0.049,-0.078,-0.029,0.063,-0.01,-0.054,0.024,-0.054,-0.078,-0.088,-0.034,-0.034
8.312,-0.054,-0.068,-0.015,0.063,-0.02,-0.044,0.015,-0.063,-0.093,-0.093,-0.039,-0.034
8.314,-0.049,-0.063,-0.015,0.059,-0.02,-0.039,0.0,-0.088,-0.112,-0.112,-0.044,-0.039
8.316,-0.059,-0.068,-0.01,0.063,-0.024,-0.039,-0.01,-0.098,-0.122,-0.117,-0.054,-0.039
8.318,-0.049,-0.063,-0.015,0.059,-0.02,-0.039,0.0,-0.088,-0.117,-0.117,-0.049,-0.034
8.32,-0.049,-0.059,-0.01,0.054,-0.02,-0.034,0.005,-0.083,-0.117,-0.112,-0.054,-0.044
8.322,-0.044,-0.049,-0.005,0.049,-0.02,-0.029,0.01,-0.063,-0.107,-0.112,-0.049,-0.039
8.324,-0.029,-0.059,-0.029,0.044,0.0,-0.044,0.029,-0.034,-0.078,-0.098,-0.039,-0.039
8.326,-0.029,-0.054,-0.024,0.044,-0.005,-0.039,0.049,-0.015,-0.059,-0.078,-0.024,-0.029
8.328,-0.024,-0.044,-0.02,0.034,-0.005,-0.034,0.039,-0.034,-0.068,-0.088,-0.029,-0.039
8.33,-0.034,-0.049,-0.015,0.044,-0.01,-0.034,0.029,-0.049,-0.073,-0.098,-0.034,-0.034
8.332,-0.044,-0.054,-0.01,0.049,-0.02,-0.034,0.015,-0.068,-0.093,-0.112,-0.049,-0.039
8.334,-0.063,-0.063,0.0,0.063,-0.034,-0.034,0.005,-0.078,-0.107,-0.127,-0.059,-0.044
8.336,-0.078,-0.078,0.0,0.078,-0.039,-0.039,-0.005,-0.088,-0.122,-0.137,-0.078,-0.044
8.338,-0.068,-0.083,-0.015,0.078,-0.029,-0.049,0.0,-0.078,-0.117,-0.132,-0.083,-0.049
8.34,-0.059,-0.078,-0.02,0.068,-0.02,-0.049,0.015,-0.049,-0.098,-0.112,-0.068,-0.044
8.342,-0.059,-0.078,-0.02,0.068,-0.02,-0.049,0.029,-0.044,-0.088,-0.107,-0.063,-0.044
8.344,-0.044,-0.078,-0.034,0.063,-0.005,-0.059,0.044,-0.02,-0.063,-0.088,-0.054,-0.044
8.346,-0.024,-0.063,-0.039,0.044,0.005,-0.054,0.049,-0.005,-0.049,-0.078,-0.044,-0.034
8.348,-0.029,-0.073,-0.044,0.054,0.005,-0.059,0.039,-0.029,-0.068,-0.098,-0.044,-0.034
8.35,-0.034,-0.073,-0.039,0.054,0.0,-0.059,0.029,-0.039,-0.078,-0.098,-0.049,-0.034
8.352,-0.039,-0.063,-0.024,0.054,-0.01,-0.044,0.01,-0.068,-0.102,-0.117,-0.063,-0.049
8.354,-0.063,-0.063,0.0,0.063,-0.034,-0.034,0.01,-0.068,-0.112,-0.122,-0.073,-0.044
8.356,-0.068,-0.063,0.005,0.068,-0.039,-0.029,0.005,-0.073,-0.112,-0.117,-0.083,-0.044
8.358,-0.063,-0.068,-0.005,0.068,-0.029,-0.039,0.005,-0.063,-0.107,-0.112,-0.078,-0.049
8.36,-0.059,-0.073,-0.015,0.068,-0.024,-0.044,0.01,-0.054,-0.098,-0.107,-0.078,-0.059
8.362,-0.063,-0.078,-0.015,0.073,-0.024,-0.049,0.024,-0.039,-0.083,-0.093,-0.063,-0.054
8.364,-0.044,-0.073,-0.029,0.059,-0.01,-0.054,0.034,-0.024,-0.068,-0.093,-0.059,-0.054
8.366,-0.015,-0.063,-0.049,0.039,0.015,-0.059,0.044,-0.015,-0.059,-0.088,-0.049,-0.049
8.368,-0.01,-0.063,-0.054,0.039,0.02,-0.059,0.034,-0.029,-0.063,-0.098,-0.049,-0.044
8.37,-0.029,-0.063,-0.034,0.049,0.0,-0.049,0.034,-0.024,-0.068,-0.098,-0.054,-0.039
8.372,-0.049,-0.049,0.0,0.049,-0.024,-0.024,0.029,-0.034,-0.073,-0.102,-0.054,-0.039
8.374,-0.049,-0.049,0.0,0.049,-0.024,-0.024,0.015,-0.049,-0.083,-0.117,-0.068,-0.039
8.376,-0.044,-0.054,-0.01,0.049,-0.02,-0.034,0.005,-0.054,-0.098,-0.117,-0.073,-0.044
8.378,-0.044,-0.059,-0.015,0.054,-0.015,-0.039,0.005,-0.059,-0.093,-0.112,-0.068,-0.044
8.38,-0.039,-0.068,-0.029,0.054,-0.005,-0.049,0.02,-0.039,-0.078,-0.102,-0.059,-0.034
8.382,-0.034,-0.059,-0.024,0.049,-0.005,-0.044,0.015,-0.039,-0.073,-0.098,-0.059,-0.034
8.384,-0.039,-0.063,-0.024,0.054,-0.01,-0.044,0.034,-0.024,-0.054,-0.088,-0.049,-0.029
8.386,-0.024,-0.049,-0.024,0.039,0.0,-0.039,0.049,-0.01,-0.049,-0.088,-0.044,-0.029
8.388,-0.005,-0.049,-0.044,0.029,0.02,-0.049,0.039,-0.02,-0.054,-0.093,-0.049,-0.044
8.39,-0.034,-0.054,-0.02,0.044,-0.01,-0.039,0.024,-0.029,-0.068,-0.098,-0.054,-0.049
8.392,-0.039,-0.049,-0.01,0.044,-0.015,-0.029,0.029,-0.034,-0.068,-0.098,-0.059,-0.049
8.394,-0.034,-0.049,-0.015,0.044,-0.01,-0.034,0.005,-0.044,-0.083,-0.102,-0.063,-0.054
8.396,-0.039,-0.049,-0.01,0.044,-0.015,-0.029,-0.005,-0.059,-0.088,-0.102,-0.063,-0.049
8.398,-0.044,-0.054,-0.01,0.049,-0.02,-0.034,0.01,-0.044,-0.073,-0.093,-0.054,-0.039
8.4,-0.049,-0.068,-0.02,0.059,-0.015,-0.044,0.005,-0.039,-0.083,-0.098,-0.059,-0.054
8.402,-0.029,-0.059,-0.029,0.044,0.0,-0.044,0.015,-0.034,-0.073,-0.098,-0.059,-0.044
8.404,-0.01,-0.054,-0.044,0.034,0.015,-0.049,0.024,-0.02,-0.054,-0.088,-0.049,-0.049
8.406,-0.02,-0.063,-0.044,0.044,0.01,-0.054,0.034,0.0,-0.039,-0.073,-0.044,-0.039
8.408,-0.029,-0.059,-0.029,0.044,0.0,-0.044,0.029,-0.01,-0.039,-0.073,-0.039,-0.039
8.41,-0.024,-0.054,-0.029,0.039,0.0,-0.044,0.02,-0.02,-0.044,-0.073,-0.049,-0.044
8.412,-0.029,-0.049,-0.02,0.039,-0.005,-0.034,0.01,-0.029,-0.063,-0.083,-0.049,-0.044
8.414,-0.039,-0.054,-0.015,0.049,-0.015,-0.034,0.005,-0.039,-0.073,-0.093,-0.044,-0.034
8.416,-0.049,-0.059,-0.01,0.054,-0.02,-0.034,-0.015,-0.059,-0.093,-0.098,-0.059,-0.039
8.418,-0.044,-0.059,-0.015,0.054,-0.015,-0.039,-0.005,-0.054,-0.083,-0.098,-0.059,-0.039
8.42,-0.044,-0.063,-0.02,0.054,-0.015,-0.044,0.0,-0.039,-0.078,-0.088,-0.054,-0.039
8.422,-0.039,-0.059,-0.02,0.049,-0.01,-0.039,-0.005,-0.029,-0.068,-0.078,-0.049,-0.039
8.424,-0.024,-0.059,-0.034,0.044,0.005,-0.049,0.005,-0.01,-0.049,-0.068,-0.039,-0.034
8.426,-0.015,-0.054,-0.039,0.034,0.01,-0.049,0.02,0.0,-0.039,-0.059,-0.034,-0.034
8.428,-0.015,-0.054,-0.039,0.034,0.01,-0.049,0.01,-0.005,-0.039,-0.063,-0.034,-0.029
8.43,-0.02,-0.063,-0.044,0.044,0.01,-0.054,-0.005,-0.024,-0.054,-0.073,-0.039,-0.034
8.432,-0.039,-0.063,-0.024,0.054,-0.01,-0.044,-0.01,-0.044,-0.068,-0.078,-0.044,-0.034
8.434,-0.044,-0.054,-0.01,0.049,-0.02,-0.034,-0.02,-0.054,-0.083,-0.088,-0.044,-0.029
8.436,-0.049,-0.049,0.0,0.049,-0.024,-0.024,-0.024,-0.059,-0.093,-0.088,-0.049,-0.024
8.438,-0.044,-0.049,-0.005,0.049,-0.02,-0.029,-0.015,-0.049,-0.093,-0.088,-0.049,-0.029
8.44,-0.039,-0.054,-0.015,0.049,-0.015,-0.034,-0.01,-0.039,-0.078,-0.083,-0.054,-0.044
8.442,-0.039,-0.054,-0.015,0.049,-0.015,-0.034,-0.005,-0.029,-0.073,-0.078,-0.049,-0.044
8.444,-0.024,-0.054,-0.029,0.039,0.0,-0.044,0.01,-0.015,-0.059,-0.073,-0.049,-0.049
8.446,0.005,-0.039,-0.044,0.02,0.024,-0.044,0.024,0.0,-0.039,-0.059,-0.034,-0.049
8.448,-0.015,-0.049,-0.034,0.034,0.01,-0.044,0.01,-0.02,-0.054,-0.073,-0.044,-0.054
8.45,-0.039,-0.049,-0.01,0.044,-0.015,-0.029,-0.005,-0.029,-0.063,-0.073,-0.044,-0.044
8.452,-0.029,-0.039,-0.01,0.034,-0.01,-0.024,-0.01,-0.034,-0.068,-0.078,-0.044,-0.039
8.454,-0.034,-0.044,-0.01,0.039,-0.015,-0.029,-0.034,-0.063,-0.093,-0.098,-0.063,-0.049
8.456,-0.049,-0.049,0.0,0.049,-0.024,-0.024,-0.029,-0.063,-0.093,-0.083,-0.054,-0.039
8.458,-0.044,-0.054,-0.01,0.049,-0.02,-0.034,-0.024,-0.044,-0.083,-0.073,-0.054,-0.034
8.46,-0.034,-0.044,-0.01,0.039,-0.015,-0.029,-0.015,-0.039,-0.078,-0.068,-0.049,-0.034
8.462,-0.02,-0.039,-0.02,0.029,0.0,-0.029,-0.005,-0.034,-0.063,-0.059,-0.039,-0.034
8.464,-0.015,-0.044,-0.029,0.029,0.005,-0.039,0.01,-0.01,-0.049,-0.054,-0.029,-0.029
8.466,0.0,-0.024,-0.024,0.015,0.01,-0.024,0.015,-0.01,-0.044,-0.054,-0.029,-0.039
8.468,-0.005,-0.029,-0.024,0.02,0.01,-0.029,0.005,-0.024,-0.054,-0.068,-0.039,-0.049
8.47,-0.024,-0.044,-0.02,0.034,-0.005,-0.034,-0.01,-0.039,-0.068,-0.083,-0.054,-0.049
8.472,-0.039,-0.039,0.0,0.039,-0.02,-0.02,-0.02,-0.054,-0.078,-0.083,-0.054,-0.054
8.474,-0.054,-0.044,0.01,0.049,-0.034,-0.02,-0.029,-0.063,-0.088,-0.093,-0.063,-0.054
8.476,-0.083,-0.054,0.029,0.068,-0.059,-0.015,-0.034,-0.068,-0.093,-0.083,-0.063,-0.049
8.478,-0.059,-0.049,0.01,0.054,-0.034,-0.02,-0.029,-0.054,-0.088,-0.083,-0.054,-0.044
8.48,-0.039,-0.054,-0.015,0.049,-0.015,-0.034,-0.029,-0.054,-0.083,-0.078,-0.054,-0.039
8.482,-0.015,-0.049,-0.034,0.034,0.01,-0.044,-0.024,-0.049,-0.078,-0.073,-0.039,-0.039
8.484,0.0,-0.039,-0.039,0.02,0.02,-0.039,-0.01,-0.034,-0.063,-0.068,-0.034,-0.039
8.486,-0.01,-0.034,-0.024,0.024,0.005,-0.029,0.0,-0.024,-0.054,-0.068,-0.029,-0.029
8.488,-0.02,-0.044,-0.024,0.034,0.0,-0.034,-0.005,-0.034,-0.054,-0.063,-0.029,-0.039
8.49,-0.049,-0.049,0.0,0.049,-0.024,-0.024,-0.01,-0.044,-0.068,-0.073,-0.039,-0.044
8.492,-0.049,-0.044,0.005,0.049,-0.029,-0.02,-0.015,-0.054,-0.068,-0.078,-0.049,-0.049
8.494,-0.049,-0.044,0.005,0.049,-0.029,-0.02,-0.029,-0.063,-0.078,-0.078,-0.059,-0.054
8.496,-0.049,-0.049,0.0,0.049,-0.024,-0.024,-0.044,-0.078,-0.102,-0.088,-0.068,-0.059
8.498,-0.054,-0.054,0.0,0.054,-0.029,-0.029,-0.039,-0.073,-0.098,-0.078,-0.059,-0.049
8.5,-0.054,-0.063,-0.01,0.059,-0.024,-0.039,-0.024,-0.059,-0.083,-0.073,-0.049,-0.049
8.502,-0.044,-0.063,-0.02,0.054,-0.015,-0.044,-0.029,-0.054,-0.083,-0.078,-0.059,-0.054
8.504,-0.02,-0.054,-0.034,0.039,0.005,-0.044,-0.015,-0.029,-0.068,-0.068,-0.044,-0.054
8.506,-0.01,-0.044,-0.034,0.029,0.01,-0.039,-0.01,-0.02,-0.049,-0.059,-0.034,-0.049
8.508,-0.02,-0.044,-0.024,0.034,0.0,-0.034,-0.01,-0.024,-0.044,-0.059,-0.034,-0.044
8.51,-0.02,-0.039,-0.02,0.029,0.0,-0.029,-0.024,-0.029,-0.054,-0.068,-0.029,-0.044
8.512,-0.02,-0.044,-0.024,0.034,0.0,-0.034,-0.034,-0.049,-0.068,-0.063,-0.039,-0.044
8.514,-0.039,-0.039,0.0,0.039,-0.02,-0.02,-0.039,-0.063,-0.088,-0.073,-0.044,-0.039
8.516,-0.049,-0.044,0.005,0.049,-0.029,-0.02,-0.059,-0.083,-0.098,-0.083,-0.049,-0.034
8.518,-0.054,-0.049,0.005,0.054,-0.029,-0.024,-0.054,-0.078,-0.093,-0.083,-0.049,-0.039
8.52,-0.039,-0.044,-0.005,0.044,-0.02,-0.024,-0.039,-0.063,-0.088,-0.083,-0.059,-0.054
8.522,-0.039,-0.049,-0.01,0.044,-0.015,-0.029,-0.034,-0.049,-0.073,-0.078,-0.054,-0.054
8.524,-0.029,-0.044,-0.015,0.039,-0.01,-0.029,-0.015,-0.024,-0.054,-0.059,-0.044,-0.049
8.526,-0.02,-0.044,-0.024,0.034,0.0,-0.034,0.005,0.0,-0.034,-0.049,-0.039,-0.049
8.528,-0.024,-0.054,-0.029,0.039,0.0,-0.044,-0.01,-0.01,-0.039,-0.054,-0.044,-0.059
8.53,-0.02,-0.059,-0.039,0.039,0.01,-0.049,-0.034,-0.034,-0.059,-0.063,-0.054,-0.059
8.532,-0.01,-0.044,-0.034,0.029,0.01,-0.039,-0.039,-0.039,-0.063,-0.063,-0.044,-0.049
8.534,-0.039,-0.034,0.005,0.039,-0.024,-0.015,-0.049,-0.059,-0.083,-0.073,-0.044,-0.044
8.536,-0.054,-0.049,0.005,0.054,-0.029,-0.024,-0.054,-0.068,-0.098,-0.083,-0.054,-0.044
8.538,-0.049,-0.059,-0.01,0.054,-0.02,-0.034,-0.049,-0.063,-0.088,-0.078,-0.059,-0.049
8.54,-0.044,-0.054,-0.01,0.049,-0.02,-0.034,-0.049,-0.059,-0.083,-0.078,-0.059,-0.054
8.542,-0.034,-0.059,-0.024,0.049,-0.005,-0.044,-0.044,-0.044,-0.073,-0.078,-0.059,-0.063
8.544,-0.02,-0.063,-0.044,0.044,0.01,-0.054,-0.029,-0.029,-0.054,-0.059,-0.049,-0.059
8.546,-0.024,-0.063,-0.039,0.044,0.005,-0.054,-0.024,-0.02,-0.044,-0.054,-0.039,-0.054
8.548,-0.029,-0.054,-0.024,0.044,-0.005,-0.039,-0.015,-0.02,-0.044,-0.044,-0.039,-0.044
8.55,-0.029,-0.054,-0.024,0.044,-0.005,-0.039,-0.029,-0.034,-0.054,-0.054,-0.044,-0.044
8.552,-0.024,-0.044,-0.02,0.034,-0.005,-0.034,-0.029,-0.034,-0.059,-0.059,-0.044,-0.044
8.554,-0.029,-0.039,-0.01,0.034,-0.01,-0.024,-0.049,-0.059,-0.078,-0.073,-0.063,-0.059
8.556,-0.039,-0.039,0.0,0.039,-0.02,-0.02,-0.063,-0.073,-0.098,-0.088,-0.073,-0.068
8.558,-0.054,-0.054,0.0,0.054,-0.029,-0.029,-0.054,-0.059,-0.078,-0.083,-0.068,-0.063
8.56,-0.044,-0.054,-0.01,0.049,-0.02,-0.034,-0.044,-0.049,-0.073,-0.073,-0.073,-0.068
8.562,-0.024,-0.044,-0.02,0.034,-0.005,-0.034,-0.034,-0.039,-0.059,-0.063,-0.059,-0.059
8.564,-0.029,-0.039,-0.01,0.034,-0.01,-0.024,-0.02,-0.02,-0.044,-0.049,-0.044,-0.044
8.566,-0.029,-0.044,-0.015,0.039,-0.01,-0.029,-0.015,-0.015,-0.034,-0.039,-0.034,-0.039
8.568,-0.02,-0.044,-0.024,0.034,0.0,-0.034,-0.024,-0.024,-0.044,-0.054,-0.044,-0.039
8.57,-0.039,-0.063,-0.024,0.054,-0.01,-0.044,-0.039,-0.044,-0.059,-0.068,-0.063,-0.054
8.572,-0.049,-0.068,-0.02,0.059,-0.015,-0.044,-0.044,-0.049,-0.068,-0.068,-0.059,-0.054
8.574,-0.049,-0.049,0.0,0.049,-0.024,-0.024,-0.039,-0.049,-0.073,-0.073,-0.054,-0.044
8.576,-0.039,-0.044,-0.005,0.044,-0.02,-0.024,-0.054,-0.068,-0.093,-0.078,-0.068,-0.054
8.578,-0.034,-0.039,-0.005,0.039,-0.015,-0.024,-0.054,-0.059,-0.088,-0.073,-0.059,-0.049
8.58,-0.044,-0.034,0.01,0.039,-0.029,-0.015,-0.039,-0.044,-0.068,-0.063,-0.049,-0.044
8.582,-0.034,-0.034,0.0,0.034,-0.02,-0.02,-0.039,-0.039,-0.063,-0.054,-0.044,-0.049
8.584,-0.005,-0.034,-0.029,0.02,0.01,-0.034,-0.034,-0.034,-0.054,-0.059,-0.049,-0.054
8.586,-0.02,-0.039,-0.02,0.029,0.0,-0.029,-0.029,-0.029,-0.044,-0.054,-0.049,-0.059
8.588,-0.02,-0.029,-0.01,0.024,-0.005,-0.02,-0.039,-0.039,-0.054,-0.063,-0.059,-0.068
8.59,-0.039,-0.034,0.005,0.039,-0.024,-0.015,-0.034,-0.034,-0.054,-0.063,-0.054,-0.063
8.592,-0.034,-0.029,0.005,0.034,-0.02,-0.015,-0.044,-0.044,-0.063,-0.063,-0.063,-0.068
8.594,-0.024,-0.02,0.005,0.024,-0.015,-0.01,-0.054,-0.063,-0.078,-0.078,-0.063,-0.063
8.596,-0.049,-0.034,0.015,0.044,-0.034,-0.01,-0.054,-0.073,-0.088,-0.073,-0.059,-0.054
8.598,-0.034,-0.034,0.0,0.034,-0.02,-0.02,-0.054,-0.063,-0.078,-0.063,-0.054,-0.054
8.6,-0.029,-0.034,-0.005,0.034,-0.015,-0.02,-0.049,-0.054,-0.063,-0.059,-0.044,-0.049
8.602,-0.024,-0.034,-0.01,0.029,-0.01,-0.024,-0.039,-0.044,-0.059,-0.049,-0.044,-0.049
8.604,-0.015,-0.02,-0.005,0.02,-0.005,-0.015,-0.024,-0.02,-0.034,-0.029,-0.029,-0.044
8.606,-0.005,-0.01,-0.005,0.01,0.0,-0.01,-0.02,0.0,-0.02,-0.024,-0.024,-0.039
8.608,-0.01,-0.005,0.005,0.01,-0.01,0.0,-0.015,-0.01,-0.015,-0.02,-0.024,-0.044
8.61,-0.01,0.0,0.01,0.005,-0.01,0.005,-0.015,-0.01,-0.02,-0.02,-0.02,-0.034
8.612,-0.024,0.01,0.034,0.01,-0.029,0.02,-0.029,-0.024,-0.029,-0.02,-0.02,-0.029
8.614,-0.044,0.005,0.049,0.02,-0.049,0.024,-0.034,-0.039,-0.039,-0.029,-0.024,-0.024
8.616,-0.029,0.01,0.039,0.01,-0.034,0.024,-0.049,-0.054,-0.059,-0.034,-0.034,-0.029
8.618,-0.024,0.02,0.044,0.005,-0.034,0.029,-0.049,-0.044,-0.054,-0.034,-0.034,-0.029
8.62,-0.034,0.024,0.059,0.005,-0.049,0.039,-0.034,-0.024,-0.039,-0.02,-0.02,-0.02
8.622,-0.029,0.02,0.049,0.005,-0.039,0.034,-0.029,-0.015,-0.024,-0.01,-0.015,-0.024
8.624,0.01,0.034,0.024,-0.02,-0.01,0.029,-0.034,-0.005,-0.01,-0.005,-0.01,-0.024
8.626,0.029,0.054,0.024,-0.039,0.0,0.039,-0.02,0.01,0.01,0.015,0.005,-0.02
8.628,0.005,0.029,0.024,-0.015,-0.01,0.024,-0.02,0.01,0.01,0.01,0.01,-0.01
8.63,0.0,0.029,0.029,-0.015,-0.015,0.029,-0.02,0.01,0.01,0.01,0.005,-0.015
8.632,-0.005,0.024,0.029,-0.01,-0.02,0.024,-0.01,0.01,0.005,0.015,0.0,-0.02
8.634,-0.024,0.02,0.044,0.005,-0.034,0.029,-0.039,-0.02,-0.024,-0.01,-0.015,-0.024
8.636,-0.044,0.02,0.063,0.015,-0.054,0.039,-0.054,-0.02,-0.024,-0.005,-0.015,-0.015
8.638,-0.029,0.02,0.049,0.005,-0.039,0.034,-0.059,-0.015,-0.024,0.0,-0.02,-0.024
8.64,0.0,0.039,0.039,-0.02,-0.02,0.039,-0.059,-0.01,-0.015,0.01,-0.01,-0.01
8.642,0.005,0.049,0.044,-0.024,-0.02,0.044,-0.063,0.0,0.005,0.02,0.005,0.0
8.644,0.02,0.049,0.029,-0.034,-0.005,0.039,-0.078,0.0,0.005,0.02,0.005,0.0
8.646,0.029,0.049,0.02,-0.039,0.005,0.034,-0.088,0.0,0.015,0.02,0.01,0.0
8.648,0.034,0.059,0.024,-0.044,0.005,0.039,-0.107,-0.015,0.01,0.02,0.01,0.005
8.65,0.029,0.063,0.034,-0.044,-0.005,0.049,-0.137,-0.034,-0.01,0.015,0.01,0.005
8.652,0.039,0.078,0.039,-0.059,0.0,0.059,-0.142,-0.039,-0.015,0.01,0.01,0.01
8.654,0.02,0.059,0.039,-0.039,-0.01,0.049,-0.142,-0.049,-0.02,0.01,0.005,0.02
8.656,0.005,0.054,0.049,-0.029,-0.024,0.049,-0.142,-0.049,-0.024,0.015,0.0,0.015
8.658,0.024,0.054,0.029,-0.039,-0.005,0.039,-0.112,-0.02,-0.005,0.034,0.015,0.02
8.66,0.034,0.039,0.005,-0.034,0.015,0.02,-0.093,-0.005,0.005,0.039,0.02,0.02
8.662,0.029,0.039,0.01,-0.034,0.01,0.024,-0.088,-0.01,0.005,0.029,0.02,0.015
8.664,0.029,0.039,0.01,-0.034,0.01,0.024,-0.088,-0.005,0.01,0.029,0.02,0.015
8.666,0.039,0.039,0.0,-0.039,0.02,0.02,-0.078,-0.015,0.01,0.024,0.015,0.01
8.668,0.029,0.039,0.01,-0.034,0.01,0.024,-0.088,-0.024,-0.005,0.005,0.01,0.0
8.67,0.024,0.034,0.01,-0.029,0.005,0.02,-0.102,-0.039,-0.02,-0.005,-0.005,-0.005
8.672,0.02,0.034,0.015,-0.024,0.0,0.024,-0.122,-0.063,-0.049,-0.024,-0.024,-0.024
8.674,-0.01,0.01,0.02,0.0,-0.015,0.015,-0.122,-0.073,-0.059,-0.034,-0.034,-0.029
8.676,-0.034,-0.01,0.024,0.024,-0.029,0.005,-0.132,-0.088,-0.073,-0.034,-0.039,-0.039
8.678,-0.034,-0.015,0.02,0.024,-0.029,0.0,-0.122,-0.078,-0.068,-0.029,-0.044,-0.039
8.68,-0.029,-0.024,0.005,0.029,-0.02,-0.01,-0.107,-0.059,-0.054,-0.024,-0.034,-0.034
8.682,-0.029,-0.039,-0.01,0.034,-0.01,-0.024,-0.102,-0.054,-0.049,-0.015,-0.039,-0.039
8.684,-0.015,-0.039,-0.024,0.029,0.005,-0.034,-0.088,-0.044,-0.039,-0.024,-0.039,-0.044
8.686,-0.024,-0.044,-0.02,0.034,-0.005,-0.034,-0.073,-0.039,-0.034,-0.029,-0.049,-0.059
8.688,-0.034,-0.049,-0.015,0.044,-0.01,-0.034,-0.078,-0.044,-0.034,-0.029,-0.049,-0.054
8.69,-0.034,-0.039,-0.005,0.039,-0.015,-0.024,-0.093,-0.049,-0.034,-0.034,-0.049,-0.049
8.692,-0.02,-0.044,-0.024,0.034,0.0,-0.034,-0.117,-0.073,-0.059,-0.054,-0.059,-0.054
8.694,-0.044,-0.044,0.0,0.044,-0.024,-0.024,-0.127,-0.083,-0.073,-0.049,-0.063,-0.054
8.696,-0.068,-0.049,0.02,0.059,-0.044,-0.015,-0.127,-0.088,-0.078,-0.044,-0.059,-0.039
8.698,-0.049,-0.059,-0.01,0.054,-0.02,-0.034,-0.127,-0.083,-0.073,-0.039,-0.059,-0.044
8.7,-0.054,-0.063,-0.01,0.059,-0.024,-0.039,-0.112,-0.063,-0.068,-0.029,-0.049,-0.044
8.702,-0.049,-0.068,-0.02,0.059,-0.015,-0.044,-0.102,-0.059,-0.054,-0.024,-0.049,-0.049
8.704,-0.049,-0.073,-0.024,0.063,-0.015,-0.049,-0.098,-0.049,-0.049,-0.029,-0.054,-0.054
8.706,-0.044,-0.068,-0.024,0.059,-0.01,-0.049,-0.088,-0.039,-0.034,-0.029,-0.049,-0.054
8.708,-0.054,-0.068,-0.015,0.063,-0.02,-0.044,-0.098,-0.049,-0.049,-0.034,-0.059,-0.063
8.71,-0.034,-0.054,-0.02,0.044,-0.01,-0.039,-0.107,-0.054,-0.049,-0.029,-0.054,-0.059
8.712,-0.039,-0.049,-0.01,0.044,-0.015,-0.029,-0.112,-0.059,-0.049,-0.034,-0.054,-0.059
8.714,-0.059,-0.054,0.005,0.059,-0.034,-0.024,-0.132,-0.078,-0.073,-0.044,-0.073,-0.059
8.716,-0.059,-0.049,0.01,0.054,-0.034,-0.02,-0.146,-0.093,-0.088,-0.054,-0.078,-0.068
8.718,-0.044,-0.039,0.005,0.044,-0.024,-0.02,-0.137,-0.083,-0.083,-0.054,-0.083,-0.068
8.72,-0.029,-0.039,-0.01,0.034,-0.01,-0.024,-0.132,-0.073,-0.073,-0.049,-0.083,-0.063
8.722,-0.039,-0.054,-0.015,0.049,-0.015,-0.034,-0.112,-0.059,-0.049,-0.034,-0.063,-0.063
8.724,-0.039,-0.059,-0.02,0.049,-0.01,-0.039,-0.107,-0.039,-0.039,-0.024,-0.063,-0.063
8.726,-0.024,-0.059,-0.034,0.044,0.005,-0.049,-0.093,-0.029,-0.02,-0.01,-0.054,-0.063
8.728,-0.02,-0.054,-0.034,0.039,0.005,-0.044,-0.102,-0.039,-0.024,-0.015,-0.054,-0.068
8.73,-0.029,-0.049,-0.02,0.039,-0.005,-0.034,-0.107,-0.044,-0.029,-0.015,-0.059,-0.063
8.732,-0.034,-0.039,-0.005,0.039,-0.015,-0.024,-0.112,-0.049,-0.034,-0.02,-0.054,-0.063
8.734,-0.039,-0.039,0.0,0.039,-0.02,-0.02,-0.132,-0.078,-0.063,-0.034,-0.063,-0.068
8.736,-0.044,-0.044,0.0,0.044,-0.024,-0.024,-0.137,-0.078,-0.068,-0.039,-0.063,-0.063
8.738,-0.044,-0.039,0.005,0.044,-0.024,-0.02,-0.132,-0.068,-0.059,-0.029,-0.063,-0.063
8.74,-0.034,-0.049,-0.015,0.044,-0.01,-0.034,-0.127,-0.059,-0.044,-0.024,-0.059,-0.059
8.742,-0.039,-0.059,-0.02,0.049,-0.01,-0.039,-0.122,-0.049,-0.034,-0.024,-0.059,-0.063
8.744,-0.02,-0.049,-0.029,0.034,0.005,-0.039,-0.107,-0.024,-0.01,0.0,-0.044,-0.049
8.746,-0.01,-0.039,-0.029,0.024,0.01,-0.034,-0.083,0.01,0.02,0.02,-0.024,-0.034
8.748,-0.005,-0.039,-0.034,0.024,0.015,-0.039,-0.063,0.034,0.044,0.039,-0.02,-0.039
8.75,-0.02,-0.034,-0.015,0.029,-0.005,-0.024,-0.02,0.098,0.102,0.068,-0.02,-0.044
8.752,-0.039,-0.029,0.01,0.034,-0.024,-0.01,0.029,0.2,0.181,0.112,-0.005,-0.034
8.754,-0.029,0.0,0.029,0.015,-0.029,0.015,0.044,0.239,0.234,0.171,0.02,-0.024
8.756,-0.015,0.039,0.054,-0.01,-0.034,0.044,0.044,0.298,0.307,0.268,0.078,0.005
8.758,0.024,0.063,0.039,-0.044,-0.01,0.049,0.068,0.381,0.434,0.395,0.161,0.054
8.76,0.083,0.098,0.015,-0.088,0.034,0.054,0.093,0.478,0.571,0.542,0.264,0.112
8.762,0.142,0.151,0.01,-0.146,0.063,0.078,0.093,0.561,0.732,0.747,0.434,0.215
8.764,0.224,0.185,-0.039,-0.205,0.132,0.073,0.107,0.639,0.917,0.986,0.625,0.337
8.766,0.298,0.215,-0.083,-0.254,0.19,0.063,0.142,0.732,1.103,1.22,0.795,0.434
8.768,0.361,0.259,-0.102,-0.307,0.229,0.078,0.146,0.776,1.24,1.415,0.947,0.532
8.77,0.41,0.307,-0.102,-0.356,0.254,0.102,0.107,0.781,1.342,1.581,1.108,0.659
8.772,0.473,0.361,-0.112,-0.415,0.293,0.122,0.015,0.742,1.386,1.684,1.225,0.766
8.774,0.527,0.415,-0.112,-0.468,0.317,0.151,-0.117,0.62,1.327,1.654,1.269,0.834
8.776,0.556,0.468,-0.088,-0.512,0.322,0.19,-0.264,0.434,1.166,1.523,1.244,0.883
8.778,0.566,0.493,-0.073,-0.527,0.317,0.21,-0.376,0.244,0.947,1.313,1.176,0.883
8.78,0.537,0.493,-0.044,-0.512,0.288,0.224,-0.473,-0.034,0.59,0.966,1.005,0.834
8.782,0.415,0.478,0.063,-0.444,0.176,0.268,-0.59,-0.503,-0.068,0.356,0.693,0.708
8.784,0.259,0.459,0.2,-0.356,0.029,0.327,-0.673,-1.049,-0.8,-0.288,0.356,0.571
8.786,0.142,0.42,0.278,-0.278,-0.068,0.346,-0.732,-1.415,-1.298,-0.722,0.098,0.434
8.788,0.005,0.361,0.356,-0.181,-0.176,0.356,-0.781,-1.63,-1.566,-1.01,-0.161,0.273
8.79,-0.083,0.288,0.371,-0.102,-0.229,0.327,-0.844,-1.693,-1.64,-1.137,-0.356,0.117
8.792,-0.107,0.176,0.283,-0.034,-0.195,0.229,-0.888,-1.654,-1.601,-1.132,-0.449,-0.01
8.794,-0.185,0.093,0.278,0.049,-0.234,0.185,-0.903,-1.566,-1.498,-1.078,-0.493,-0.088
8.796,-0.249,0.078,0.327,0.088,-0.288,0.2,-0.927,-1.508,-1.425,-1.0,-0.478,-0.112
8.798,-0.259,0.083,0.342,0.088,-0.303,0.21,-0.971,-1.484,-1.371,-0.952,-0.464,-0.117
8.8,-0.234,0.088,0.322,0.073,-0.278,0.205,-0.961,-1.401,-1.279,-0.898,-0.444,-0.122
8.802,-0.19,0.068,0.259,0.063,-0.224,0.161,-0.898,-1.254,-1.152,-0.825,-0.425,-0.137
8.804,-0.176,0.044,0.22,0.068,-0.2,0.132,-0.82,-1.098,-1.02,-0.752,-0.39,-0.142
8.806,-0.156,0.039,0.195,0.059,-0.176,0.117,-0.722,-0.937,-0.869,-0.649,-0.351,-0.142
8.808,-0.132,0.015,0.146,0.059,-0.142,0.078,-0.634,-0.781,-0.732,-0.551,-0.322,-0.151
8.81,-0.107,-0.01,0.098,0.059,-0.102,0.044,-0.547,-0.63,-0.59,-0.449,-0.288,-0.146
8.812,-0.083,-0.029,0.054,0.059,-0.068,0.01,-0.459,-0.483,-0.449,-0.337,-0.229,-0.122
8.814,-0.068,-0.034,0.034,0.054,-0.054,0.0,-0.39,-0.386,-0.356,-0.259,-0.195,-0.117
8.816,-0.073,-0.034,0.039,0.054,-0.059,0.0,-0.322,-0.303,-0.273,-0.195,-0.161,-0.093
8.818,-0.078,-0.02,0.059,0.049,-0.068,0.02,-0.254,-0.234,-0.215,-0.146,-0.122,-0.068
8.82,-0.054,-0.005,0.049,0.029,-0.054,0.02,-0.21,-0.185,-0.181,-0.127,-0.112,-0.068
8.822,-0.039,-0.005,0.034,0.024,-0.039,0.015,-0.171,-0.142,-0.142,-0.102,-0.112,-0.068
8.824,-0.039,-0.015,0.024,0.029,-0.034,0.005,-0.132,-0.083,-0.088,-0.073,-0.102,-0.073
8.826,-0.024,-0.01,0.015,0.02,-0.02,0.0,-0.093,-0.034,-0.049,-0.044,-0.083,-0.078
8.828,-0.015,-0.01,0.005,0.015,-0.01,-0.005,-0.068,-0.005,-0.015,-0.024,-0.073,-0.073
8.83,-0.024,-0.029,-0.005,0.029,-0.01,-0.02,-0.049,0.01,0.005,-0.01,-0.059,-0.063
8.832,-0.039,-0.034,0.005,0.039,-0.024,-0.015,-0.044,0.02,0.01,0.0,-0.054,-0.054
8.834,-0.054,-0.049,0.005,0.054,-0.029,-0.024,-0.044,0.005,0.0,-0.01,-0.068,-0.059
8.836,-0.054,-0.063,-0.01,0.059,-0.024,-0.039,-0.059,-0.005,-0.015,-0.02,-0.073,-0.059
8.838,-0.039,-0.063,-0.024,0.054,-0.01,-0.044,-0.054,0.01,-0.01,-0.024,-0.078,-0.059
8.84,-0.044,-0.063,-0.02,0.054,-0.015,-0.044,-0.029,0.029,0.015,-0.015,-0.078,-0.059
8.842,-0.049,-0.059,-0.01,0.054,-0.02,-0.034,-0.02,0.059,0.029,0.01,-0.073,-0.068
8.844,-0.029,-0.059,-0.029,0.044,0.0,-0.044,-0.005,0.083,0.059,0.029,-0.063,-0.068
8.846,-0.024,-0.054,-0.029,0.039,0.0,-0.044,0.015,0.102,0.078,0.039,-0.059,-0.073
8.848,0.01,-0.029,-0.039,0.01,0.024,-0.034,0.005,0.098,0.073,0.044,-0.039,-0.063
8.85,-0.005,-0.039,-0.034,0.024,0.015,-0.039,0.005,0.083,0.068,0.039,-0.039,-0.054
8.852,-0.015,-0.039,-0.024,0.029,0.005,-0.034,-0.005,0.073,0.054,0.029,-0.044,-0.059
8.854,-0.02,-0.029,-0.01,0.024,-0.005,-0.02,-0.005,0.063,0.049,0.015,-0.054,-0.054
8.856,-0.024,-0.034,-0.01,0.029,-0.01,-0.024,-0.015,0.059,0.044,0.015,-0.059,-0.054
8.858,-0.024,-0.044,-0.02,0.034,-0.005,-0.034,-0.015,0.073,0.054,0.02,-0.063,-0.063
8.86,-0.034,-0.049,-0.015,0.044,-0.01,-0.034,-0.005,0.088,0.059,0.029,-0.063,-0.073
8.862,-0.034,-0.049,-0.015,0.044,-0.01,-0.034,0.01,0.102,0.083,0.049,-0.059,-0.073
8.864,-0.005,-0.044,-0.039,0.024,0.015,-0.044,0.024,0.127,0.107,0.078,-0.034,-0.049
8.866,0.01,-0.039,-0.049,0.015,0.029,-0.044,0.049,0.146,0.132,0.083,-0.015,-0.044
8.868,0.015,-0.044,-0.059,0.015,0.034,-0.054,0.034,0.137,0.117,0.073,-0.02,-0.039
8.87,0.024,-0.034,-0.059,0.005,0.039,-0.049,0.02,0.117,0.093,0.054,-0.034,-0.049
8.872,-0.005,-0.039,-0.034,0.024,0.015,-0.039,0.02,0.112,0.088,0.054,-0.039,-0.044
8.874,-0.024,-0.039,-0.015,0.034,-0.005,-0.029,0.015,0.102,0.078,0.049,-0.049,-0.049
8.876,-0.024,-0.039,-0.015,0.034,-0.005,-0.029,0.01,0.107,0.083,0.054,-0.044,-0.049
8.878,-0.02,-0.034,-0.015,0.029,-0.005,-0.024,0.01,0.117,0.093,0.068,-0.039,-0.044
8.88,-0.01,-0.039,-0.029,0.024,0.01,-0.034,0.02,0.137,0.107,0.083,-0.02,-0.034
8.882,0.0,-0.049,-0.049,0.024,0.024,-0.049,0.034,0.146,0.127,0.088,-0.01,-0.029
8.884,0.005,-0.059,-0.063,0.029,0.034,-0.063,0.039,0.156,0.132,0.093,-0.01,-0.029
8.886,0.01,-0.059,-0.068,0.024,0.039,-0.063,0.049,0.166,0.142,0.088,-0.01,-0.034
8.888,0.0,-0.054,-0.054,0.029,0.024,-0.054,0.049,0.161,0.137,0.078,-0.024,-0.044
8.89,-0.005,-0.054,-0.049,0.029,0.02,-0.054,0.039,0.156,0.132,0.073,-0.044,-0.054
8.892,0.0,-0.034,-0.034,0.02,0.015,-0.034,0.044,0.161,0.137,0.088,-0.034,-0.044
8.894,-0.005,-0.034,-0.029,0.02,0.01,-0.034,0.034,0.161,0.127,0.083,-0.039,-0.049
8.896,-0.005,-0.034,-0.029,0.02,0.01,-0.034,0.034,0.151,0.122,0.083,-0.039,-0.044
8.898,-0.02,-0.049,-0.029,0.034,0.005,-0.039,0.029,0.156,0.127,0.078,-0.034,-0.049
8.9,-0.015,-0.059,-0.044,0.039,0.015,-0.054,0.044,0.156,0.132,0.073,-0.034,-0.054
8.902,0.02,-0.039,-0.059,0.01,0.039,-0.049,0.059,0.171,0.142,0.083,-0.02,-0.039
8.904,0.01,-0.039,-0.049,0.015,0.029,-0.044,0.063,0.195,0.156,0.093,-0.015,-0.044
8.906,0.015,-0.039,-0.054,0.015,0.034,-0.049,0.083,0.21,0.176,0.102,-0.02,-0.049
8.908,0.01,-0.034,-0.044,0.015,0.024,-0.039,0.088,0.22,0.185,0.102,-0.02,-0.039
8.91,0.01,-0.039,-0.049,0.015,0.029,-0.044,0.073,0.21,0.176,0.098,-0.034,-0.059
8.912,0.01,-0.034,-0.044,0.015,0.024,-0.039,0.073,0.21,0.176,0.107,-0.029,-0.054
8.914,-0.005,-0.02,-0.015,0.015,0.005,-0.02,0.059,0.195,0.166,0.107,-0.024,-0.049
8.916,-0.005,-0.015,-0.01,0.01,0.0,-0.015,0.054,0.185,0.161,0.107,-0.02,-0.039
8.918,0.0,-0.02,-0.02,0.01,0.01,-0.02,0.068,0.2,0.171,0.112,-0.01,-0.024
8.92,0.01,-0.024,-0.034,0.01,0.02,-0.029,0.068,0.205,0.185,0.107,-0.01,-0.034
8.922,0.02,-0.02,-0.039,0.0,0.029,-0.029,0.083,0.229,0.2,0.122,-0.005,-0.029
8.924,0.039,-0.015,-0.054,-0.01,0.044,-0.034,0.112,0.268,0.234,0.146,0.015,-0.02
8.926,0.034,-0.015,-0.049,-0.01,0.039,-0.034,0.122,0.298,0.254,0.151,0.02,-0.024
8.928,0.024,-0.024,-0.049,0.0,0.034,-0.039,0.112,0.298,0.249,0.146,0.015,-0.024
8.93,0.024,-0.029,-0.054,0.005,0.039,-0.044,0.107,0.288,0.249,0.142,0.01,-0.029
8.932,0.015,-0.029,-0.044,0.01,0.029,-0.039,0.098,0.283,0.239,0.142,0.01,-0.029
8.934,0.015,-0.015,-0.029,0.0,0.02,-0.024,0.107,0.278,0.234,0.142,0.01,-0.015
8.936,0.015,-0.015,-0.029,0.0,0.02,-0.024,0.098,0.268,0.22,0.132,0.0,-0.01
8.938,0.01,-0.015,-0.024,0.005,0.015,-0.02,0.112,0.298,0.244,0.151,0.01,-0.01
8.94,0.02,-0.015,-0.034,0.0,0.024,-0.024,0.127,0.317,0.264,0.156,0.01,-0.015
8.942,0.02,-0.02,-0.039,0.0,0.029,-0.029,0.127,0.342,0.273,0.166,0.005,-0.024
8.944,0.044,0.0,-0.044,-0.02,0.044,-0.024,0.166,0.386,0.322,0.195,0.034,-0.01
8.946,0.068,0.01,-0.059,-0.039,0.063,-0.024,0.185,0.41,0.346,0.215,0.054,0.0
8.948,0.063,0.005,-0.059,-0.034,0.059,-0.029,0.181,0.415,0.351,0.22,0.068,0.01
8.95,0.068,0.0,-0.068,-0.034,0.068,-0.034,0.185,0.415,0.351,0.229,0.068,0.01
8.952,0.049,-0.01,-0.059,-0.02,0.054,-0.034,0.171,0.4,0.342,0.22,0.073,0.015
8.954,0.044,-0.01,-0.054,-0.015,0.049,-0.034,0.166,0.395,0.332,0.215,0.063,0.015
8.956,0.044,0.0,-0.044,-0.02,0.044,-0.024,0.161,0.405,0.342,0.224,0.059,0.01
8.958,0.015,-0.005,-0.02,-0.005,0.015,-0.015,0.171,0.429,0.366,0.244,0.068,0.02
8.96,0.02,-0.005,-0.024,-0.005,0.02,-0.015,0.181,0.464,0.39,0.254,0.073,0.015
8.962,0.044,0.01,-0.034,-0.024,0.039,-0.015,0.2,0.493,0.425,0.278,0.088,0.024
8.964,0.073,0.039,-0.034,-0.054,0.054,0.0,0.22,0.527,0.454,0.307,0.107,0.034
8.966,0.098,0.044,-0.054,-0.068,0.073,-0.005,0.239,0.556,0.478,0.322,0.132,0.044
8.968,0.088,0.039,-0.049,-0.063,0.068,-0.005,0.234,0.561,0.488,0.327,0.127,0.054
8.97,0.098,0.044,-0.054,-0.068,0.073,-0.005,0.224,0.556,0.488,0.322,0.127,0.054
8.972,0.098,0.054,-0.044,-0.073,0.068,0.005,0.224,0.561,0.488,0.322,0.122,0.054
8.974,0.078,0.063,-0.015,-0.068,0.044,0.024,0.224,0.566,0.493,0.322,0.117,0.054
8.976,0.073,0.068,-0.005,-0.068,0.039,0.029,0.229,0.586,0.512,0.351,0.127,0.059
8.978,0.093,0.073,-0.02,-0.083,0.054,0.024,0.224,0.605,0.542,0.376,0.142,0.068
8.98,0.102,0.078,-0.024,-0.088,0.063,0.024,0.234,0.63,0.566,0.4,0.166,0.083
8.982,0.112,0.078,-0.034,-0.093,0.073,0.02,0.249,0.654,0.59,0.425,0.19,0.107
8.984,0.122,0.073,-0.049,-0.098,0.083,0.01,0.254,0.669,0.61,0.444,0.205,0.112
8.986,0.132,0.098,-0.034,-0.112,0.083,0.029,0.273,0.693,0.649,0.464,0.229,0.142
8.988,0.142,0.107,-0.034,-0.122,0.088,0.034,0.273,0.703,0.659,0.468,0.239,0.151
8.99,0.146,0.112,-0.034,-0.127,0.088,0.039,0.254,0.693,0.659,0.468,0.239,0.151
8.992,0.156,0.132,-0.024,-0.142,0.088,0.054,0.249,0.698,0.664,0.488,0.254,0.166
8.994,0.156,0.146,-0.01,-0.151,0.083,0.068,0.239,0.698,0.673,0.498,0.264,0.176
8.996,0.117,0.127,0.01,-0.122,0.054,0.068,0.234,0.693,0.669,0.522,0.283,0.185
8.998,0.137,0.127,-0.01,-0.132,0.073,0.059,0.239,0.703,0.683,0.532,0.293,0.195
9.0,0.156,0.127,-0.029,-0.142,0.093,0.049,0.239,0.708,0.688,0.542,0.303,0.2
9.002,0.166,0.137,-0.029,-0.151,0.098,0.054,0.234,0.717,0.703,0.556,0.317,0.22
9.004,0.19,0.156,-0.034,-0.171,0.112,0.059,0.234,0.732,0.722,0.571,0.332,0.224
9.006,0.21,0.176,-0.034,-0.19,0.122,0.068,0.239,0.742,0.737,0.581,0.346,0.229
9.008,0.2,0.195,-0.005,-0.195,0.102,0.093,0.234,0.747,0.747,0.59,0.351,0.234
9.01,0.185,0.185,0.0,-0.185,0.093,0.093,0.229,0.737,0.747,0.59,0.351,0.244
9.012,0.2,0.185,-0.015,-0.19,0.107,0.083,0.215,0.717,0.737,0.59,0.346,0.244
9.014,0.2,0.185,-0.015,-0.19,0.107,0.083,0.2,0.698,0.727,0.595,0.361,0.259
9.016,0.171,0.176,0.005,-0.171,0.083,0.088,0.19,0.673,0.708,0.595,0.371,0.268
9.018,0.176,0.171,-0.005,-0.171,0.088,0.083,0.176,0.659,0.698,0.59,0.376,0.278
9.02,0.19,0.181,-0.01,-0.185,0.098,0.083,0.171,0.659,0.698,0.59,0.39,0.278
9.022,0.195,0.185,-0.01,-0.19,0.102,0.088,0.161,0.644,0.698,0.595,0.39,0.278
9.024,0.195,0.185,-0.01,-0.19,0.102,0.088,0.166,0.649,0.703,0.61,0.395,0.283
9.026,0.2,0.2,0.0,-0.2,0.098,0.098,0.156,0.639,0.703,0.61,0.4,0.278
9.028,0.19,0.195,0.005,-0.19,0.093,0.098,0.137,0.6,0.683,0.595,0.39,0.273
9.03,0.176,0.19,0.015,-0.181,0.078,0.102,0.117,0.566,0.659,0.59,0.39,0.273
9.032,0.181,0.185,0.005,-0.181,0.088,0.093,0.098,0.522,0.625,0.571,0.381,0.273
9.034,0.181,0.2,0.02,-0.19,0.078,0.107,0.078,0.473,0.581,0.542,0.376,0.273
9.036,0.156,0.19,0.034,-0.171,0.059,0.112,0.059,0.434,0.537,0.517,0.361,0.264
9.038,0.146,0.161,0.015,-0.151,0.063,0.088,0.049,0.41,0.517,0.493,0.351,0.259
9.04,0.137,0.156,0.02,-0.146,0.059,0.088,0.049,0.386,0.498,0.478,0.332,0.244
9.042,0.112,0.127,0.015,-0.117,0.049,0.068,0.054,0.371,0.478,0.459,0.317,0.229
9.044,0.122,0.127,0.005,-0.122,0.059,0.063,0.063,0.371,0.464,0.444,0.307,0.22
9.046,0.127,0.127,0.0,-0.127,0.063,0.063,0.063,0.346,0.439,0.42,0.283,0.19
9.048,0.107,0.112,0.005,-0.107,0.049,0.059,0.044,0.307,0.405,0.376,0.259,0.171
9.05,0.102,0.098,-0.005,-0.098,0.054,0.044,0.029,0.264,0.356,0.337,0.229,0.146
9.052,0.083,0.093,0.01,-0.088,0.034,0.049,0.015,0.224,0.317,0.307,0.205,0.132
9.054,0.059,0.093,0.034,-0.073,0.01,0.063,0.0,0.185,0.273,0.268,0.176,0.122
9.056,0.049,0.088,0.039,-0.068,0.005,0.063,0.0,0.161,0.234,0.239,0.146,0.107
9.058,0.049,0.068,0.02,-0.059,0.015,0.044,0.005,0.151,0.22,0.22,0.137,0.098
9.06,0.034,0.068,0.034,-0.049,0.0,0.049,0.02,0.146,0.21,0.205,0.127,0.083
9.062,0.029,0.063,0.034,-0.044,-0.005,0.049,0.024,0.146,0.2,0.195,0.127,0.078
9.064,0.044,0.059,0.015,-0.049,0.015,0.034,0.02,0.142,0.185,0.185,0.117,0.063
9.066,0.059,0.054,-0.005,-0.054,0.029,0.024,0.034,0.127,0.171,0.161,0.107,0.054
9.068,0.024,0.029,0.005,-0.024,0.01,0.015,0.02,0.102,0.142,0.137,0.083,0.044
9.07,-0.01,0.005,0.015,0.005,-0.015,0.01,0.005,0.063,0.107,0.102,0.063,0.029
9.072,0.02,0.024,0.005,-0.02,0.005,0.015,-0.005,0.044,0.088,0.083,0.044,0.024
9.074,-0.01,0.005,0.015,0.005,-0.015,0.01,-0.005,0.034,0.068,0.068,0.034,0.02
9.076,-0.024,-0.005,0.02,0.015,-0.024,0.005,-0.02,0.01,0.044,0.054,0.015,0.01
9.078,-0.029,-0.005,0.024,0.02,-0.029,0.01,-0.005,0.024,0.049,0.059,0.02,0.01
9.08,-0.029,-0.005,0.024,0.02,-0.029,0.01,0.0,0.029,0.054,0.063,0.024,0.015
9.082,-0.01,0.0,0.01,0.005,-0.01,0.005,0.01,0.029,0.049,0.049,0.02,0.015
9.084,-0.005,-0.015,-0.01,0.01,0.0,-0.015,0.02,0.039,0.059,0.054,0.02,0.015
9.086,-0.024,-0.02,0.005,0.024,-0.015,-0.01,0.029,0.039,0.068,0.044,0.02,0.005
9.088,-0.005,-0.005,0.0,0.005,-0.005,-0.005,0.029,0.024,0.044,0.029,0.0,0.0
9.09,0.005,-0.005,-0.01,0.0,0.005,-0.01,0.01,0.005,0.029,0.01,-0.015,-0.02
9.092,-0.015,-0.005,0.01,0.01,-0.015,0.0,0.01,0.0,0.015,0.01,-0.024,-0.024
9.094,-0.044,-0.015,0.029,0.029,-0.039,0.005,-0.01,-0.02,-0.005,-0.01,-0.044,-0.039
9.096,-0.063,-0.024,0.039,0.044,-0.054,0.005,-0.02,-0.034,-0.01,0.0,-0.049,-0.034
9.098,-0.044,-0.02,0.024,0.034,-0.034,0.0,-0.024,-0.034,-0.01,0.005,-0.039,-0.034
9.1,-0.034,-0.01,0.024,0.024,-0.029,0.005,-0.015,-0.034,-0.005,0.005,-0.029,-0.029
9.102,-0.02,-0.02,0.0,0.02,-0.01,-0.01,-0.01,-0.024,-0.005,0.005,-0.02,-0.029
9.104,-0.024,-0.02,0.005,0.024,-0.015,-0.01,0.015,-0.01,0.01,0.005,-0.015,-0.02
9.106,-0.029,-0.015,0.015,0.024,-0.024,0.0,0.029,0.0,0.024,0.015,0.0,-0.015
9.108,-0.01,-0.005,0.005,0.01,-0.01,0.0,0.015,0.0,0.015,0.01,-0.015,-0.02
9.11,-0.015,-0.015,0.0,0.015,-0.01,-0.01,0.0,-0.015,0.005,0.0,-0.029,-0.029
9.112,-0.024,-0.015,0.01,0.02,-0.02,-0.005,-0.005,-0.029,-0.005,-0.005,-0.029,-0.029
9.114,-0.039,-0.015,0.024,0.029,-0.034,0.005,-0.005,-0.044,-0.024,-0.01,-0.034,-0.024
9.116,-0.059,-0.029,0.029,0.044,-0.044,0.0,-0.01,-0.054,-0.039,-0.015,-0.044,-0.024
9.118,-0.068,-0.044,0.024,0.059,-0.049,-0.01,-0.015,-0.059,-0.039,-0.015,-0.049,-0.029
9.12,-0.049,-0.044,0.005,0.049,-0.029,-0.02,0.0,-0.044,-0.029,-0.02,-0.049,-0.034
9.122,-0.029,-0.034,-0.005,0.034,-0.015,-0.02,-0.005,-0.044,-0.029,-0.029,-0.054,-0.044
9.124,-0.02,-0.029,-0.01,0.024,-0.005,-0.02,0.0,-0.029,-0.015,-0.024,-0.049,-0.044
9.126,-0.02,-0.029,-0.01,0.024,-0.005,-0.02,0.02,-0.005,0.0,-0.01,-0.034,-0.039
9.128,-0.02,-0.015,0.005,0.02,-0.015,-0.005,0.034,0.0,0.015,0.0,-0.02,-0.029
9.13,-0.01,0.0,0.01,0.005,-0.01,0.005,0.02,-0.02,-0.005,-0.005,-0.024,-0.029
9.132,-0.02,-0.01,0.01,0.015,-0.015,0.0,0.01,-0.034,-0.015,-0.02,-0.039,-0.024
9.134,-0.034,-0.02,0.015,0.029,-0.024,-0.005,0.0,-0.059,-0.039,-0.039,-0.049,-0.029
9.136,-0.039,-0.024,0.015,0.034,-0.029,-0.005,-0.02,-0.078,-0.059,-0.054,-0.059,-0.034
9.138,-0.054,-0.029,0.024,0.044,-0.039,-0.005,-0.015,-0.068,-0.054,-0.044,-0.054,-0.029
9.14,-0.059,-0.044,0.015,0.054,-0.039,-0.015,0.0,-0.054,-0.044,-0.034,-0.054,-0.034
9.142,-0.044,-0.049,-0.005,0.049,-0.02,-0.029,0.005,-0.034,-0.029,-0.024,-0.044,-0.029
9.144,-0.029,-0.029,0.0,0.029,-0.015,-0.015,0.02,-0.02,-0.015,-0.015,-0.029,-0.024
9.146,-0.02,-0.02,0.0,0.02,-0.01,-0.01,0.034,0.0,0.005,0.005,-0.02,-0.024
9.148,-0.01,-0.015,-0.005,0.015,-0.005,-0.01,0.02,-0.02,0.0,-0.01,-0.029,-0.029
9.15,0.0,-0.015,-0.015,0.01,0.005,-0.015,0.015,-0.029,-0.01,-0.024,-0.034,-0.029
9.152,-0.024,-0.015,0.01,0.02,-0.02,-0.005,0.01,-0.034,-0.024,-0.034,-0.034,-0.024
9.154,-0.029,-0.015,0.015,0.024,-0.024,0.0,0.0,-0.059,-0.049,-0.054,-0.049,-0.029
9.156,-0.039,-0.029,0.01,0.034,-0.024,-0.01,-0.005,-0.059,-0.059,-0.059,-0.054,-0.029
9.158,-0.059,-0.029,0.029,0.044,-0.044,0.0,0.0,-0.054,-0.049,-0.049,-0.049,-0.034
9.16,-0.044,-0.039,0.005,0.044,-0.024,-0.02,0.0,-0.039,-0.049,-0.049,-0.054,-0.039
9.162,-0.029,-0.034,-0.005,0.034,-0.015,-0.02,0.01,-0.024,-0.044,-0.044,-0.059,-0.039
9.164,-0.029,-0.029,0.0,0.029,-0.015,-0.015,0.024,-0.01,-0.024,-0.034,-0.049,-0.034
9.166,-0.034,-0.039,-0.005,0.039,-0.015,-0.024,0.039,0.005,-0.015,-0.029,-0.039,-0.029
9.168,-0.015,-0.029,-0.015,0.024,0.0,-0.024,0.029,-0.005,-0.024,-0.034,-0.044,-0.039
9.17,-0.029,-0.029,0.0,0.029,-0.015,-0.015,0.02,-0.02,-0.034,-0.044,-0.054,-0.044
9.172,-0.029,-0.034,-0.005,0.034,-0.015,-0.02,0.015,-0.024,-0.044,-0.054,-0.059,-0.044
9.174,-0.054,-0.044,0.01,0.049,-0.034,-0.02,0.01,-0.034,-0.049,-0.059,-0.068,-0.054
9.176,-0.073,-0.049,0.024,0.063,-0.049,-0.015,-0.005,-0.049,-0.063,-0.068,-0.083,-0.059
9.178,-0.063,-0.044,0.02,0.054,-0.044,-0.015,0.005,-0.029,-0.049,-0.049,-0.073,-0.049
9.18,-0.054,-0.044,0.01,0.049,-0.034,-0.02,0.02,-0.015,-0.039,-0.034,-0.063,-0.039
9.182,-0.029,-0.034,-0.005,0.034,-0.015,-0.02,0.024,-0.005,-0.029,-0.029,-0.054,-0.029
9.184,-0.015,-0.024,-0.01,0.02,-0.005,-0.02,0.024,0.005,-0.024,-0.024,-0.049,-0.029
9.186,-0.015,-0.044,-0.029,0.029,0.005,-0.039,0.034,0.015,-0.01,-0.029,-0.049,-0.034
9.188,-0.02,-0.039,-0.02,0.029,0.0,-0.029,0.024,0.0,-0.024,-0.039,-0.049,-0.034
9.19,-0.034,-0.039,-0.005,0.039,-0.015,-0.024,0.02,-0.005,-0.024,-0.039,-0.059,-0.044
9.192,-0.039,-0.039,0.0,0.039,-0.02,-0.02,0.024,0.0,-0.029,-0.044,-0.063,-0.044
9.194,-0.039,-0.024,0.015,0.034,-0.029,-0.005,0.02,-0.01,-0.039,-0.049,-0.073,-0.044
9.196,-0.044,-0.044,0.0,0.044,-0.024,-0.024,0.015,-0.02,-0.039,-0.044,-0.068,-0.044
9.198,-0.034,-0.044,-0.01,0.039,-0.015,-0.029,0.02,-0.01,-0.039,-0.039,-0.059,-0.034
9.2,-0.029,-0.029,0.0,0.029,-0.015,-0.015,0.029,0.005,-0.024,-0.029,-0.049,-0.029
9.202,-0.029,-0.039,-0.01,0.034,-0.01,-0.024,0.024,0.0,-0.02,-0.039,-0.063,-0.044
9.204,-0.015,-0.039,-0.024,0.029,0.005,-0.034,0.039,0.01,-0.015,-0.034,-0.059,-0.049
9.206,-0.005,-0.034,-0.029,0.02,0.01,-0.034,0.054,0.024,0.0,-0.029,-0.054,-0.049
9.208,-0.029,-0.029,0.0,0.029,-0.015,-0.015,0.054,0.02,-0.005,-0.02,-0.044,-0.049
9.21,-0.02,-0.02,0.0,0.02,-0.01,-0.01,0.039,0.01,-0.02,-0.024,-0.049,-0.049
9.212,-0.024,-0.024,0.0,0.024,-0.015,-0.015,0.024,-0.005,-0.024,-0.029,-0.054,-0.044
9.214,-0.039,-0.024,0.015,0.034,-0.029,-0.005,0.01,-0.029,-0.049,-0.044,-0.063,-0.044
9.216,-0.034,-0.024,0.01,0.029,-0.024,-0.01,0.005,-0.039,-0.054,-0.044,-0.059,-0.039
9.218,-0.02,-0.015,0.005,0.02,-0.015,-0.005,0.015,-0.029,-0.049,-0.044,-0.049,-0.034
9.22,-0.015,-0.015,0.0,0.015,-0.01,-0.01,0.02,-0.02,-0.044,-0.034,-0.044,-0.029
9.222,-0.015,-0.024,-0.01,0.02,-0.005,-0.02,0.024,-0.01,-0.034,-0.034,-0.044,-0.029
9.224,0.005,-0.015,-0.02,0.005,0.01,-0.02,0.034,0.01,-0.015,-0.029,-0.044,-0.034
9.226,0.0,-0.01,-0.01,0.005,0.005,-0.01,0.054,0.024,0.005,-0.024,-0.034,-0.034
9.228,-0.01,-0.01,0.0,0.01,-0.005,-0.005,0.044,0.02,0.0,-0.015,-0.039,-0.034
9.23,0.005,-0.005,-0.01,0.0,0.005,-0.01,0.029,0.005,-0.01,-0.02,-0.039,-0.034
9.232,-0.015,0.0,0.015,0.01,-0.015,0.005,0.034,-0.01,-0.02,-0.029,-0.039,-0.029
9.234,-0.024,0.0,0.024,0.015,-0.024,0.01,0.005,-0.039,-0.039,-0.039,-0.054,-0.034
9.236,-0.029,0.0,0.029,0.015,-0.029,0.015,0.0,-0.039,-0.049,-0.039,-0.049,-0.029
9.238,-0.02,-0.005,0.015,0.015,-0.02,0.005,0.0,-0.039,-0.049,-0.039,-0.054,-0.024
9.24,-0.029,-0.02,0.01,0.024,-0.02,-0.005,0.01,-0.024,-0.039,-0.039,-0.054,-0.034
9.242,-0.01,-0.024,-0.015,0.02,0.0,-0.02,0.02,-0.01,-0.029,-0.029,-0.049,-0.029
9.244,0.0,-0.029,-0.029,0.015,0.015,-0.029,0.044,0.015,0.005,-0.01,-0.029,-0.02
9.246,0.0,-0.029,-0.029,0.015,0.015,-0.029,0.059,0.034,0.024,0.01,-0.015,-0.01
9.248,-0.024,-0.034,-0.01,0.029,-0.01,-0.024,0.049,0.02,0.02,0.0,-0.01,-0.01
9.25,-0.02,-0.029,-0.01,0.024,-0.005,-0.02,0.029,0.0,0.0,-0.015,-0.024,-0.01
9.252,-0.029,-0.029,0.0,0.029,-0.015,-0.015,0.024,-0.01,-0.015,-0.02,-0.024,-0.01
9.254,-0.024,-0.024,0.0,0.024,-0.015,-0.015,0.005,-0.034,-0.039,-0.039,-0.034,-0.02
9.256,-0.029,-0.02,0.01,0.024,-0.02,-0.005,-0.015,-0.049,-0.063,-0.049,-0.049,-0.024
9.258,-0.029,-0.01,0.02,0.02,-0.024,0.005,-0.01,-0.034,-0.054,-0.044,-0.049,-0.029
9.26,-0.034,-0.01,0.024,0.024,-0.029,0.005,0.005,-0.024,-0.039,-0.034,-0.039,-0.024
9.262,-0.02,-0.01,0.01,0.015,-0.015,0.0,0.02,-0.015,-0.024,-0.02,-0.034,-0.024
9.264,0.005,-0.005,-0.01,0.0,0.005,-0.01,0.029,0.0,-0.01,-0.015,-0.024,-0.024
9.266,0.005,-0.01,-0.015,0.005,0.01,-0.015,0.034,0.01,0.005,-0.005,-0.015,-0.015
9.268,0.01,0.0,-0.01,-0.005,0.01,-0.005,0.034,0.0,-0.005,-0.005,-0.02,-0.02
9.27,0.01,0.005,-0.005,-0.005,0.005,0.0,0.024,-0.015,-0.015,-0.02,-0.024,-0.02
9.272,0.005,-0.005,-0.01,0.0,0.005,-0.01,0.015,-0.024,-0.029,-0.024,-0.029,-0.015
9.274,-0.01,0.0,0.01,0.005,-0.01,0.005,-0.005,-0.044,-0.049,-0.039,-0.044,-0.034
9.276,-0.034,-0.015,0.02,0.024,-0.029,0.0,-0.015,-0.059,-0.054,-0.039,-0.054,-0.034
9.278,-0.034,-0.02,0.015,0.029,-0.024,-0.005,-0.01,-0.039,-0.049,-0.034,-0.049,-0.034
9.28,-0.029,-0.02,0.01,0.024,-0.02,-0.005,0.005,-0.024,-0.034,-0.029,-0.049,-0.034
9.282,-0.02,-0.02,0.0,0.02,-0.01,-0.01,0.0,-0.024,-0.029,-0.034,-0.044,-0.034
9.284,0.005,-0.01,-0.015,0.005,0.01,-0.015,0.024,-0.005,-0.01,-0.015,-0.02,-0.015
9.286,0.02,-0.005,-0.024,-0.005,0.02,-0.015,0.034,0.005,0.0,-0.015,-0.01,-0.015
9.288,0.01,-0.005,-0.015,0.0,0.01,-0.01,0.024,-0.01,-0.005,-0.024,-0.024,-0.015
9.29,0.005,0.0,-0.005,0.0,0.005,-0.005,0.015,-0.024,-0.015,-0.029,-0.024,-0.02
9.292,-0.02,0.0,0.02,0.01,-0.02,0.01,0.02,-0.024,-0.02,-0.034,-0.029,-0.015
9.294,-0.029,0.0,0.029,0.015,-0.029,0.015,0.005,-0.039,-0.044,-0.039,-0.034,-0.02
9.296,-0.029,-0.02,0.01,0.024,-0.02,-0.005,-0.015,-0.063,-0.063,-0.049,-0.044,-0.029
9.298,-0.024,-0.039,-0.015,0.034,-0.005,-0.029,-0.015,-0.063,-0.063,-0.049,-0.044,-0.024
9.3,-0.02,-0.034,-0.015,0.029,-0.005,-0.024,-0.005,-0.054,-0.054,-0.034,-0.034,-0.02
9.302,0.0,-0.024,-0.024,0.015,0.01,-0.024,-0.005,-0.049,-0.049,-0.034,-0.029,-0.02
9.304,-0.01,-0.029,-0.02,0.02,0.005,-0.024,0.005,-0.034,-0.034,-0.024,-0.024,-0.02
9.306,0.0,-0.015,-0.015,0.01,0.005,-0.015,0.015,-0.02,-0.024,-0.02,-0.02,-0.02
9.308,0.0,0.0,0.0,0.0,0.0,0.0,0.01,-0.024,-0.024,-0.034,-0.024,-0.029
9.31,0.02,0.029,0.01,-0.024,0.005,0.02,0.005,-0.024,-0.024,-0.029,-0.029,-0.024
9.312,0.0,0.029,0.029,-0.015,-0.015,0.029,0.01,-0.029,-0.02,-0.029,-0.029,-0.02
9.314,-0.015,0.01,0.024,0.005,-0.02,0.015,-0.005,-0.049,-0.039,-0.039,-0.044,-0.029
9.316,-0.024,0.0,0.024,0.015,-0.024,0.01,-0.015,-0.078,-0.063,-0.059,-0.063,-0.039
9.318,-0.034,-0.024,0.01,0.029,-0.024,-0.01,-0.015,-0.073,-0.063,-0.063,-0.063,-0.039
9.32,-0.029,-0.024,0.005,0.029,-0.02,-0.01,-0.01,-0.063,-0.054,-0.054,-0.059,-0.034
9.322,-0.024,-0.02,0.005,0.024,-0.015,-0.01,0.005,-0.049,-0.049,-0.044,-0.044,-0.024
9.324,-0.024,-0.034,-0.01,0.029,-0.01,-0.024,0.015,-0.034,-0.034,-0.029,-0.034,-0.024
9.326,-0.02,-0.034,-0.015,0.029,-0.005,-0.024,0.02,-0.024,-0.02,-0.029,-0.034,-0.029
9.328,-0.02,-0.024,-0.005,0.024,-0.01,-0.015,0.029,-0.024,-0.02,-0.02,-0.024,-0.015
9.33,-0.005,-0.02,-0.015,0.015,0.005,-0.02,0.015,-0.034,-0.029,-0.024,-0.029,-0.024
9.332,0.0,-0.01,-0.01,0.005,0.005,-0.01,0.01,-0.044,-0.039,-0.034,-0.024,-0.015
9.334,-0.024,-0.02,0.005,0.024,-0.015,-0.01,-0.005,-0.063,-0.059,-0.039,-0.029,-0.015
9.336,-0.029,-0.015,0.015,0.024,-0.024,0.0,-0.015,-0.073,-0.083,-0.059,-0.044,-0.015
9.338,-0.029,-0.005,0.024,0.02,-0.029,0.01,-0.005,-0.063,-0.078,-0.059,-0.049,-0.01
9.34,-0.024,-0.005,0.02,0.015,-0.024,0.005,0.01,-0.049,-0.063,-0.049,-0.039,-0.015
9.342,-0.01,0.0,0.01,0.005,-0.01,0.005,0.005,-0.054,-0.063,-0.054,-0.049,-0.024
9.344,-0.01,-0.015,-0.005,0.015,-0.005,-0.01,0.015,-0.034,-0.039,-0.039,-0.034,-0.02
9.346,0.01,-0.01,-0.02,0.0,0.015,-0.015,0.02,-0.024,-0.029,-0.029,-0.024,-0.015
9.348,0.015,0.005,-0.01,-0.01,0.01,-0.005,0.015,-0.034,-0.034,-0.034,-0.024,-0.015
9.35,-0.01,-0.01,0.0,0.01,-0.005,-0.005,0.015,-0.049,-0.039,-0.034,-0.024,-0.015
9.352,-0.01,-0.005,0.005,0.01,-0.01,0.0,0.01,-0.059,-0.059,-0.044,-0.029,-0.02
9.354,-0.024,-0.01,0.015,0.02,-0.02,0.0,0.0,-0.068,-0.068,-0.059,-0.039,-0.02
9.356,-0.044,-0.02,0.024,0.034,-0.034,0.0,-0.005,-0.073,-0.073,-0.059,-0.044,-0.02
9.358,-0.024,-0.005,0.02,0.015,-0.024,0.005,0.005,-0.059,-0.068,-0.054,-0.044,-0.02
9.36,-0.02,-0.005,0.015,0.015,-0.02,0.005,0.005,-0.049,-0.054,-0.049,-0.039,-0.02
9.362,-0.02,0.005,0.024,0.01,-0.024,0.015,0.024,-0.039,-0.044,-0.039,-0.034,-0.015
9.364,0.0,0.015,0.015,-0.005,-0.01,0.015,0.034,-0.024,-0.029,-0.024,-0.02,-0.02
9.366,0.029,0.01,-0.02,-0.02,0.024,-0.005,0.024,-0.029,-0.029,-0.034,-0.024,-0.024
9.368,0.015,0.01,-0.005,-0.01,0.01,0.0,0.015,-0.044,-0.044,-0.044,-0.034,-0.029
9.37,0.005,0.015,0.01,-0.01,-0.005,0.01,0.01,-0.049,-0.049,-0.049,-0.034,-0.024
9.372,-0.02,0.01,0.029,0.005,-0.024,0.02,-0.005,-0.063,-0.063,-0.054,-0.049,-0.034
9.374,-0.024,0.01,0.034,0.01,-0.029,0.02,-0.005,-0.078,-0.083,-0.063,-0.054,-0.039
9.376,-0.029,0.005,0.034,0.015,-0.034,0.02,-0.015,-0.088,-0.088,-0.068,-0.054,-0.039
9.378,-0.034,-0.005,0.029,0.02,-0.034,0.01,-0.01,-0.073,-0.083,-0.059,-0.049,-0.029
9.38,-0.024,-0.015,0.01,0.02,-0.02,-0.005,0.0,-0.063,-0.073,-0.054,-0.044,-0.034
9.382,-0.02,-0.02,0.0,0.02,-0.01,-0.01,0.005,-0.049,-0.059,-0.039,-0.024,-0.024
9.384,-0.005,-0.015,-0.01,0.01,0.0,-0.015,0.029,-0.029,-0.039,-0.02,-0.005,-0.01
9.386,-0.005,-0.034,-0.029,0.02,0.01,-0.034,0.02,-0.034,-0.039,-0.039,-0.015,-0.02
9.388,0.015,-0.024,-0.039,0.005,0.024,-0.034,0.01,-0.049,-0.059,-0.044,-0.024,-0.024
9.39,0.015,0.0,-0.015,-0.005,0.015,-0.01,0.015,-0.049,-0.054,-0.044,-0.015,-0.015
9.392,-0.01,0.01,0.02,0.0,-0.015,0.015,0.005,-0.068,-0.063,-0.049,-0.024,-0.024
9.394,-0.02,0.005,0.024,0.01,-0.024,0.015,-0.015,-0.083,-0.083,-0.059,-0.034,-0.024
9.396,-0.024,0.005,0.029,0.01,-0.029,0.015,-0.02,-0.093,-0.093,-0.063,-0.044,-0.029
9.398,-0.029,0.0,0.029,0.015,-0.029,0.015,-0.01,-0.088,-0.083,-0.063,-0.044,-0.024
9.4,-0.01,0.005,0.015,0.005,-0.015,0.01,0.0,-0.078,-0.073,-0.068,-0.039,-0.02
9.402,-0.005,0.01,0.015,0.0,-0.01,0.01,0.005,-0.068,-0.068,-0.063,-0.039,-0.02
9.404,-0.005,-0.005,0.0,0.005,-0.005,-0.005,0.015,-0.059,-0.059,-0.059,-0.034,-0.024
9.406,0.0,0.0,0.0,0.0,0.0,0.0,0.044,-0.029,-0.029,-0.044,-0.02,-0.02
9.408,0.0,0.0,0.0,0.0,0.0,0.0,0.044,-0.034,-0.034,-0.044,-0.02,-0.015
9.41,0.0,-0.01,-0.01,0.005,0.005,-0.01,0.024,-0.054,-0.054,-0.054,-0.034,-0.02
9.412,0.01,0.0,-0.01,-0.005,0.01,-0.005,0.024,-0.054,-0.054,-0.054,-0.029,-0.02
9.414,-0.015,0.005,0.02,0.005,-0.02,0.01,0.015,-0.073,-0.068,-0.059,-0.029,-0.01
9.416,-0.024,0.005,0.029,0.01,-0.029,0.015,0.005,-0.088,-0.078,-0.059,-0.029,-0.005
9.418,-0.02,0.02,0.039,0.0,-0.029,0.029,0.02,-0.068,-0.068,-0.049,-0.015,0.0
9.42,-0.005,0.039,0.044,-0.015,-0.024,0.039,0.029,-0.059,-0.059,-0.049,-0.015,-0.005
9.422,0.01,0.049,0.039,-0.029,-0.015,0.044,0.049,-0.044,-0.049,-0.039,-0.01,0.0
9.424,0.034,0.044,0.01,-0.039,0.01,0.024,0.049,-0.039,-0.034,-0.039,-0.01,-0.01
9.426,0.029,0.054,0.024,-0.039,0.0,0.039,0.063,-0.02,-0.01,-0.02,0.005,0.0
9.428,0.029,0.063,0.034,-0.044,-0.005,0.049,0.063,-0.024,-0.01,-0.02,0.01,0.005
9.43,0.029,0.073,0.044,-0.049,-0.01,0.059,0.044,-0.044,-0.02,-0.024,0.01,0.01
9.432,0.029,0.088,0.059,-0.059,-0.015,0.073,0.039,-0.054,-0.034,-0.029,0.005,0.005
9.434,0.01,0.088,0.078,-0.049,-0.034,0.083,0.02,-0.073,-0.054,-0.039,-0.005,0.005
9.436,0.0,0.078,0.078,-0.039,-0.039,0.078,0.01,-0.083,-0.063,-0.044,-0.01,0.0
9.438,0.0,0.083,0.083,-0.039,-0.044,0.083,0.034,-0.059,-0.049,-0.029,-0.005,0.005
9.44,0.01,0.083,0.073,-0.044,-0.034,0.078,0.049,-0.054,-0.034,-0.024,0.0,0.005
9.442,0.01,0.078,0.068,-0.044,-0.029,0.073,0.049,-0.039,-0.024,-0.02,0.005,0.015
9.444,0.005,0.078,0.073,-0.039,-0.034,0.073,0.063,-0.015,0.0,0.0,0.024,0.024
9.446,0.034,0.088,0.054,-0.059,-0.01,0.068,0.063,-0.01,0.01,0.005,0.02,0.02
9.448,0.039,0.098,0.059,-0.068,-0.01,0.078,0.039,-0.029,0.005,0.005,0.029,0.029
9.45,0.029,0.093,0.063,-0.059,-0.02,0.078,0.024,-0.054,-0.015,-0.005,0.029,0.029
9.452,0.02,0.088,0.068,-0.054,-0.024,0.078,-0.015,-0.083,-0.044,-0.02,0.024,0.029
9.454,0.02,0.098,0.078,-0.059,-0.029,0.088,-0.034,-0.098,-0.054,-0.029,0.024,0.034
9.456,0.0,0.088,0.088,-0.044,-0.044,0.088,-0.049,-0.107,-0.068,-0.034,0.01,0.034
9.458,-0.01,0.088,0.098,-0.039,-0.054,0.093,-0.054,-0.102,-0.063,-0.029,0.015,0.034
9.46,0.01,0.088,0.078,-0.049,-0.034,0.083,-0.044,-0.083,-0.044,-0.02,0.024,0.034
9.462,0.034,0.083,0.049,-0.059,-0.01,0.063,-0.029,-0.073,-0.029,0.0,0.029,0.029
9.464,0.049,0.093,0.044,-0.068,0.0,0.068,0.0,-0.049,-0.005,0.02,0.054,0.039
9.466,0.073,0.102,0.029,-0.088,0.02,0.063,0.02,-0.029,0.015,0.02,0.054,0.029
9.468,0.068,0.098,0.029,-0.083,0.02,0.063,0.01,-0.044,-0.005,0.0,0.044,0.029
9.47,0.068,0.098,0.029,-0.083,0.02,0.063,-0.005,-0.068,-0.029,-0.02,0.029,0.029
9.472,0.039,0.078,0.039,-0.059,0.0,0.059,-0.005,-0.078,-0.039,-0.029,0.024,0.029
9.474,0.029,0.078,0.049,-0.054,-0.01,0.063,-0.01,-0.093,-0.063,-0.039,0.01,0.024
9.476,0.024,0.068,0.044,-0.044,-0.01,0.054,-0.015,-0.107,-0.073,-0.049,-0.005,0.01
9.478,0.01,0.044,0.034,-0.024,-0.015,0.039,-0.01,-0.112,-0.083,-0.054,-0.005,0.005
9.48,0.0,0.034,0.034,-0.015,-0.02,0.034,-0.005,-0.102,-0.073,-0.044,0.005,0.01
9.482,-0.01,0.015,0.024,0.0,-0.02,0.02,0.0,-0.102,-0.073,-0.049,0.005,0.01
9.484,0.015,0.01,-0.005,-0.01,0.01,0.0,0.005,-0.098,-0.068,-0.059,0.0,0.01
9.486,0.044,0.02,-0.024,-0.029,0.034,-0.005,0.024,-0.083,-0.054,-0.054,0.01,0.015
9.488,0.034,0.015,-0.02,-0.024,0.024,-0.005,0.02,-0.088,-0.059,-0.059,0.005,0.015
9.49,0.015,0.02,0.005,-0.015,0.005,0.01,0.02,-0.088,-0.059,-0.054,0.0,0.015
9.492,0.01,0.029,0.02,-0.02,-0.005,0.024,0.024,-0.102,-0.073,-0.073,-0.015,-0.005
9.494,-0.02,0.024,0.044,0.0,-0.034,0.034,0.015,-0.117,-0.093,-0.088,-0.034,-0.02
9.496,-0.024,0.024,0.049,0.0,-0.039,0.034,0.005,-0.137,-0.112,-0.098,-0.049,-0.024
9.498,-0.024,-0.005,0.02,0.015,-0.024,0.005,0.005,-0.132,-0.112,-0.102,-0.044,-0.029
9.5,-0.02,-0.01,0.01,0.015,-0.015,0.0,-0.005,-0.137,-0.117,-0.107,-0.044,-0.029
9.502,-0.01,0.0,0.01,0.005,-0.01,0.005,0.024,-0.117,-0.098,-0.088,-0.029,-0.024
9.504,-0.01,0.005,0.015,0.005,-0.015,0.01,0.029,-0.107,-0.088,-0.083,-0.029,-0.02
9.506,0.01,0.0,-0.01,-0.005,0.01,-0.005,0.039,-0.088,-0.073,-0.073,-0.024,-0.02
9.508,0.0,-0.01,-0.01,0.005,0.005,-0.01,0.049,-0.093,-0.073,-0.078,-0.024,-0.015
9.51,-0.02,-0.02,0.0,0.02,-0.01,-0.01,0.034,-0.107,-0.083,-0.073,-0.024,-0.015
9.512,-0.01,-0.02,-0.01,0.015,0.0,-0.015,0.034,-0.112,-0.098,-0.083,-0.034,-0.02
9.514,-0.015,-0.015,0.0,0.015,-0.01,-0.01,0.02,-0.132,-0.117,-0.107,-0.044,-0.029
9.516,-0.039,-0.02,0.02,0.029,-0.029,0.0,0.015,-0.142,-0.132,-0.112,-0.049,-0.029
9.518,-0.029,-0.024,0.005,0.029,-0.02,-0.01,0.024,-0.127,-0.122,-0.117,-0.039,-0.024
9.52,-0.015,-0.015,0.0,0.015,-0.01,-0.01,0.029,-0.117,-0.117,-0.112,-0.039,-0.029
9.522,-0.01,-0.01,0.0,0.01,-0.005,-0.005,0.039,-0.107,-0.112,-0.112,-0.039,-0.034
9.524,-0.005,-0.024,-0.02,0.015,0.005,-0.024,0.039,-0.107,-0.102,-0.107,-0.044,-0.044
9.526,-0.015,-0.02,-0.005,0.02,-0.005,-0.015,0.054,-0.093,-0.088,-0.102,-0.044,-0.054
9.528,-0.015,0.0,0.015,0.01,-0.015,0.005,0.063,-0.093,-0.078,-0.088,-0.029,-0.049
9.53,-0.02,-0.005,0.015,0.015,-0.02,0.005,0.049,-0.107,-0.093,-0.093,-0.024,-0.034
9.532,-0.02,0.0,0.02,0.01,-0.02,0.01,0.049,-0.122,-0.107,-0.102,-0.039,-0.044
9.534,-0.024,0.0,0.024,0.015,-0.024,0.01,0.039,-0.127,-0.107,-0.098,-0.039,-0.034
9.536,-0.039,-0.01,0.029,0.024,-0.034,0.01,0.024,-0.142,-0.132,-0.107,-0.044,-0.034
9.538,-0.044,-0.01,0.034,0.029,-0.039,0.01,0.044,-0.127,-0.117,-0.098,-0.039,-0.029
9.54,-0.024,-0.005,0.02,0.015,-0.024,0.005,0.044,-0.117,-0.102,-0.093,-0.039,-0.029
9.542,-0.005,-0.005,0.0,0.005,-0.005,-0.005,0.044,-0.107,-0.102,-0.093,-0.044,-0.034
9.544,-0.005,0.0,0.005,0.005,-0.005,0.0,0.063,-0.088,-0.078,-0.078,-0.029,-0.029
9.546,0.015,0.0,-0.015,-0.005,0.015,-0.01,0.073,-0.073,-0.059,-0.063,-0.015,-0.024
9.548,0.034,0.015,-0.02,-0.024,0.024,-0.005,0.059,-0.083,-0.068,-0.078,-0.024,-0.034
9.55,0.024,0.015,-0.01,-0.02,0.015,0.0,0.054,-0.093,-0.073,-0.078,-0.029,-0.034
9.552,0.005,0.015,0.01,-0.01,-0.005,0.01,0.049,-0.093,-0.073,-0.068,-0.029,-0.034
9.554,-0.015,0.015,0.029,0.0,-0.024,0.02,0.054,-0.088,-0.063,-0.063,-0.029,-0.034
9.556,-0.02,0.01,0.029,0.005,-0.024,0.02,0.073,-0.054,-0.034,-0.044,-0.034,-0.044
9.558,0.005,0.029,0.024,-0.015,-0.01,0.024,0.142,0.049,0.054,0.01,-0.024,-0.044
9.56,0.015,0.054,0.039,-0.034,-0.015,0.044,0.21,0.161,0.161,0.073,0.01,-0.029
9.562,0.02,0.073,0.054,-0.044,-0.02,0.063,0.239,0.224,0.244,0.166,0.073,0.01
9.564,0.073,0.102,0.029,-0.088,0.02,0.063,0.244,0.288,0.342,0.278,0.161,0.063
9.566,0.107,0.137,0.029,-0.122,0.039,0.083,0.268,0.376,0.468,0.41,0.264,0.107
9.568,0.146,0.185,0.039,-0.166,0.054,0.112,0.264,0.439,0.6,0.571,0.386,0.185
9.57,0.205,0.244,0.039,-0.224,0.083,0.142,0.254,0.493,0.742,0.795,0.576,0.317
9.572,0.249,0.278,0.029,-0.264,0.107,0.151,0.259,0.566,0.917,1.039,0.771,0.444
9.574,0.298,0.307,0.01,-0.303,0.142,0.156,0.273,0.62,1.069,1.264,0.947,0.551
9.576,0.346,0.337,-0.01,-0.342,0.176,0.161,0.268,0.644,1.186,1.459,1.103,0.664
9.578,0.42,0.39,-0.029,-0.405,0.224,0.181,0.215,0.659,1.283,1.63,1.264,0.786
9.58,0.478,0.439,-0.039,-0.459,0.259,0.2,0.142,0.625,1.327,1.703,1.371,0.893
9.582,0.522,0.478,-0.044,-0.498,0.283,0.215,0.024,0.503,1.249,1.645,1.391,0.942
9.584,0.551,0.522,-0.029,-0.537,0.288,0.244,-0.088,0.342,1.083,1.488,1.347,0.971
9.586,0.551,0.547,-0.005,-0.547,0.278,0.268,-0.171,0.161,0.839,1.23,1.235,0.952
9.588,0.483,0.532,0.049,-0.508,0.215,0.288,-0.288,-0.171,0.371,0.771,0.981,0.854
9.59,0.322,0.512,0.19,-0.415,0.063,0.351,-0.415,-0.698,-0.395,0.024,0.586,0.683
9.592,0.176,0.493,0.317,-0.332,-0.073,0.405,-0.498,-1.171,-1.083,-0.62,0.229,0.527
9.594,0.063,0.444,0.381,-0.254,-0.161,0.41,-0.542,-1.449,-1.493,-1.005,-0.039,0.381
9.596,-0.034,0.386,0.42,-0.176,-0.229,0.4,-0.605,-1.601,-1.698,-1.249,-0.317,0.185
9.598,-0.073,0.298,0.371,-0.112,-0.224,0.332,-0.654,-1.601,-1.698,-1.293,-0.459,0.054
9.6,-0.112,0.19,0.303,-0.039,-0.21,0.244,-0.673,-1.537,-1.615,-1.244,-0.508,-0.049
9.602,-0.176,0.146,0.322,0.015,-0.249,0.234,-0.673,-1.464,-1.508,-1.152,-0.512,-0.112
9.604,-0.195,0.146,0.342,0.024,-0.268,0.244,-0.703,-1.42,-1.425,-1.083,-0.483,-0.112
9.606,-0.176,0.161,0.337,0.01,-0.259,0.249,-0.732,-1.391,-1.357,-1.035,-0.459,-0.122
9.608,-0.171,0.161,0.332,0.005,-0.254,0.244,-0.722,-1.308,-1.264,-0.976,-0.439,-0.122
9.61,-0.176,0.132,0.307,0.024,-0.244,0.22,-0.669,-1.186,-1.152,-0.913,-0.42,-0.132
9.612,-0.156,0.117,0.273,0.02,-0.215,0.195,-0.615,-1.064,-1.044,-0.834,-0.395,-0.137
9.614,-0.117,0.112,0.229,0.005,-0.176,0.171,-0.551,-0.937,-0.917,-0.737,-0.361,-0.142
9.616,-0.112,0.088,0.2,0.015,-0.156,0.142,-0.464,-0.786,-0.786,-0.644,-0.322,-0.137
9.618,-0.083,0.059,0.142,0.015,-0.112,0.098,-0.376,-0.63,-0.63,-0.517,-0.264,-0.122
9.62,-0.049,0.029,0.078,0.01,-0.063,0.054,-0.283,-0.483,-0.483,-0.405,-0.2,-0.098
9.622,-0.034,0.015,0.049,0.01,-0.044,0.029,-0.19,-0.356,-0.366,-0.307,-0.146,-0.073
9.624,-0.02,0.024,0.044,0.0,-0.034,0.034,-0.102,-0.259,-0.264,-0.234,-0.102,-0.049
9.626,0.01,0.044,0.034,-0.024,-0.015,0.039,-0.039,-0.195,-0.2,-0.185,-0.078,-0.034
9.628,0.0,0.059,0.059,-0.029,-0.029,0.059,-0.005,-0.166,-0.176,-0.171,-0.068,-0.034
9.63,0.0,0.063,0.063,-0.029,-0.034,0.063,0.015,-0.137,-0.151,-0.166,-0.073,-0.034
9.632,0.005,0.063,0.059,-0.034,-0.029,0.059,0.029,-0.117,-0.137,-0.151,-0.073,-0.049
9.634,-0.01,0.063,0.073,-0.024,-0.044,0.068,0.044,-0.093,-0.112,-0.122,-0.063,-0.049
9.636,-0.015,0.054,0.068,-0.02,-0.044,0.059,0.059,-0.073,-0.093,-0.112,-0.059,-0.054
9.638,-0.005,0.029,0.034,-0.01,-0.02,0.029,0.073,-0.054,-0.068,-0.098,-0.054,-0.049
9.64,0.01,0.024,0.015,-0.015,-0.005,0.02,0.093,-0.029,-0.059,-0.093,-0.049,-0.049
9.642,0.015,0.005,-0.01,-0.01,0.01,-0.005,0.107,-0.015,-0.039,-0.073,-0.044,-0.039
9.644,0.015,0.005,-0.01,-0.01,0.01,-0.005,0.122,0.005,-0.015,-0.054,-0.02,-0.034
9.646,0.034,0.005,-0.029,-0.02,0.029,-0.015,0.137,0.034,0.01,-0.039,-0.005,-0.024
9.648,0.005,0.0,-0.005,0.0,0.005,-0.005,0.142,0.049,0.029,-0.02,0.0,-0.015
9.65,0.01,0.005,-0.005,-0.005,0.005,0.0,0.142,0.044,0.02,-0.029,-0.01,-0.024
9.652,0.01,-0.005,-0.015,0.0,0.01,-0.01,0.137,0.044,0.024,-0.029,-0.015,-0.02
9.654,-0.01,-0.005,0.005,0.01,-0.01,0.0,0.127,0.034,0.02,-0.024,-0.02,-0.024
9.656,-0.005,0.0,0.005,0.005,-0.005,0.0,0.127,0.029,0.01,-0.024,-0.01,-0.015
9.658,0.005,0.005,0.0,-0.005,0.0,0.0,0.127,0.024,0.01,-0.034,-0.024,-0.02
9.66,0.005,0.0,-0.005,0.0,0.005,-0.005,0.127,0.034,0.015,-0.039,-0.024,-0.034
9.662,-0.01,-0.015,-0.005,0.015,-0.005,-0.01,0.142,0.049,0.024,-0.034,-0.024,-0.044
9.664,0.005,0.0,-0.005,0.0,0.005,-0.005,0.161,0.083,0.054,-0.01,-0.015,-0.039
9.666,0.034,0.015,-0.02,-0.024,0.024,-0.005,0.176,0.098,0.073,0.01,0.0,-0.039
9.668,0.024,0.005,-0.02,-0.015,0.02,-0.01,0.171,0.093,0.063,-0.01,-0.005,-0.039
9.67,0.02,0.005,-0.015,-0.01,0.015,-0.005,0.166,0.098,0.068,0.005,-0.005,-0.029
9.672,0.015,-0.005,-0.02,-0.005,0.015,-0.015,0.151,0.083,0.059,-0.005,-0.005,-0.024
9.674,0.005,-0.01,-0.015,0.005,0.01,-0.015,0.146,0.068,0.044,-0.01,-0.005,-0.015
9.676,0.01,0.005,-0.005,-0.005,0.005,0.0,0.132,0.063,0.039,-0.01,-0.01,-0.01
9.678,0.005,0.005,0.0,-0.005,0.0,0.0,0.142,0.063,0.039,-0.02,-0.015,-0.015
9.68,0.005,0.01,0.005,-0.005,0.0,0.005,0.156,0.073,0.044,-0.015,-0.02,-0.024
9.682,0.029,0.02,-0.01,-0.024,0.02,0.005,0.161,0.102,0.063,0.005,-0.005,-0.024
9.684,0.044,0.029,-0.015,-0.034,0.029,0.005,0.166,0.117,0.083,0.01,0.0,-0.024
9.686,0.044,0.029,-0.015,-0.034,0.029,0.005,0.181,0.142,0.102,0.029,0.0,-0.029
9.688,0.044,0.029,-0.015,-0.034,0.029,0.005,0.181,0.142,0.112,0.024,0.005,-0.029
9.69,0.039,0.015,-0.024,-0.024,0.029,-0.005,0.166,0.122,0.093,0.015,-0.005,-0.024
9.692,0.024,0.01,-0.015,-0.015,0.02,-0.005,0.171,0.112,0.088,0.015,0.005,-0.015
9.694,0.015,0.015,0.0,-0.015,0.005,0.005,0.161,0.102,0.073,0.005,0.0,-0.01
9.696,0.024,0.015,-0.01,-0.02,0.015,0.0,0.151,0.093,0.063,0.0,-0.01,-0.01
9.698,0.024,0.015,-0.01,-0.02,0.015,0.0,0.156,0.112,0.078,0.015,-0.005,-0.01
9.7,0.024,0.01,-0.015,-0.015,0.02,-0.005,0.166,0.127,0.093,0.034,0.01,-0.01
9.702,0.049,0.02,-0.029,-0.034,0.039,-0.005,0.176,0.142,0.107,0.049,0.029,-0.005
9.704,0.063,0.034,-0.029,-0.049,0.044,0.0,0.195,0.171,0.132,0.068,0.044,0.0
9.706,0.073,0.044,-0.029,-0.059,0.049,0.005,0.205,0.171,0.137,0.068,0.054,0.0
9.708,0.068,0.034,-0.034,-0.049,0.049,0.0,0.195,0.166,0.137,0.054,0.039,0.0
9.71,0.044,0.015,-0.029,-0.029,0.034,-0.01,0.185,0.161,0.122,0.044,0.024,-0.01
9.712,0.034,0.01,-0.024,-0.02,0.029,-0.01,0.181,0.151,0.117,0.039,0.02,-0.005
9.714,0.029,0.015,-0.015,-0.02,0.02,0.0,0.185,0.151,0.122,0.044,0.024,-0.005
9.716,0.015,0.015,0.0,-0.015,0.005,0.005,0.171,0.146,0.112,0.049,0.01,-0.01
9.718,0.015,0.005,-0.01,-0.01,0.01,-0.005,0.176,0.166,0.122,0.054,0.015,-0.005
9.72,0.034,0.01,-0.024,-0.02,0.029,-0.01,0.205,0.19,0.151,0.078,0.029,0.0
9.722,0.049,0.02,-0.029,-0.034,0.039,-0.005,0.21,0.195,0.151,0.078,0.034,0.005
9.724,0.063,0.029,-0.034,-0.044,0.049,-0.005,0.215,0.215,0.176,0.088,0.039,0.01
9.726,0.063,0.02,-0.044,-0.039,0.054,-0.015,0.224,0.229,0.19,0.102,0.054,0.015
9.728,0.063,0.02,-0.044,-0.039,0.054,-0.015,0.224,0.224,0.19,0.098,0.049,0.015
9.73,0.073,0.034,-0.039,-0.054,0.054,-0.005,0.22,0.234,0.195,0.098,0.054,0.02
9.732,0.044,0.034,-0.01,-0.039,0.024,0.01,0.215,0.22,0.181,0.088,0.044,0.01
9.734,0.015,0.034,0.02,-0.024,-0.005,0.024,0.215,0.224,0.185,0.088,0.039,0.005
9.736,0.034,0.034,0.0,-0.034,0.015,0.015,0.205,0.22,0.181,0.088,0.034,0.0
9.738,0.044,0.034,-0.01,-0.039,0.024,0.01,0.205,0.224,0.181,0.098,0.039,0.0
9.74,0.049,0.034,-0.015,-0.039,0.029,0.01,0.22,0.249,0.205,0.107,0.049,0.015
9.742,0.039,0.039,0.0,-0.039,0.02,0.02,0.224,0.264,0.21,0.117,0.054,0.015
9.744,0.063,0.044,-0.02,-0.054,0.039,0.01,0.244,0.288,0.239,0.132,0.068,0.02
9.746,0.098,0.059,-0.039,-0.078,0.068,0.01,0.268,0.317,0.259,0.142,0.073,0.029
9.748,0.083,0.054,-0.029,-0.068,0.054,0.01,0.273,0.327,0.273,0.151,0.083,0.029
9.75,0.083,0.059,-0.024,-0.068,0.054,0.015,0.268,0.332,0.283,0.156,0.083,0.034
9.752,0.083,0.059,-0.024,-0.068,0.054,0.015,0.273,0.346,0.288,0.166,0.093,0.049
9.754,0.063,0.059,-0.005,-0.059,0.034,0.024,0.264,0.342,0.283,0.171,0.093,0.054
9.756,0.049,0.054,0.005,-0.049,0.02,0.029,0.264,0.346,0.278,0.171,0.098,0.063
9.758,0.063,0.034,-0.029,-0.049,0.044,0.0,0.264,0.356,0.293,0.181,0.088,0.054
9.76,0.054,0.029,-0.024,-0.039,0.039,0.0,0.273,0.376,0.307,0.19,0.093,0.049
9.762,0.083,0.063,-0.02,-0.073,0.049,0.02,0.293,0.395,0.327,0.205,0.102,0.063
9.764,0.098,0.068,-0.029,-0.083,0.063,0.02,0.303,0.425,0.371,0.224,0.122,0.063
9.766,0.112,0.078,-0.034,-0.093,0.073,0.02,0.322,0.454,0.395,0.249,0.137,0.063
9.768,0.107,0.098,-0.01,-0.102,0.059,0.044,0.337,0.478,0.42,0.264,0.151,0.073
9.77,0.088,0.098,0.01,-0.093,0.039,0.054,0.317,0.483,0.429,0.283,0.166,0.083
9.772,0.098,0.112,0.015,-0.102,0.039,0.063,0.327,0.498,0.439,0.298,0.181,0.098
9.774,0.122,0.137,0.015,-0.127,0.054,0.073,0.317,0.493,0.434,0.293,0.176,0.102
9.776,0.107,0.122,0.015,-0.112,0.044,0.068,0.307,0.483,0.434,0.293,0.176,0.107
9.778,0.117,0.112,-0.005,-0.112,0.059,0.054,0.307,0.503,0.444,0.303,0.176,0.107
9.78,0.102,0.107,0.005,-0.102,0.049,0.054,0.327,0.527,0.468,0.332,0.181,0.122
9.782,0.102,0.117,0.015,-0.107,0.044,0.063,0.337,0.556,0.503,0.366,0.205,0.132
9.784,0.132,0.127,-0.005,-0.127,0.068,0.059,0.346,0.586,0.532,0.386,0.215,0.137
9.786,0.146,0.122,-0.024,-0.132,0.083,0.049,0.366,0.61,0.566,0.405,0.229,0.146
9.788,0.151,0.132,-0.02,-0.142,0.083,0.054,0.361,0.625,0.581,0.425,0.244,0.151
9.79,0.151,0.132,-0.02,-0.142,0.083,0.054,0.361,0.625,0.59,0.439,0.264,0.166
9.792,0.156,0.146,-0.01,-0.151,0.083,0.068,0.361,0.63,0.6,0.464,0.288,0.181
9.794,0.161,0.166,0.005,-0.161,0.078,0.083,0.332,0.62,0.6,0.459,0.288,0.181
9.796,0.142,0.161,0.02,-0.151,0.059,0.088,0.322,0.615,0.59,0.459,0.283,0.19
9.798,0.146,0.166,0.02,-0.156,0.063,0.093,0.322,0.63,0.61,0.478,0.298,0.195
9.8,0.161,0.176,0.015,-0.166,0.073,0.093,0.327,0.644,0.625,0.498,0.312,0.2
9.802,0.166,0.19,0.024,-0.176,0.068,0.107,0.342,0.673,0.669,0.542,0.337,0.22
9.804,0.185,0.205,0.02,-0.195,0.083,0.112,0.361,0.703,0.703,0.576,0.371,0.244
9.806,0.215,0.19,-0.024,-0.2,0.117,0.083,0.356,0.693,0.698,0.571,0.376,0.244
9.808,0.2,0.195,-0.005,-0.195,0.102,0.093,0.342,0.683,0.693,0.571,0.381,0.244
9.81,0.181,0.21,0.029,-0.195,0.073,0.117,0.332,0.673,0.698,0.571,0.381,0.254
9.812,0.19,0.22,0.029,-0.205,0.078,0.122,0.312,0.664,0.693,0.571,0.381,0.264
9.814,0.2,0.244,0.044,-0.22,0.078,0.142,0.298,0.664,0.688,0.586,0.395,0.273
9.816,0.195,0.254,0.059,-0.224,0.068,0.156,0.273,0.639,0.669,0.581,0.395,0.278
9.818,0.19,0.249,0.059,-0.22,0.063,0.151,0.273,0.644,0.683,0.59,0.405,0.293
9.82,0.205,0.264,0.059,-0.234,0.073,0.161,0.288,0.654,0.698,0.62,0.429,0.307
9.822,0.22,0.268,0.049,-0.244,0.083,0.156,0.288,0.659,0.708,0.625,0.444,0.322
9.824,0.229,0.264,0.034,-0.244,0.098,0.146,0.293,0.659,0.712,0.625,0.444,0.317
9.826,0.249,0.264,0.015,-0.254,0.117,0.137,0.283,0.644,0.708,0.625,0.444,0.317
9.828,0.234,0.264,0.029,-0.249,0.102,0.146,0.254,0.615,0.683,0.615,0.444,0.307
9.83,0.224,0.264,0.039,-0.244,0.093,0.151,0.239,0.586,0.664,0.61,0.449,0.312
9.832,0.215,0.264,0.049,-0.239,0.083,0.156,0.22,0.561,0.654,0.605,0.449,0.307
9.834,0.2,0.264,0.063,-0.229,0.068,0.161,0.205,0.542,0.63,0.59,0.444,0.307
9.836,0.195,0.264,0.068,-0.229,0.063,0.166,0.19,0.503,0.6,0.59,0.434,0.307
9.838,0.2,0.273,0.073,-0.234,0.063,0.171,0.166,0.473,0.571,0.561,0.42,0.293
9.84,0.195,0.273,0.078,-0.234,0.059,0.176,0.171,0.464,0.571,0.551,0.42,0.298
9.842,0.195,0.278,0.083,-0.234,0.054,0.181,0.171,0.444,0.547,0.542,0.415,0.293
9.844,0.2,0.259,0.059,-0.229,0.068,0.156,0.171,0.429,0.532,0.527,0.41,0.288
9.846,0.195,0.254,0.059,-0.224,0.068,0.156,0.176,0.415,0.512,0.517,0.405,0.288
9.848,0.181,0.229,0.049,-0.205,0.063,0.137,0.171,0.39,0.483,0.498,0.39,0.273
9.85,0.146,0.19,0.044,-0.166,0.049,0.117,0.151,0.346,0.434,0.454,0.361,0.249
9.852,0.132,0.171,0.039,-0.151,0.044,0.102,0.142,0.307,0.395,0.42,0.332,0.234
9.854,0.132,0.185,0.054,-0.156,0.039,0.117,0.127,0.278,0.361,0.39,0.317,0.22
9.856,0.102,0.171,0.068,-0.137,0.015,0.117,0.107,0.239,0.312,0.361,0.293,0.205
9.858,0.093,0.156,0.063,-0.122,0.015,0.107,0.112,0.215,0.288,0.332,0.273,0.19
9.86,0.073,0.137,0.063,-0.102,0.005,0.098,0.107,0.195,0.264,0.298,0.249,0.171
9.862,0.093,0.146,0.054,-0.117,0.02,0.098,0.117,0.19,0.234,0.268,0.224,0.161
9.864,0.098,0.142,0.044,-0.117,0.024,0.093,0.127,0.19,0.229,0.249,0.21,0.142
9.866,0.088,0.132,0.044,-0.107,0.02,0.088,0.127,0.181,0.22,0.229,0.19,0.122
9.868,0.073,0.132,0.059,-0.102,0.005,0.093,0.122,0.166,0.205,0.205,0.171,0.107
9.87,0.059,0.102,0.044,-0.078,0.005,0.073,0.107,0.137,0.166,0.181,0.142,0.098
9.872,0.059,0.088,0.029,-0.073,0.015,0.059,0.093,0.112,0.132,0.151,0.127,0.088
9.874,0.039,0.088,0.049,-0.063,-0.005,0.068,0.093,0.093,0.112,0.132,0.117,0.078
9.876,0.01,0.073,0.063,-0.039,-0.029,0.068,0.078,0.063,0.078,0.117,0.093,0.063
9.878,0.01,0.068,0.059,-0.039,-0.024,0.063,0.073,0.049,0.054,0.098,0.073,0.059
9.88,0.01,0.063,0.054,-0.034,-0.024,0.059,0.088,0.054,0.049,0.083,0.068,0.049
9.882,0.01,0.054,0.044,-0.029,-0.02,0.049,0.098,0.063,0.054,0.093,0.068,0.044
9.884,0.024,0.063,0.039,-0.044,-0.01,0.049,0.102,0.068,0.059,0.088,0.073,0.039
9.886,0.039,0.063,0.024,-0.049,0.005,0.044,0.112,0.073,0.063,0.073,0.063,0.02
9.888,0.034,0.063,0.029,-0.049,0.0,0.044,0.112,0.063,0.049,0.059,0.049,0.01
9.89,0.029,0.059,0.029,-0.044,0.0,0.044,0.102,0.054,0.029,0.039,0.039,0.015
9.892,0.02,0.059,0.039,-0.039,-0.01,0.049,0.098,0.034,0.015,0.029,0.034,0.015
9.894,0.01,0.063,0.054,-0.034,-0.024,0.059,0.083,0.015,-0.01,0.015,0.029,0.015
9.896,-0.015,0.049,0.063,-0.015,-0.039,0.054,0.073,-0.005,-0.02,0.01,0.024,0.015
9.898,-0.024,0.049,0.073,-0.01,-0.049,0.059,0.073,0.0,-0.024,0.015,0.02,0.01
9.9,-0.02,0.054,0.073,-0.015,-0.049,0.063,0.083,0.015,-0.015,0.02,0.029,0.015
9.902,0.0,0.044,0.044,-0.02,-0.024,0.044,0.088,0.024,0.0,0.029,0.034,0.015
9.904,0.034,0.059,0.024,-0.044,0.005,0.039,0.107,0.039,0.02,0.049,0.049,0.015
9.906,0.039,0.063,0.024,-0.049,0.005,0.044,0.122,0.054,0.024,0.049,0.054,0.015
9.908,0.029,0.059,0.029,-0.044,0.0,0.044,0.112,0.029,0.01,0.029,0.039,0.005
9.91,0.034,0.059,0.024,-0.044,0.005,0.039,0.102,0.015,-0.01,0.02,0.029,0.0
9.912,0.039,0.068,0.029,-0.054,0.005,0.049,0.083,0.005,-0.02,0.005,0.024,-0.005
9.914,0.015,0.068,0.054,-0.039,-0.02,0.059,0.073,0.0,-0.029,0.005,0.02,0.005
9.916,-0.005,0.049,0.054,-0.02,-0.029,0.049,0.068,-0.01,-0.034,-0.005,0.01,0.005
9.918,-0.01,0.039,0.049,-0.015,-0.029,0.044,0.063,-0.01,-0.034,-0.015,-0.01,0.0
9.92,-0.015,0.044,0.059,-0.015,-0.039,0.049,0.078,0.0,-0.029,0.0,-0.005,0.0
9.922,0.0,0.049,0.049,-0.024,-0.024,0.049,0.083,0.0,-0.024,0.0,0.005,-0.005
9.924,0.005,0.034,0.029,-0.02,-0.015,0.029,0.088,0.005,-0.02,0.005,0.01,0.0
9.926,0.01,0.034,0.024,-0.02,-0.01,0.029,0.093,0.024,-0.005,0.015,0.02,0.0
9.928,0.02,0.024,0.005,-0.02,0.005,0.015,0.083,0.015,-0.015,-0.005,0.005,-0.01
9.93,0.005,0.02,0.015,-0.01,-0.005,0.015,0.083,0.005,-0.029,-0.02,-0.005,-0.02
9.932,-0.005,0.024,0.029,-0.01,-0.02,0.024,0.098,0.02,-0.024,-0.01,0.0,-0.02
9.934,-0.015,0.024,0.039,-0.005,-0.029,0.029,0.083,0.0,-0.034,-0.024,-0.015,-0.02
9.936,-0.015,0.02,0.034,0.0,-0.024,0.024,0.063,-0.024,-0.054,-0.029,-0.034,-0.034
9.938,-0.005,0.02,0.024,-0.005,-0.015,0.02,0.068,-0.015,-0.044,-0.02,-0.02,-0.024
9.94,-0.01,0.02,0.029,-0.005,-0.02,0.024,0.073,-0.01,-0.039,-0.015,-0.015,-0.02
9.942,0.0,0.024,0.024,-0.01,-0.015,0.024,0.078,-0.005,-0.039,-0.01,-0.01,-0.015
9.944,0.015,0.01,-0.005,-0.01,0.01,0.0,0.083,0.015,-0.024,-0.01,-0.005,-0.01
9.946,0.015,0.015,0.0,-0.015,0.005,0.005,0.098,0.029,-0.015,0.0,-0.005,-0.01
9.948,-0.015,0.015,0.029,0.0,-0.024,0.02,0.102,0.029,-0.015,-0.01,0.0,-0.01
9.95,-0.01,0.01,0.02,0.0,-0.015,0.015,0.098,0.015,-0.034,-0.024,-0.015,-0.02
9.952,0.01,0.024,0.015,-0.015,-0.005,0.02,0.093,0.005,-0.039,-0.029,-0.024,-0.029
9.954,-0.005,0.029,0.034,-0.01,-0.02,0.029,0.088,0.0,-0.044,-0.029,-0.015,-0.024
9.956,-0.015,0.024,0.039,-0.005,-0.029,0.029,0.083,-0.01,-0.049,-0.034,-0.024,-0.02
9.958,-0.015,0.034,0.049,-0.01,-0.034,0.039,0.083,-0.005,-0.049,-0.029,-0.024,-0.015
9.96,-0.005,0.029,0.034,-0.01,-0.02,0.029,0.098,0.005,-0.034,-0.02,-0.015,-0.01
9.962,-0.005,0.029,0.034,-0.01,-0.02,0.029,0.098,0.02,-0.029,-0.02,-0.02,-0.01
9.964,0.01,0.029,0.02,-0.02,-0.005,0.024,0.112,0.039,-0.015,-0.01,-0.015,-0.005
9.966,0.0,0.01,0.01,-0.005,-0.005,0.01,0.117,0.054,-0.005,-0.01,-0.01,-0.015
9.968,0.0,0.02,0.02,-0.01,-0.01,0.02,0.122,0.049,-0.005,-0.005,-0.005,-0.01
9.97,0.005,0.02,0.015,-0.01,-0.005,0.015,0.117,0.039,-0.005,-0.005,0.0,-0.005
9.972,0.01,0.02,0.01,-0.015,0.0,0.015,0.107,0.024,-0.024,-0.015,-0.01,-0.01
9.974,0.0,0.029,0.029,-0.015,-0.015,0.029,0.098,0.015,-0.029,-0.02,-0.01,-0.01
9.976,-0.02,0.039,0.059,-0.01,-0.039,0.049,0.088,0.005,-0.039,-0.02,-0.015,-0.01
9.978,-0.015,0.044,0.059,-0.015,-0.039,0.049,0.083,0.01,-0.044,-0.034,-0.029,-0.024
9.98,-0.015,0.044,0.059,-0.015,-0.039,0.049,0.102,0.029,-0.034,-0.034,-0.039,-0.029
9.982,0.005,0.049,0.044,-0.024,-0.02,0.044,0.112,0.039,-0.02,-0.024,-0.029,-0.029
9.984,0.02,0.049,0.029,-0.034,-0.005,0.039,0.112,0.054,-0.005,-0.01,-0.024,-0.029
9.986,0.01,0.044,0.034,-0.024,-0.015,0.039,0.132,0.068,0.015,0.01,-0.01,-0.024
9.988,0.01,0.034,0.024,-0.02,-0.01,0.029,0.127,0.059,0.01,0.005,-0.015,-0.024
9.99,0.01,0.02,0.01,-0.015,0.0,0.015,0.122,0.044,0.0,-0.01,-0.02,-0.024
9.992,0.0,0.015,0.015,-0.005,-0.01,0.015,0.117,0.034,-0.005,-0.01,-0.024,-0.02
9.994,-0.005,0.015,0.02,-0.005,-0.015,0.015,0.107,0.01,-0.02,-0.024,-0.024,-0.015
9.996,0.0,0.015,0.015,-0.005,-0.01,0.015,0.088,0.005,-0.029,-0.029,-0.034,-0.01
9.998,-0.01,0.005,0.015,0.005,-0.015,0.01,0.088,0.005,-0.039,-0.034,-0.044,-0.024
