time,I,II,III,aVR,aVL,aVF,V1,V2,V3,V4,V5,V6
0.0,-0.029,0.029,0.059,0.0,-0.044,0.044,-0.044,-0.054,-0.068,-0.059,-0.049,-0.054
0.002,-0.044,0.01,0.054,0.02,-0.049,0.029,-0.054,-0.063,-0.078,-0.063,-0.059,-0.063
0.004,-0.034,0.015,0.049,0.01,-0.044,0.029,-0.049,-0.063,-0.073,-0.059,-0.054,-0.059
0.006,-0.015,0.034,0.049,-0.01,-0.034,0.039,-0.049,-0.059,-0.078,-0.063,-0.054,-0.059
0.008,-0.02,0.029,0.049,-0.005,-0.034,0.039,-0.049,-0.054,-0.073,-0.063,-0.049,-0.059
0.01,-0.029,0.024,0.054,0.005,-0.044,0.039,-0.039,-0.044,-0.063,-0.054,-0.044,-0.054
0.012,-0.044,0.02,0.063,0.015,-0.054,0.039,-0.044,-0.049,-0.073,-0.059,-0.049,-0.059
0.014,-0.044,0.015,0.059,0.015,-0.054,0.034,-0.054,-0.059,-0.083,-0.068,-0.054,-0.068
0.016,-0.02,0.029,0.049,-0.005,-0.034,0.039,-0.039,-0.039,-0.068,-0.049,-0.054,-0.059
0.018,-0.02,0.034,0.054,-0.005,-0.039,0.044,-0.054,-0.059,-0.078,-0.063,-0.063,-0.063
0.02,-0.029,0.024,0.054,0.005,-0.044,0.039,-0.049,-0.054,-0.073,-0.063,-0.059,-0.059
0.022,-0.024,0.029,0.054,0.0,-0.039,0.039,-0.049,-0.054,-0.073,-0.063,-0.059,-0.063
0.024,-0.034,0.015,0.049,0.01,-0.044,0.029,-0.049,-0.054,-0.068,-0.063,-0.059,-0.063
0.026,-0.029,0.024,0.054,0.005,-0.044,0.039,-0.049,-0.054,-0.073,-0.059,-0.059,-0.063
0.028,-0.044,0.02,0.063,0.015,-0.054,0.039,-0.049,-0.044,-0.068,-0.054,-0.054,-0.059
0.03,-0.049,0.02,0.068,0.015,-0.059,0.044,-0.044,-0.044,-0.073,-0.063,-0.059,-0.059
0.032,-0.034,0.024,0.059,0.005,-0.049,0.039,-0.044,-0.044,-0.068,-0.063,-0.059,-0.063
0.034,-0.029,0.034,0.063,0.0,-0.049,0.049,-0.044,-0.049,-0.073,-0.063,-0.059,-0.059
0.036,-0.034,0.02,0.054,0.01,-0.044,0.034,-0.039,-0.034,-0.063,-0.059,-0.054,-0.054
0.038,-0.034,0.02,0.054,0.01,-0.044,0.034,-0.039,-0.039,-0.073,-0.059,-0.054,-0.068
0.04,-0.034,0.029,0.063,0.005,-0.049,0.044,-0.049,-0.049,-0.078,-0.068,-0.054,-0.068
0.042,-0.024,0.024,0.049,0.0,-0.039,0.034,-0.044,-0.049,-0.073,-0.063,-0.054,-0.068
0.044,-0.01,0.039,0.049,-0.015,-0.029,0.044,-0.039,-0.039,-0.063,-0.059,-0.059,-0.068
0.046,-0.015,0.034,0.049,-0.01,-0.034,0.039,-0.044,-0.059,-0.078,-0.068,-0.063,-0.073
0.048,-0.034,0.024,0.059,0.005,-0.049,0.039,-0.039,-0.044,-0.063,-0.059,-0.054,-0.063
0.05,-0.039,0.01,0.049,0.015,-0.044,0.029,-0.039,-0.044,-0.068,-0.063,-0.054,-0.059
0.052,-0.034,0.015,0.049,0.01,-0.044,0.029,-0.044,-0.049,-0.068,-0.063,-0.059,-0.063
0.054,-0.029,0.02,0.049,0.005,-0.039,0.034,-0.044,-0.049,-0.078,-0.078,-0.068,-0.068
0.056,-0.034,0.015,0.049,0.01,-0.044,0.029,-0.049,-0.054,-0.078,-0.078,-0.063,-0.068
0.058,-0.024,0.024,0.049,0.0,-0.039,0.034,-0.039,-0.044,-0.073,-0.068,-0.063,-0.063
0.06,-0.034,0.024,0.059,0.005,-0.049,0.039,-0.044,-0.049,-0.078,-0.073,-0.063,-0.068
0.062,-0.024,0.02,0.044,0.005,-0.034,0.029,-0.044,-0.049,-0.073,-0.078,-0.063,-0.063
0.064,-0.02,0.015,0.034,0.005,-0.029,0.024,-0.044,-0.054,-0.073,-0.073,-0.063,-0.068
0.066,-0.02,0.02,0.039,0.0,-0.029,0.029,-0.044,-0.049,-0.073,-0.073,-0.063,-0.059
0.068,-0.024,0.024,0.049,0.0,-0.039,0.034,-0.039,-0.044,-0.073,-0.068,-0.059,-0.063
0.07,-0.049,0.0,0.049,0.024,-0.049,0.024,-0.049,-0.049,-0.073,-0.073,-0.068,-0.073
0.072,-0.039,0.005,0.044,0.02,-0.044,0.024,-0.054,-0.059,-0.078,-0.083,-0.068,-0.068
0.074,-0.01,0.024,0.034,-0.005,-0.024,0.029,-0.044,-0.049,-0.073,-0.073,-0.063,-0.063
0.076,-0.02,0.02,0.039,0.0,-0.029,0.029,-0.039,-0.054,-0.078,-0.073,-0.063,-0.068
0.078,-0.044,0.015,0.059,0.015,-0.054,0.034,-0.044,-0.054,-0.083,-0.073,-0.068,-0.068
0.08,-0.049,0.005,0.054,0.024,-0.054,0.029,-0.039,-0.049,-0.078,-0.073,-0.063,-0.063
0.082,-0.044,0.015,0.059,0.015,-0.054,0.034,-0.039,-0.054,-0.078,-0.078,-0.063,-0.068
0.084,-0.02,0.029,0.049,-0.005,-0.034,0.039,-0.034,-0.044,-0.073,-0.068,-0.063,-0.063
0.086,-0.029,0.015,0.044,0.01,-0.039,0.029,-0.039,-0.049,-0.073,-0.068,-0.063,-0.068
0.088,-0.039,0.0,0.039,0.02,-0.039,0.02,-0.044,-0.054,-0.078,-0.083,-0.068,-0.073
0.09,-0.029,0.01,0.039,0.01,-0.034,0.024,-0.044,-0.054,-0.073,-0.078,-0.068,-0.073
0.092,-0.034,0.015,0.049,0.01,-0.044,0.029,-0.044,-0.049,-0.073,-0.073,-0.063,-0.068
0.094,-0.024,0.024,0.049,0.0,-0.039,0.034,-0.044,-0.049,-0.083,-0.083,-0.063,-0.068
0.096,-0.024,0.02,0.044,0.005,-0.034,0.029,-0.034,-0.049,-0.078,-0.078,-0.068,-0.073
0.098,-0.034,0.015,0.049,0.01,-0.044,0.029,-0.039,-0.049,-0.088,-0.083,-0.073,-0.073
0.1,-0.029,0.02,0.049,0.005,-0.039,0.034,-0.034,-0.049,-0.078,-0.073,-0.063,-0.063
0.102,-0.029,0.02,0.049,0.005,-0.039,0.034,-0.034,-0.049,-0.078,-0.073,-0.068,-0.063
0.104,-0.029,0.015,0.044,0.01,-0.039,0.029,-0.034,-0.049,-0.073,-0.083,-0.073,-0.068
0.106,-0.029,0.015,0.044,0.01,-0.039,0.029,-0.039,-0.059,-0.083,-0.083,-0.068,-0.063
0.108,-0.039,0.0,0.039,0.02,-0.039,0.02,-0.034,-0.054,-0.078,-0.083,-0.068,-0.068
0.11,-0.02,0.029,0.049,-0.005,-0.034,0.039,-0.029,-0.049,-0.073,-0.078,-0.068,-0.063
0.112,-0.029,0.029,0.059,0.0,-0.044,0.044,-0.024,-0.044,-0.068,-0.073,-0.063,-0.068
0.114,-0.049,0.0,0.049,0.024,-0.049,0.024,-0.029,-0.049,-0.078,-0.083,-0.073,-0.078
0.116,-0.039,0.0,0.039,0.02,-0.039,0.02,-0.029,-0.049,-0.083,-0.088,-0.078,-0.078
0.118,-0.039,0.0,0.039,0.02,-0.039,0.02,-0.029,-0.059,-0.088,-0.098,-0.083,-0.073
0.12,-0.039,0.0,0.039,0.02,-0.039,0.02,-0.029,-0.059,-0.088,-0.098,-0.078,-0.073
0.122,-0.034,0.005,0.039,0.015,-0.039,0.02,-0.029,-0.054,-0.088,-0.098,-0.078,-0.078
0.124,-0.044,0.0,0.044,0.024,-0.044,0.02,-0.029,-0.059,-0.093,-0.102,-0.078,-0.078
0.126,-0.034,0.0,0.034,0.02,-0.034,0.015,-0.029,-0.054,-0.083,-0.093,-0.073,-0.068
0.128,-0.02,0.005,0.024,0.01,-0.024,0.015,-0.029,-0.054,-0.083,-0.098,-0.078,-0.073
0.13,-0.024,0.01,0.034,0.01,-0.029,0.02,-0.024,-0.049,-0.083,-0.088,-0.073,-0.068
0.132,-0.02,0.02,0.039,0.0,-0.029,0.029,-0.024,-0.049,-0.078,-0.088,-0.078,-0.068
0.134,-0.02,0.015,0.034,0.005,-0.029,0.024,-0.024,-0.049,-0.078,-0.088,-0.083,-0.073
0.136,-0.015,0.01,0.024,0.005,-0.02,0.015,-0.024,-0.049,-0.078,-0.093,-0.083,-0.078
0.138,-0.029,0.005,0.034,0.015,-0.034,0.02,-0.024,-0.049,-0.088,-0.098,-0.093,-0.073
0.14,-0.049,-0.005,0.044,0.029,-0.049,0.02,-0.024,-0.054,-0.083,-0.093,-0.088,-0.073
0.142,-0.049,0.0,0.049,0.024,-0.049,0.024,-0.02,-0.054,-0.083,-0.093,-0.083,-0.068
0.144,-0.039,-0.005,0.034,0.024,-0.039,0.015,-0.034,-0.059,-0.088,-0.102,-0.088,-0.073
0.146,-0.015,0.005,0.02,0.005,-0.02,0.01,-0.034,-0.059,-0.093,-0.107,-0.078,-0.068
0.148,-0.015,0.0,0.015,0.01,-0.015,0.005,-0.039,-0.068,-0.098,-0.112,-0.088,-0.078
0.15,-0.034,-0.01,0.024,0.024,-0.029,0.005,-0.034,-0.063,-0.098,-0.112,-0.093,-0.083
0.152,-0.044,-0.005,0.039,0.024,-0.044,0.015,-0.029,-0.059,-0.083,-0.102,-0.088,-0.078
0.154,-0.039,0.0,0.039,0.02,-0.039,0.02,-0.02,-0.054,-0.088,-0.098,-0.083,-0.073
0.156,-0.024,0.005,0.029,0.01,-0.029,0.015,-0.02,-0.049,-0.083,-0.102,-0.083,-0.073
0.158,-0.02,0.005,0.024,0.01,-0.024,0.015,-0.024,-0.049,-0.088,-0.098,-0.083,-0.073
0.16,-0.029,0.01,0.039,0.01,-0.034,0.024,-0.02,-0.054,-0.083,-0.102,-0.083,-0.078
0.162,-0.034,-0.005,0.029,0.02,-0.034,0.01,-0.029,-0.059,-0.093,-0.102,-0.098,-0.078
0.164,-0.034,-0.005,0.029,0.02,-0.034,0.01,-0.02,-0.049,-0.083,-0.098,-0.093,-0.068
0.166,-0.044,-0.005,0.039,0.024,-0.044,0.015,-0.02,-0.054,-0.088,-0.098,-0.088,-0.063
0.168,-0.044,-0.015,0.029,0.029,-0.039,0.005,-0.034,-0.063,-0.098,-0.127,-0.098,-0.078
0.17,-0.039,-0.015,0.024,0.029,-0.034,0.005,-0.029,-0.059,-0.098,-0.122,-0.093,-0.068
0.172,-0.039,-0.01,0.029,0.024,-0.034,0.01,-0.029,-0.059,-0.098,-0.122,-0.088,-0.068
0.174,-0.029,0.0,0.029,0.015,-0.029,0.015,-0.02,-0.054,-0.088,-0.112,-0.088,-0.068
0.176,-0.049,-0.01,0.039,0.029,-0.044,0.015,-0.02,-0.049,-0.083,-0.112,-0.093,-0.068
0.178,-0.039,-0.015,0.024,0.029,-0.034,0.005,-0.02,-0.049,-0.093,-0.112,-0.088,-0.063
0.18,-0.024,0.005,0.029,0.01,-0.029,0.015,-0.02,-0.049,-0.088,-0.112,-0.083,-0.063
0.182,-0.024,0.005,0.029,0.01,-0.029,0.015,-0.02,-0.049,-0.088,-0.107,-0.083,-0.073
0.184,-0.034,-0.005,0.029,0.02,-0.034,0.01,-0.015,-0.044,-0.088,-0.102,-0.078,-0.073
0.186,-0.029,-0.005,0.024,0.02,-0.029,0.01,-0.02,-0.054,-0.093,-0.102,-0.088,-0.073
0.188,-0.039,-0.01,0.029,0.024,-0.034,0.01,-0.024,-0.063,-0.098,-0.107,-0.093,-0.088
0.19,-0.044,-0.02,0.024,0.034,-0.034,0.0,-0.024,-0.063,-0.098,-0.117,-0.102,-0.088
0.192,-0.044,-0.02,0.024,0.034,-0.034,0.0,-0.024,-0.059,-0.098,-0.122,-0.102,-0.088
0.194,-0.039,-0.01,0.029,0.024,-0.034,0.01,-0.015,-0.059,-0.093,-0.117,-0.098,-0.088
0.196,-0.029,0.0,0.029,0.015,-0.029,0.015,-0.005,-0.049,-0.083,-0.107,-0.098,-0.083
0.198,-0.049,-0.015,0.034,0.034,-0.044,0.01,-0.01,-0.049,-0.088,-0.107,-0.098,-0.078
0.2,-0.034,-0.01,0.024,0.024,-0.029,0.005,-0.01,-0.049,-0.093,-0.112,-0.102,-0.078
0.202,-0.029,-0.005,0.024,0.02,-0.029,0.01,-0.015,-0.049,-0.088,-0.112,-0.107,-0.083
0.204,-0.029,0.0,0.029,0.015,-0.029,0.015,-0.01,-0.044,-0.083,-0.107,-0.098,-0.068
0.206,-0.029,0.0,0.029,0.015,-0.029,0.015,-0.005,-0.049,-0.088,-0.112,-0.093,-0.063
0.208,-0.039,-0.01,0.029,0.024,-0.034,0.01,-0.015,-0.054,-0.093,-0.112,-0.098,-0.073
0.21,-0.029,-0.005,0.024,0.02,-0.029,0.01,-0.02,-0.059,-0.098,-0.112,-0.093,-0.073
0.212,-0.024,0.0,0.024,0.015,-0.024,0.01,-0.015,-0.054,-0.098,-0.112,-0.098,-0.068
0.214,-0.015,0.005,0.02,0.005,-0.02,0.01,-0.015,-0.044,-0.098,-0.117,-0.098,-0.073
0.216,-0.015,0.005,0.02,0.005,-0.02,0.01,-0.005,-0.049,-0.098,-0.112,-0.102,-0.078
0.218,-0.029,-0.015,0.015,0.024,-0.024,0.0,-0.005,-0.049,-0.093,-0.112,-0.102,-0.078
0.22,-0.044,-0.024,0.02,0.034,-0.034,-0.005,-0.005,-0.054,-0.098,-0.117,-0.102,-0.078
0.222,-0.029,-0.01,0.02,0.02,-0.024,0.005,0.0,-0.049,-0.088,-0.112,-0.098,-0.078
0.224,-0.034,-0.015,0.02,0.024,-0.029,0.0,-0.005,-0.049,-0.098,-0.117,-0.102,-0.083
0.226,-0.02,-0.01,0.01,0.015,-0.015,0.0,-0.01,-0.059,-0.102,-0.117,-0.107,-0.078
0.228,-0.02,-0.005,0.015,0.015,-0.02,0.005,-0.01,-0.054,-0.098,-0.117,-0.107,-0.078
0.23,-0.039,-0.024,0.015,0.034,-0.029,-0.005,-0.015,-0.063,-0.107,-0.127,-0.112,-0.088
0.232,-0.044,-0.029,0.015,0.039,-0.029,-0.01,-0.01,-0.059,-0.102,-0.117,-0.102,-0.083
0.234,-0.039,-0.015,0.024,0.029,-0.034,0.005,-0.01,-0.059,-0.098,-0.117,-0.102,-0.078
0.236,-0.044,-0.024,0.02,0.034,-0.034,-0.005,-0.005,-0.059,-0.098,-0.122,-0.102,-0.083
0.238,-0.034,-0.024,0.01,0.029,-0.024,-0.01,-0.005,-0.059,-0.102,-0.122,-0.112,-0.083
0.24,-0.015,0.005,0.02,0.005,-0.02,0.01,0.01,-0.049,-0.088,-0.112,-0.098,-0.073
0.242,-0.024,-0.01,0.015,0.02,-0.02,0.0,0.005,-0.054,-0.093,-0.112,-0.102,-0.078
0.244,-0.029,-0.01,0.02,0.02,-0.024,0.005,0.01,-0.044,-0.083,-0.107,-0.102,-0.078
0.246,-0.029,-0.015,0.015,0.024,-0.024,0.0,0.01,-0.049,-0.098,-0.117,-0.102,-0.078
0.248,-0.015,0.0,0.015,0.01,-0.015,0.005,0.01,-0.049,-0.098,-0.117,-0.102,-0.073
0.25,-0.015,0.005,0.02,0.005,-0.02,0.01,0.015,-0.049,-0.098,-0.112,-0.107,-0.068
0.252,-0.01,0.005,0.015,0.005,-0.015,0.01,0.01,-0.049,-0.093,-0.117,-0.107,-0.078
0.254,-0.01,0.015,0.024,0.0,-0.02,0.02,0.005,-0.044,-0.093,-0.117,-0.112,-0.073
0.256,-0.024,0.005,0.029,0.01,-0.029,0.015,0.015,-0.044,-0.088,-0.117,-0.107,-0.073
0.258,-0.034,0.0,0.034,0.02,-0.034,0.015,0.02,-0.049,-0.088,-0.122,-0.102,-0.068
0.26,-0.029,0.01,0.039,0.01,-0.034,0.024,0.034,-0.039,-0.078,-0.107,-0.088,-0.059
0.262,-0.024,0.029,0.054,0.0,-0.039,0.039,0.044,-0.029,-0.068,-0.102,-0.088,-0.054
0.264,-0.02,0.049,0.068,-0.015,-0.044,0.059,0.063,-0.01,-0.049,-0.083,-0.068,-0.039
0.266,-0.02,0.059,0.078,-0.02,-0.049,0.068,0.073,-0.005,-0.044,-0.073,-0.068,-0.039
0.268,-0.024,0.054,0.078,-0.015,-0.054,0.063,0.073,0.01,-0.029,-0.068,-0.068,-0.039
0.27,-0.005,0.059,0.063,-0.024,-0.034,0.059,0.088,0.02,-0.024,-0.054,-0.059,-0.034
0.272,0.005,0.054,0.049,-0.029,-0.024,0.049,0.088,0.034,-0.024,-0.054,-0.059,-0.034
0.274,-0.01,0.049,0.059,-0.02,-0.034,0.054,0.083,0.029,-0.02,-0.059,-0.059,-0.034
0.276,-0.005,0.059,0.063,-0.024,-0.034,0.059,0.093,0.034,-0.015,-0.049,-0.054,-0.029
0.278,-0.01,0.059,0.068,-0.024,-0.039,0.063,0.098,0.044,-0.01,-0.044,-0.049,-0.034
0.28,0.01,0.054,0.044,-0.029,-0.02,0.049,0.102,0.044,-0.005,-0.039,-0.049,-0.034
0.282,0.02,0.059,0.039,-0.039,-0.01,0.049,0.093,0.039,-0.01,-0.049,-0.054,-0.034
0.284,0.029,0.059,0.029,-0.044,0.0,0.044,0.093,0.044,-0.005,-0.039,-0.044,-0.02
0.286,0.034,0.063,0.029,-0.049,0.0,0.044,0.088,0.044,0.0,-0.039,-0.044,-0.015
0.288,0.015,0.068,0.054,-0.039,-0.02,0.059,0.098,0.054,0.005,-0.029,-0.039,-0.015
0.29,0.0,0.073,0.073,-0.034,-0.039,0.073,0.112,0.063,0.015,-0.029,-0.029,-0.01
0.292,0.02,0.078,0.059,-0.049,-0.02,0.068,0.102,0.063,0.015,-0.029,-0.034,-0.015
0.294,0.02,0.073,0.054,-0.044,-0.02,0.063,0.093,0.063,0.015,-0.034,-0.034,-0.02
0.296,0.024,0.078,0.054,-0.049,-0.015,0.063,0.083,0.054,0.01,-0.034,-0.034,-0.02
0.298,0.02,0.068,0.049,-0.044,-0.015,0.059,0.068,0.044,0.005,-0.039,-0.044,-0.02
0.3,0.015,0.073,0.059,-0.044,-0.024,0.063,0.054,0.044,-0.005,-0.044,-0.039,-0.02
0.302,0.044,0.088,0.044,-0.063,0.0,0.063,0.054,0.039,0.0,-0.034,-0.034,-0.01
0.304,0.029,0.073,0.044,-0.049,-0.01,0.059,0.044,0.029,-0.005,-0.049,-0.039,-0.01
0.306,0.024,0.068,0.044,-0.044,-0.01,0.054,0.029,0.015,-0.024,-0.059,-0.049,-0.015
0.308,0.029,0.068,0.039,-0.049,-0.005,0.054,0.015,-0.005,-0.034,-0.063,-0.054,-0.015
0.31,0.034,0.073,0.039,-0.054,-0.005,0.054,-0.01,-0.029,-0.054,-0.078,-0.068,-0.024
0.312,0.049,0.083,0.034,-0.063,0.005,0.059,-0.02,-0.039,-0.059,-0.083,-0.063,-0.02
0.314,0.024,0.063,0.039,-0.044,-0.01,0.049,-0.015,-0.044,-0.054,-0.078,-0.063,-0.015
0.316,0.0,0.049,0.049,-0.024,-0.024,0.049,-0.024,-0.049,-0.063,-0.093,-0.068,-0.015
0.318,0.02,0.068,0.049,-0.044,-0.015,0.059,-0.01,-0.049,-0.059,-0.083,-0.063,-0.015
0.32,0.02,0.063,0.044,-0.039,-0.015,0.054,-0.005,-0.049,-0.059,-0.083,-0.059,-0.015
0.322,-0.005,0.049,0.054,-0.02,-0.029,0.049,-0.015,-0.063,-0.073,-0.098,-0.073,-0.024
0.324,-0.015,0.034,0.049,-0.01,-0.034,0.039,-0.015,-0.073,-0.088,-0.102,-0.078,-0.034
0.326,-0.005,0.024,0.029,-0.01,-0.02,0.024,-0.029,-0.078,-0.098,-0.107,-0.088,-0.039
0.328,0.015,0.02,0.005,-0.015,0.005,0.01,-0.024,-0.088,-0.102,-0.117,-0.088,-0.044
0.33,0.005,0.015,0.01,-0.01,-0.005,0.01,-0.015,-0.083,-0.102,-0.127,-0.093,-0.044
0.332,0.0,0.01,0.01,-0.005,-0.005,0.01,-0.015,-0.083,-0.107,-0.127,-0.093,-0.044
0.334,0.01,0.015,0.005,-0.01,0.0,0.01,-0.01,-0.083,-0.112,-0.122,-0.093,-0.044
0.336,0.01,0.005,-0.005,-0.005,0.005,0.0,-0.005,-0.073,-0.107,-0.117,-0.098,-0.049
0.338,0.01,0.0,-0.01,-0.005,0.01,-0.005,-0.01,-0.078,-0.102,-0.127,-0.098,-0.054
0.34,0.01,-0.005,-0.015,0.0,0.01,-0.01,-0.005,-0.073,-0.098,-0.132,-0.102,-0.054
0.342,0.0,-0.02,-0.02,0.01,0.01,-0.02,-0.01,-0.073,-0.107,-0.132,-0.107,-0.059
0.344,-0.005,-0.024,-0.02,0.015,0.005,-0.024,-0.005,-0.073,-0.102,-0.127,-0.098,-0.049
0.346,0.005,-0.015,-0.02,0.005,0.01,-0.02,-0.005,-0.068,-0.102,-0.122,-0.093,-0.049
0.348,0.0,-0.015,-0.015,0.01,0.005,-0.015,-0.005,-0.063,-0.098,-0.117,-0.088,-0.044
0.35,0.0,0.0,0.0,0.0,0.0,0.0,0.0,-0.059,-0.083,-0.102,-0.078,-0.034
0.352,0.01,0.01,0.0,-0.01,0.005,0.005,0.0,-0.059,-0.083,-0.107,-0.078,-0.034
0.354,0.005,0.01,0.005,-0.005,0.0,0.005,0.005,-0.063,-0.083,-0.107,-0.073,-0.029
0.356,0.005,0.01,0.005,-0.005,0.0,0.005,0.01,-0.059,-0.083,-0.107,-0.078,-0.029
0.358,-0.015,-0.005,0.01,0.01,-0.015,0.0,0.01,-0.068,-0.093,-0.132,-0.093,-0.049
0.36,-0.02,-0.02,0.0,0.02,-0.01,-0.01,0.02,-0.073,-0.107,-0.137,-0.112,-0.068
0.362,-0.029,-0.044,-0.015,0.039,-0.01,-0.029,0.024,-0.078,-0.117,-0.151,-0.132,-0.088
0.364,-0.034,-0.059,-0.024,0.049,-0.005,-0.044,0.024,-0.083,-0.122,-0.166,-0.137,-0.098
0.366,-0.044,-0.059,-0.015,0.054,-0.015,-0.039,0.024,-0.088,-0.127,-0.171,-0.151,-0.102
0.368,-0.068,-0.083,-0.015,0.078,-0.029,-0.049,0.02,-0.093,-0.132,-0.171,-0.156,-0.117
0.37,-0.059,-0.068,-0.01,0.063,-0.024,-0.039,0.02,-0.093,-0.137,-0.176,-0.151,-0.107
0.372,-0.063,-0.068,-0.005,0.068,-0.029,-0.039,0.015,-0.098,-0.146,-0.181,-0.156,-0.117
0.374,-0.063,-0.068,-0.005,0.068,-0.029,-0.039,0.01,-0.107,-0.151,-0.185,-0.161,-0.117
0.376,-0.049,-0.059,-0.01,0.054,-0.02,-0.034,0.015,-0.098,-0.146,-0.181,-0.156,-0.107
0.378,-0.034,-0.059,-0.024,0.049,-0.005,-0.044,0.015,-0.107,-0.156,-0.19,-0.161,-0.102
0.38,-0.034,-0.049,-0.015,0.044,-0.01,-0.034,0.024,-0.107,-0.146,-0.181,-0.161,-0.098
0.382,-0.039,-0.044,-0.005,0.044,-0.02,-0.024,0.029,-0.102,-0.142,-0.185,-0.161,-0.098
0.384,-0.054,-0.059,-0.005,0.059,-0.024,-0.034,0.029,-0.107,-0.142,-0.19,-0.166,-0.102
0.386,-0.049,-0.059,-0.01,0.054,-0.02,-0.034,0.029,-0.107,-0.142,-0.19,-0.166,-0.102
0.388,-0.054,-0.059,-0.005,0.059,-0.024,-0.034,0.039,-0.102,-0.146,-0.19,-0.166,-0.107
0.39,-0.073,-0.078,-0.005,0.078,-0.034,-0.044,0.039,-0.107,-0.151,-0.195,-0.166,-0.107
0.392,-0.063,-0.063,0.0,0.063,-0.034,-0.034,0.039,-0.107,-0.151,-0.195,-0.166,-0.107
0.394,-0.054,-0.049,0.005,0.054,-0.029,-0.024,0.039,-0.107,-0.146,-0.19,-0.166,-0.112
0.396,-0.059,-0.063,-0.005,0.063,-0.029,-0.034,0.034,-0.102,-0.151,-0.195,-0.161,-0.107
0.398,-0.059,-0.068,-0.01,0.063,-0.024,-0.039,0.039,-0.102,-0.151,-0.19,-0.166,-0.117
0.4,-0.049,-0.054,-0.005,0.054,-0.024,-0.029,0.039,-0.102,-0.146,-0.195,-0.171,-0.107
0.402,-0.024,-0.039,-0.015,0.034,-0.005,-0.029,0.044,-0.088,-0.137,-0.185,-0.161,-0.102
0.404,-0.044,-0.059,-0.015,0.054,-0.015,-0.039,0.044,-0.093,-0.137,-0.185,-0.161,-0.102
0.406,-0.068,-0.083,-0.015,0.078,-0.029,-0.049,0.029,-0.107,-0.142,-0.19,-0.171,-0.112
0.408,-0.073,-0.088,-0.015,0.083,-0.029,-0.054,0.034,-0.107,-0.142,-0.185,-0.171,-0.112
0.41,-0.044,-0.063,-0.02,0.054,-0.015,-0.044,0.039,-0.098,-0.137,-0.185,-0.161,-0.102
0.412,-0.029,-0.054,-0.024,0.044,-0.005,-0.039,0.044,-0.098,-0.137,-0.19,-0.166,-0.107
0.414,-0.049,-0.073,-0.024,0.063,-0.015,-0.049,0.044,-0.102,-0.146,-0.195,-0.181,-0.122
0.416,-0.054,-0.078,-0.024,0.068,-0.015,-0.054,0.044,-0.093,-0.146,-0.2,-0.176,-0.122
0.418,-0.068,-0.088,-0.02,0.078,-0.024,-0.054,0.063,-0.078,-0.137,-0.195,-0.176,-0.127
0.42,-0.098,-0.102,-0.005,0.102,-0.049,-0.054,0.073,-0.068,-0.137,-0.215,-0.2,-0.142
0.422,-0.093,-0.122,-0.029,0.107,-0.034,-0.078,0.083,-0.068,-0.166,-0.264,-0.244,-0.176
0.424,-0.093,-0.151,-0.059,0.122,-0.02,-0.107,0.112,-0.054,-0.19,-0.317,-0.298,-0.215
0.426,-0.112,-0.171,-0.059,0.142,-0.029,-0.117,0.146,-0.034,-0.205,-0.366,-0.366,-0.268
0.428,-0.142,-0.185,-0.044,0.166,-0.049,-0.117,0.185,-0.01,-0.21,-0.405,-0.415,-0.307
0.43,-0.142,-0.171,-0.029,0.156,-0.059,-0.102,0.234,0.034,-0.19,-0.415,-0.439,-0.327
0.432,-0.146,-0.156,-0.01,0.151,-0.068,-0.083,0.264,0.078,-0.166,-0.425,-0.464,-0.342
0.434,-0.142,-0.132,0.01,0.137,-0.078,-0.063,0.298,0.156,-0.127,-0.425,-0.478,-0.351
0.436,-0.142,-0.117,0.024,0.132,-0.083,-0.049,0.342,0.298,-0.054,-0.4,-0.483,-0.346
0.438,-0.127,-0.068,0.059,0.098,-0.093,-0.005,0.381,0.444,0.034,-0.371,-0.468,-0.327
0.44,-0.117,-0.005,0.112,0.063,-0.117,0.054,0.4,0.493,0.083,-0.351,-0.434,-0.283
0.442,-0.093,0.068,0.161,0.015,-0.127,0.112,0.366,0.464,0.132,-0.288,-0.346,-0.195
0.444,-0.044,0.161,0.205,-0.059,-0.127,0.181,0.307,0.415,0.2,-0.161,-0.185,-0.059
0.446,0.034,0.283,0.249,-0.156,-0.107,0.264,0.205,0.356,0.312,0.024,0.024,0.107
0.448,0.112,0.425,0.312,-0.268,-0.102,0.366,0.068,0.288,0.459,0.293,0.312,0.322
0.45,0.229,0.571,0.342,-0.4,-0.059,0.454,-0.102,0.176,0.615,0.644,0.659,0.581
0.452,0.327,0.703,0.376,-0.512,-0.024,0.537,-0.307,0.054,0.791,1.015,1.025,0.839
0.454,0.395,0.81,0.415,-0.6,-0.01,0.61,-0.483,-0.078,0.966,1.425,1.41,1.103
0.456,0.478,0.932,0.454,-0.703,0.01,0.693,-0.649,-0.239,1.122,1.854,1.791,1.362
0.458,0.537,1.039,0.503,-0.786,0.015,0.771,-0.81,-0.4,1.279,2.259,2.142,1.596
0.46,0.547,1.103,0.556,-0.825,-0.005,0.83,-0.976,-0.556,1.391,2.606,2.435,1.796
0.462,0.581,1.098,0.517,-0.839,0.029,0.805,-1.078,-0.586,1.562,2.948,2.655,1.903
0.464,0.61,0.932,0.322,-0.771,0.142,0.625,-1.137,-0.6,1.601,3.074,2.718,1.874
0.466,0.59,0.727,0.137,-0.659,0.224,0.429,-1.137,-0.712,1.405,2.894,2.572,1.723
0.468,0.522,0.542,0.02,-0.532,0.249,0.278,-1.069,-0.8,1.186,2.674,2.357,1.547
0.47,0.478,0.434,-0.044,-0.454,0.259,0.195,-0.986,-0.815,1.015,2.494,2.167,1.41
0.472,0.42,0.346,-0.073,-0.381,0.244,0.137,-0.937,-0.942,0.698,2.162,1.923,1.259
0.474,0.346,0.224,-0.122,-0.283,0.234,0.049,-0.869,-1.147,0.161,1.581,1.576,1.059
0.476,0.298,0.127,-0.171,-0.21,0.234,-0.024,-0.756,-1.283,-0.41,0.859,1.166,0.83
0.478,0.205,0.024,-0.181,-0.112,0.19,-0.078,-0.595,-1.259,-0.761,0.229,0.698,0.542
0.48,0.102,-0.073,-0.176,-0.015,0.137,-0.127,-0.473,-1.166,-0.898,-0.215,0.283,0.288
0.482,0.044,-0.132,-0.176,0.044,0.107,-0.156,-0.386,-1.069,-0.913,-0.468,-0.005,0.107
0.484,0.0,-0.181,-0.181,0.093,0.088,-0.181,-0.342,-0.971,-0.888,-0.571,-0.2,-0.039
0.486,-0.01,-0.195,-0.185,0.102,0.088,-0.19,-0.298,-0.874,-0.825,-0.576,-0.298,-0.122
0.488,-0.015,-0.185,-0.171,0.102,0.078,-0.181,-0.264,-0.771,-0.732,-0.503,-0.293,-0.142
0.49,-0.029,-0.171,-0.142,0.102,0.054,-0.156,-0.224,-0.654,-0.625,-0.425,-0.254,-0.146
0.492,-0.039,-0.142,-0.102,0.093,0.029,-0.122,-0.181,-0.551,-0.537,-0.356,-0.22,-0.142
0.494,-0.039,-0.112,-0.073,0.078,0.015,-0.093,-0.127,-0.439,-0.444,-0.288,-0.181,-0.112
0.496,-0.049,-0.102,-0.054,0.078,0.0,-0.078,-0.093,-0.361,-0.376,-0.249,-0.161,-0.102
0.498,-0.039,-0.083,-0.044,0.063,0.0,-0.063,-0.054,-0.278,-0.317,-0.215,-0.142,-0.102
0.5,-0.044,-0.068,-0.024,0.059,-0.01,-0.049,-0.034,-0.224,-0.283,-0.2,-0.146,-0.102
0.502,-0.059,-0.063,-0.005,0.063,-0.029,-0.034,-0.015,-0.195,-0.259,-0.195,-0.142,-0.098
0.504,-0.054,-0.044,0.01,0.049,-0.034,-0.02,-0.01,-0.171,-0.234,-0.19,-0.137,-0.093
0.506,-0.063,-0.034,0.029,0.049,-0.049,-0.005,0.01,-0.151,-0.224,-0.19,-0.132,-0.083
0.508,-0.054,-0.02,0.034,0.039,-0.044,0.005,0.029,-0.151,-0.21,-0.2,-0.142,-0.078
0.51,-0.054,-0.034,0.02,0.044,-0.039,-0.01,0.039,-0.132,-0.2,-0.2,-0.142,-0.078
0.512,-0.063,-0.059,0.005,0.063,-0.034,-0.029,0.039,-0.122,-0.205,-0.215,-0.151,-0.098
0.514,-0.068,-0.073,-0.005,0.073,-0.034,-0.039,0.044,-0.112,-0.2,-0.21,-0.156,-0.098
0.516,-0.078,-0.083,-0.005,0.083,-0.039,-0.044,0.049,-0.098,-0.195,-0.22,-0.161,-0.102
0.518,-0.073,-0.088,-0.015,0.083,-0.029,-0.054,0.054,-0.083,-0.19,-0.22,-0.166,-0.112
0.52,-0.059,-0.068,-0.01,0.063,-0.024,-0.039,0.068,-0.063,-0.181,-0.22,-0.171,-0.117
0.522,-0.054,-0.059,-0.005,0.059,-0.024,-0.034,0.073,-0.068,-0.176,-0.22,-0.181,-0.117
0.524,-0.049,-0.063,-0.015,0.059,-0.02,-0.039,0.068,-0.063,-0.176,-0.229,-0.185,-0.122
0.526,-0.049,-0.049,0.0,0.049,-0.024,-0.024,0.078,-0.054,-0.156,-0.215,-0.185,-0.117
0.528,-0.083,-0.059,0.024,0.073,-0.054,-0.02,0.078,-0.054,-0.151,-0.215,-0.176,-0.112
0.53,-0.073,-0.054,0.02,0.063,-0.049,-0.02,0.088,-0.044,-0.146,-0.205,-0.176,-0.102
0.532,-0.063,-0.059,0.005,0.063,-0.034,-0.029,0.088,-0.049,-0.156,-0.21,-0.171,-0.107
0.534,-0.054,-0.063,-0.01,0.059,-0.024,-0.039,0.083,-0.049,-0.161,-0.22,-0.171,-0.107
0.536,-0.059,-0.073,-0.015,0.068,-0.024,-0.044,0.083,-0.039,-0.151,-0.22,-0.171,-0.107
0.538,-0.083,-0.093,-0.01,0.088,-0.039,-0.054,0.083,-0.034,-0.156,-0.22,-0.181,-0.122
0.54,-0.078,-0.083,-0.005,0.083,-0.039,-0.044,0.088,-0.024,-0.146,-0.22,-0.185,-0.122
0.542,-0.073,-0.078,-0.005,0.078,-0.034,-0.044,0.083,-0.024,-0.142,-0.22,-0.19,-0.117
0.544,-0.083,-0.068,0.015,0.078,-0.049,-0.029,0.088,-0.02,-0.137,-0.22,-0.181,-0.112
0.546,-0.059,-0.054,0.005,0.059,-0.034,-0.024,0.088,-0.024,-0.132,-0.215,-0.181,-0.117
0.548,-0.049,-0.044,0.005,0.049,-0.029,-0.02,0.088,-0.029,-0.122,-0.21,-0.171,-0.112
0.55,-0.054,-0.054,0.0,0.054,-0.029,-0.029,0.088,-0.029,-0.122,-0.21,-0.176,-0.107
0.552,-0.063,-0.063,0.0,0.063,-0.034,-0.034,0.088,-0.029,-0.127,-0.205,-0.171,-0.112
0.554,-0.068,-0.068,0.0,0.068,-0.034,-0.034,0.088,-0.029,-0.127,-0.205,-0.181,-0.112
0.556,-0.059,-0.068,-0.01,0.063,-0.024,-0.039,0.093,-0.02,-0.127,-0.205,-0.176,-0.107
0.558,-0.054,-0.054,0.0,0.054,-0.029,-0.029,0.093,-0.005,-0.122,-0.2,-0.166,-0.112
0.56,-0.054,-0.063,-0.01,0.059,-0.024,-0.039,0.083,-0.015,-0.127,-0.205,-0.176,-0.127
0.562,-0.059,-0.063,-0.005,0.063,-0.029,-0.034,0.083,-0.01,-0.117,-0.205,-0.171,-0.117
0.564,-0.063,-0.063,0.0,0.063,-0.034,-0.034,0.083,-0.01,-0.122,-0.205,-0.171,-0.122
0.566,-0.068,-0.063,0.005,0.068,-0.039,-0.029,0.088,-0.02,-0.122,-0.205,-0.181,-0.127
0.568,-0.054,-0.049,0.005,0.054,-0.029,-0.024,0.088,-0.02,-0.112,-0.205,-0.181,-0.117
0.57,-0.059,-0.054,0.005,0.059,-0.034,-0.024,0.093,-0.01,-0.102,-0.195,-0.171,-0.107
0.572,-0.054,-0.054,0.0,0.054,-0.029,-0.029,0.093,-0.01,-0.102,-0.185,-0.161,-0.112
0.574,-0.054,-0.063,-0.01,0.059,-0.024,-0.039,0.088,-0.01,-0.102,-0.185,-0.166,-0.107
0.576,-0.059,-0.073,-0.015,0.068,-0.024,-0.044,0.078,-0.01,-0.112,-0.195,-0.166,-0.117
0.578,-0.063,-0.078,-0.015,0.073,-0.024,-0.049,0.088,0.0,-0.112,-0.195,-0.176,-0.122
0.58,-0.083,-0.088,-0.005,0.088,-0.039,-0.049,0.083,0.0,-0.112,-0.195,-0.171,-0.132
0.582,-0.078,-0.098,-0.02,0.088,-0.029,-0.059,0.078,-0.01,-0.117,-0.215,-0.185,-0.137
0.584,-0.049,-0.068,-0.02,0.059,-0.015,-0.044,0.083,0.0,-0.102,-0.205,-0.181,-0.127
0.586,-0.044,-0.044,0.0,0.044,-0.024,-0.024,0.088,0.01,-0.093,-0.185,-0.176,-0.122
0.588,-0.049,-0.049,0.0,0.049,-0.024,-0.024,0.088,0.005,-0.093,-0.181,-0.161,-0.112
0.59,-0.054,-0.049,0.005,0.054,-0.029,-0.024,0.098,0.02,-0.078,-0.171,-0.151,-0.102
0.592,-0.054,-0.059,-0.005,0.059,-0.024,-0.034,0.083,0.0,-0.102,-0.185,-0.166,-0.112
0.594,-0.049,-0.054,-0.005,0.054,-0.024,-0.029,0.088,0.01,-0.093,-0.181,-0.151,-0.098
0.596,-0.044,-0.054,-0.01,0.049,-0.02,-0.034,0.088,0.015,-0.088,-0.181,-0.151,-0.098
0.598,-0.054,-0.059,-0.005,0.059,-0.024,-0.034,0.088,0.02,-0.093,-0.181,-0.161,-0.107
0.6,-0.059,-0.063,-0.005,0.063,-0.029,-0.034,0.083,0.029,-0.093,-0.181,-0.161,-0.107
0.602,-0.063,-0.068,-0.005,0.068,-0.029,-0.039,0.078,0.029,-0.083,-0.181,-0.151,-0.112
0.604,-0.059,-0.054,0.005,0.059,-0.034,-0.024,0.083,0.034,-0.078,-0.176,-0.151,-0.112
0.606,-0.068,-0.063,0.005,0.068,-0.039,-0.029,0.083,0.029,-0.078,-0.171,-0.151,-0.117
0.608,-0.063,-0.068,-0.005,0.068,-0.029,-0.039,0.083,0.024,-0.073,-0.171,-0.156,-0.112
0.61,-0.049,-0.068,-0.02,0.059,-0.015,-0.044,0.088,0.029,-0.063,-0.171,-0.146,-0.107
0.612,-0.049,-0.068,-0.02,0.059,-0.015,-0.044,0.078,0.029,-0.073,-0.171,-0.151,-0.112
0.614,-0.039,-0.054,-0.015,0.049,-0.015,-0.034,0.083,0.039,-0.063,-0.166,-0.146,-0.102
0.616,-0.044,-0.054,-0.01,0.049,-0.02,-0.034,0.088,0.054,-0.059,-0.156,-0.137,-0.098
0.618,-0.054,-0.063,-0.01,0.059,-0.024,-0.039,0.078,0.049,-0.063,-0.161,-0.146,-0.107
0.62,-0.054,-0.063,-0.01,0.059,-0.024,-0.039,0.068,0.049,-0.073,-0.161,-0.151,-0.112
0.622,-0.068,-0.078,-0.01,0.073,-0.029,-0.044,0.068,0.039,-0.078,-0.171,-0.151,-0.107
0.624,-0.059,-0.073,-0.015,0.068,-0.024,-0.044,0.068,0.039,-0.078,-0.171,-0.151,-0.107
0.626,-0.044,-0.063,-0.02,0.054,-0.015,-0.044,0.073,0.039,-0.068,-0.166,-0.142,-0.107
0.628,-0.034,-0.063,-0.029,0.049,-0.005,-0.049,0.068,0.029,-0.068,-0.166,-0.146,-0.112
0.63,-0.039,-0.063,-0.024,0.054,-0.01,-0.044,0.073,0.029,-0.068,-0.161,-0.146,-0.107
0.632,-0.049,-0.059,-0.01,0.054,-0.02,-0.034,0.083,0.044,-0.063,-0.151,-0.146,-0.102
0.634,-0.054,-0.063,-0.01,0.059,-0.024,-0.039,0.078,0.034,-0.068,-0.166,-0.151,-0.098
0.636,-0.054,-0.068,-0.015,0.063,-0.02,-0.044,0.078,0.044,-0.059,-0.156,-0.142,-0.098
0.638,-0.068,-0.073,-0.005,0.073,-0.034,-0.039,0.083,0.059,-0.054,-0.146,-0.137,-0.098
0.64,-0.063,-0.073,-0.01,0.068,-0.029,-0.044,0.073,0.054,-0.063,-0.161,-0.142,-0.102
0.642,-0.054,-0.073,-0.02,0.063,-0.02,-0.049,0.073,0.059,-0.054,-0.161,-0.137,-0.098
0.644,-0.054,-0.073,-0.02,0.063,-0.02,-0.049,0.068,0.054,-0.059,-0.156,-0.142,-0.102
0.646,-0.054,-0.068,-0.015,0.063,-0.02,-0.044,0.068,0.049,-0.054,-0.146,-0.137,-0.102
0.648,-0.054,-0.078,-0.024,0.068,-0.015,-0.054,0.068,0.044,-0.049,-0.142,-0.132,-0.098
0.65,-0.063,-0.088,-0.024,0.078,-0.02,-0.059,0.068,0.044,-0.049,-0.142,-0.137,-0.102
0.652,-0.049,-0.078,-0.029,0.063,-0.01,-0.054,0.068,0.044,-0.049,-0.137,-0.137,-0.102
0.654,-0.039,-0.068,-0.029,0.054,-0.005,-0.049,0.073,0.054,-0.044,-0.132,-0.127,-0.098
0.656,-0.029,-0.063,-0.034,0.049,0.0,-0.049,0.073,0.063,-0.039,-0.127,-0.122,-0.093
0.658,-0.024,-0.059,-0.034,0.044,0.005,-0.049,0.073,0.078,-0.034,-0.127,-0.122,-0.093
0.66,-0.034,-0.068,-0.034,0.054,0.0,-0.054,0.063,0.068,-0.029,-0.127,-0.122,-0.098
0.662,-0.034,-0.073,-0.039,0.054,0.0,-0.059,0.059,0.068,-0.029,-0.132,-0.127,-0.102
0.664,-0.034,-0.068,-0.034,0.054,0.0,-0.054,0.063,0.083,-0.02,-0.122,-0.122,-0.093
0.666,-0.044,-0.073,-0.029,0.059,-0.01,-0.054,0.068,0.078,-0.015,-0.117,-0.117,-0.093
0.668,-0.029,-0.063,-0.034,0.049,0.0,-0.049,0.063,0.078,-0.015,-0.112,-0.112,-0.088
0.67,-0.034,-0.068,-0.034,0.054,0.0,-0.054,0.063,0.083,-0.005,-0.107,-0.107,-0.083
0.672,-0.054,-0.073,-0.02,0.063,-0.02,-0.049,0.059,0.083,-0.015,-0.098,-0.107,-0.083
0.674,-0.054,-0.073,-0.02,0.063,-0.02,-0.049,0.063,0.083,-0.015,-0.098,-0.102,-0.078
0.676,-0.044,-0.078,-0.034,0.063,-0.005,-0.059,0.063,0.088,-0.01,-0.093,-0.102,-0.078
0.678,-0.005,-0.039,-0.034,0.024,0.015,-0.039,0.073,0.107,-0.005,-0.078,-0.088,-0.078
0.68,-0.015,-0.059,-0.044,0.039,0.015,-0.054,0.059,0.098,-0.01,-0.093,-0.098,-0.088
0.682,-0.015,-0.063,-0.049,0.039,0.015,-0.059,0.054,0.098,0.0,-0.093,-0.093,-0.093
0.684,-0.01,-0.044,-0.034,0.029,0.01,-0.039,0.059,0.112,0.01,-0.078,-0.083,-0.083
0.686,-0.029,-0.054,-0.024,0.044,-0.005,-0.039,0.063,0.112,0.02,-0.063,-0.073,-0.078
0.688,-0.034,-0.059,-0.024,0.049,-0.005,-0.044,0.054,0.102,0.02,-0.068,-0.073,-0.078
0.69,-0.034,-0.063,-0.029,0.049,-0.005,-0.049,0.059,0.122,0.029,-0.059,-0.068,-0.073
0.692,-0.034,-0.073,-0.039,0.054,0.0,-0.059,0.054,0.122,0.034,-0.049,-0.063,-0.068
0.694,-0.02,-0.063,-0.044,0.044,0.01,-0.054,0.059,0.132,0.044,-0.044,-0.054,-0.059
0.696,-0.02,-0.063,-0.044,0.044,0.01,-0.054,0.054,0.137,0.044,-0.044,-0.059,-0.063
0.698,-0.049,-0.093,-0.044,0.073,-0.005,-0.068,0.044,0.137,0.034,-0.049,-0.059,-0.068
0.7,-0.024,-0.063,-0.039,0.044,0.005,-0.054,0.044,0.146,0.044,-0.039,-0.049,-0.054
0.702,-0.01,-0.039,-0.029,0.024,0.01,-0.034,0.054,0.161,0.059,-0.02,-0.044,-0.044
0.704,-0.005,-0.039,-0.034,0.024,0.015,-0.039,0.054,0.166,0.068,-0.01,-0.044,-0.044
0.706,-0.015,-0.044,-0.029,0.029,0.005,-0.039,0.044,0.166,0.068,-0.01,-0.034,-0.034
0.708,-0.02,-0.054,-0.034,0.039,0.005,-0.044,0.039,0.161,0.073,-0.01,-0.029,-0.029
0.71,-0.015,-0.049,-0.034,0.034,0.01,-0.044,0.049,0.171,0.078,0.0,-0.02,-0.029
0.712,-0.024,-0.054,-0.029,0.039,0.0,-0.044,0.044,0.171,0.083,0.015,-0.015,-0.024
0.714,-0.01,-0.044,-0.034,0.029,0.01,-0.039,0.044,0.181,0.088,0.024,0.0,-0.02
0.716,0.01,-0.039,-0.049,0.015,0.029,-0.044,0.054,0.195,0.102,0.034,0.01,-0.015
0.718,0.005,-0.039,-0.044,0.02,0.024,-0.044,0.044,0.2,0.102,0.039,0.015,-0.01
0.72,0.005,-0.039,-0.044,0.02,0.024,-0.044,0.034,0.2,0.107,0.039,0.015,-0.01
0.722,0.015,-0.029,-0.044,0.01,0.029,-0.039,0.039,0.22,0.127,0.054,0.034,0.0
0.724,0.005,-0.029,-0.034,0.015,0.02,-0.034,0.034,0.215,0.137,0.059,0.029,-0.005
0.726,0.01,-0.024,-0.034,0.01,0.02,-0.029,0.039,0.22,0.156,0.078,0.054,0.01
0.728,0.02,-0.02,-0.039,0.0,0.029,-0.029,0.039,0.224,0.166,0.102,0.063,0.02
0.73,0.029,-0.01,-0.039,-0.01,0.034,-0.024,0.044,0.229,0.171,0.112,0.073,0.02
0.732,0.015,-0.02,-0.034,0.005,0.024,-0.029,0.039,0.239,0.176,0.132,0.093,0.024
0.734,0.015,-0.029,-0.044,0.01,0.029,-0.039,0.034,0.254,0.185,0.146,0.093,0.039
0.736,0.034,-0.02,-0.054,-0.005,0.044,-0.039,0.034,0.259,0.195,0.156,0.102,0.044
0.738,0.044,-0.01,-0.054,-0.015,0.049,-0.034,0.034,0.268,0.21,0.171,0.107,0.049
0.74,0.049,-0.01,-0.059,-0.02,0.054,-0.034,0.02,0.264,0.21,0.171,0.107,0.049
0.742,0.068,0.005,-0.063,-0.034,0.063,-0.029,0.015,0.278,0.224,0.185,0.122,0.063
0.744,0.078,0.015,-0.063,-0.044,0.068,-0.024,0.02,0.288,0.239,0.21,0.142,0.073
0.746,0.073,0.024,-0.049,-0.049,0.059,-0.015,0.02,0.293,0.254,0.234,0.156,0.078
0.748,0.068,0.024,-0.044,-0.044,0.054,-0.01,0.024,0.298,0.278,0.254,0.181,0.088
0.75,0.054,0.005,-0.049,-0.029,0.049,-0.024,0.015,0.307,0.283,0.273,0.195,0.093
0.752,0.054,0.01,-0.044,-0.029,0.049,-0.02,0.01,0.307,0.293,0.293,0.215,0.107
0.754,0.078,0.034,-0.044,-0.054,0.059,-0.005,0.02,0.332,0.312,0.327,0.239,0.127
0.756,0.073,0.024,-0.049,-0.049,0.059,-0.015,0.005,0.327,0.317,0.332,0.249,0.127
0.758,0.083,0.029,-0.054,-0.054,0.068,-0.015,0.0,0.342,0.332,0.351,0.259,0.146
0.76,0.107,0.039,-0.068,-0.073,0.088,-0.015,-0.01,0.342,0.342,0.371,0.273,0.151
0.762,0.098,0.039,-0.059,-0.068,0.078,-0.01,-0.01,0.346,0.351,0.386,0.288,0.161
0.764,0.098,0.044,-0.054,-0.068,0.073,-0.005,-0.02,0.346,0.361,0.395,0.288,0.166
0.766,0.093,0.039,-0.054,-0.063,0.073,-0.01,-0.02,0.351,0.376,0.415,0.312,0.176
0.768,0.107,0.034,-0.073,-0.068,0.088,-0.02,-0.029,0.346,0.386,0.434,0.332,0.185
0.77,0.122,0.044,-0.078,-0.083,0.098,-0.02,-0.034,0.356,0.395,0.454,0.346,0.19
0.772,0.132,0.054,-0.078,-0.093,0.102,-0.015,-0.029,0.366,0.415,0.478,0.376,0.21
0.774,0.137,0.059,-0.078,-0.098,0.107,-0.01,-0.034,0.376,0.425,0.498,0.381,0.22
0.776,0.127,0.054,-0.073,-0.088,0.098,-0.01,-0.039,0.381,0.439,0.508,0.4,0.229
0.778,0.137,0.059,-0.078,-0.098,0.107,-0.01,-0.044,0.386,0.439,0.527,0.41,0.234
0.78,0.142,0.059,-0.083,-0.098,0.112,-0.015,-0.063,0.386,0.444,0.532,0.41,0.244
0.782,0.122,0.039,-0.083,-0.078,0.102,-0.024,-0.073,0.376,0.444,0.532,0.425,0.244
0.784,0.117,0.044,-0.073,-0.078,0.093,-0.015,-0.073,0.376,0.454,0.551,0.429,0.259
0.786,0.142,0.078,-0.063,-0.107,0.102,0.005,-0.063,0.386,0.468,0.571,0.464,0.283
0.788,0.166,0.083,-0.083,-0.122,0.122,0.0,-0.068,0.376,0.473,0.576,0.478,0.298
0.79,0.156,0.083,-0.073,-0.117,0.112,0.005,-0.073,0.366,0.464,0.581,0.483,0.293
0.792,0.146,0.063,-0.083,-0.102,0.112,-0.01,-0.083,0.366,0.464,0.595,0.488,0.293
0.794,0.156,0.083,-0.073,-0.117,0.112,0.005,-0.073,0.376,0.483,0.605,0.508,0.307
0.796,0.166,0.088,-0.078,-0.127,0.122,0.005,-0.073,0.381,0.488,0.62,0.517,0.312
0.798,0.161,0.088,-0.073,-0.122,0.117,0.005,-0.078,0.386,0.488,0.62,0.517,0.312
0.8,0.181,0.098,-0.083,-0.137,0.132,0.005,-0.088,0.376,0.488,0.62,0.522,0.317
0.802,0.19,0.098,-0.093,-0.142,0.142,0.0,-0.083,0.381,0.493,0.634,0.537,0.332
0.804,0.185,0.098,-0.088,-0.142,0.137,0.005,-0.093,0.371,0.488,0.639,0.532,0.327
0.806,0.19,0.102,-0.088,-0.146,0.137,0.005,-0.098,0.361,0.488,0.634,0.537,0.327
0.808,0.195,0.107,-0.088,-0.151,0.142,0.01,-0.093,0.356,0.498,0.644,0.542,0.337
0.81,0.181,0.102,-0.078,-0.142,0.127,0.01,-0.093,0.351,0.493,0.639,0.542,0.342
0.812,0.185,0.102,-0.083,-0.142,0.132,0.01,-0.098,0.346,0.483,0.644,0.542,0.337
0.814,0.176,0.093,-0.083,-0.132,0.127,0.005,-0.102,0.337,0.483,0.63,0.542,0.337
0.816,0.185,0.098,-0.088,-0.142,0.137,0.005,-0.102,0.337,0.478,0.63,0.542,0.342
0.818,0.185,0.088,-0.098,-0.137,0.142,-0.005,-0.102,0.332,0.468,0.62,0.532,0.332
0.82,0.171,0.088,-0.083,-0.127,0.127,0.0,-0.112,0.317,0.459,0.605,0.522,0.317
0.822,0.171,0.088,-0.083,-0.127,0.127,0.0,-0.102,0.322,0.459,0.595,0.517,0.327
0.824,0.181,0.107,-0.073,-0.142,0.127,0.015,-0.093,0.312,0.454,0.6,0.512,0.327
0.826,0.19,0.112,-0.078,-0.151,0.132,0.015,-0.093,0.307,0.444,0.586,0.508,0.322
0.828,0.185,0.107,-0.078,-0.146,0.132,0.015,-0.093,0.293,0.439,0.571,0.493,0.317
0.83,0.171,0.088,-0.083,-0.127,0.127,0.0,-0.093,0.283,0.425,0.551,0.483,0.312
0.832,0.171,0.093,-0.078,-0.132,0.122,0.005,-0.093,0.268,0.41,0.542,0.464,0.303
0.834,0.156,0.093,-0.063,-0.122,0.107,0.015,-0.083,0.264,0.405,0.527,0.459,0.303
0.836,0.151,0.078,-0.073,-0.112,0.112,0.0,-0.088,0.259,0.386,0.503,0.439,0.293
0.838,0.156,0.088,-0.068,-0.122,0.112,0.01,-0.093,0.254,0.361,0.483,0.415,0.278
0.84,0.151,0.088,-0.063,-0.117,0.107,0.01,-0.093,0.239,0.351,0.459,0.4,0.268
0.842,0.137,0.078,-0.059,-0.107,0.098,0.01,-0.088,0.229,0.332,0.429,0.381,0.254
0.844,0.122,0.073,-0.049,-0.098,0.083,0.01,-0.083,0.205,0.322,0.41,0.366,0.239
0.846,0.117,0.068,-0.049,-0.093,0.083,0.01,-0.083,0.19,0.303,0.39,0.342,0.229
0.848,0.137,0.088,-0.049,-0.112,0.093,0.02,-0.073,0.185,0.303,0.386,0.342,0.234
0.85,0.122,0.078,-0.044,-0.098,0.083,0.015,-0.068,0.176,0.278,0.366,0.327,0.229
0.852,0.122,0.078,-0.044,-0.098,0.083,0.015,-0.068,0.161,0.264,0.342,0.307,0.22
0.854,0.117,0.073,-0.044,-0.093,0.078,0.015,-0.063,0.151,0.249,0.322,0.293,0.215
0.856,0.102,0.054,-0.049,-0.078,0.073,0.0,-0.073,0.132,0.22,0.293,0.264,0.19
0.858,0.083,0.044,-0.039,-0.063,0.059,0.0,-0.068,0.122,0.195,0.268,0.244,0.176
0.86,0.078,0.044,-0.034,-0.059,0.054,0.005,-0.063,0.117,0.19,0.254,0.234,0.171
0.862,0.073,0.039,-0.034,-0.054,0.054,0.0,-0.059,0.107,0.176,0.229,0.215,0.161
0.864,0.088,0.059,-0.029,-0.073,0.059,0.015,-0.049,0.093,0.171,0.22,0.2,0.151
0.866,0.073,0.059,-0.015,-0.063,0.044,0.02,-0.044,0.088,0.161,0.205,0.185,0.142
0.868,0.059,0.039,-0.02,-0.049,0.039,0.01,-0.049,0.059,0.142,0.181,0.161,0.127
0.87,0.059,0.044,-0.015,-0.049,0.034,0.015,-0.039,0.068,0.132,0.176,0.166,0.127
0.872,0.063,0.049,-0.015,-0.054,0.039,0.015,-0.034,0.063,0.122,0.161,0.151,0.122
0.874,0.073,0.049,-0.024,-0.059,0.049,0.01,-0.029,0.054,0.112,0.146,0.142,0.112
0.876,0.063,0.039,-0.024,-0.049,0.044,0.005,-0.034,0.044,0.088,0.122,0.117,0.093
0.878,0.034,0.015,-0.02,-0.024,0.024,-0.005,-0.039,0.034,0.068,0.102,0.098,0.078
0.88,0.029,0.024,-0.005,-0.024,0.015,0.01,-0.039,0.029,0.063,0.088,0.088,0.068
0.882,0.024,0.015,-0.01,-0.02,0.015,0.0,-0.029,0.024,0.059,0.068,0.078,0.068
0.884,0.044,0.029,-0.015,-0.034,0.029,0.005,-0.029,0.01,0.044,0.054,0.063,0.054
0.886,0.063,0.044,-0.02,-0.054,0.039,0.01,-0.02,0.015,0.044,0.049,0.054,0.059
0.888,0.044,0.024,-0.02,-0.034,0.029,0.0,-0.015,0.005,0.044,0.039,0.039,0.049
0.89,0.034,0.02,-0.015,-0.024,0.024,0.0,-0.005,0.01,0.034,0.029,0.044,0.054
0.892,0.039,0.02,-0.02,-0.029,0.029,0.0,-0.005,0.0,0.02,0.02,0.024,0.044
0.894,0.02,0.005,-0.015,-0.01,0.015,-0.005,0.0,0.0,0.02,0.01,0.02,0.044
0.896,0.02,0.01,-0.01,-0.015,0.015,0.0,-0.005,-0.005,0.005,-0.005,0.005,0.024
0.898,0.01,-0.005,-0.015,0.0,0.01,-0.01,0.0,0.0,-0.005,-0.015,-0.01,0.02
0.9,0.01,-0.005,-0.015,0.0,0.01,-0.01,-0.005,-0.01,-0.02,-0.029,-0.02,0.01
0.902,0.015,0.0,-0.015,-0.005,0.015,-0.01,0.0,-0.005,-0.02,-0.044,-0.024,0.005
0.904,0.005,-0.01,-0.015,0.005,0.01,-0.015,0.005,-0.005,-0.024,-0.044,-0.029,0.0
0.906,-0.01,-0.024,-0.015,0.02,0.0,-0.02,0.005,-0.015,-0.029,-0.059,-0.044,-0.005
0.908,-0.01,-0.015,-0.005,0.015,-0.005,-0.01,0.01,-0.02,-0.034,-0.068,-0.044,-0.005
0.91,-0.01,-0.02,-0.01,0.015,0.0,-0.015,0.015,-0.02,-0.044,-0.073,-0.049,-0.005
0.912,-0.015,-0.02,-0.005,0.02,-0.005,-0.015,0.02,-0.024,-0.044,-0.078,-0.059,-0.01
0.914,-0.015,-0.029,-0.015,0.024,0.0,-0.024,0.02,-0.024,-0.054,-0.088,-0.063,-0.01
0.916,-0.01,-0.02,-0.01,0.015,0.0,-0.015,0.024,-0.02,-0.054,-0.093,-0.063,-0.015
0.918,-0.005,-0.015,-0.01,0.01,0.0,-0.015,0.024,-0.015,-0.063,-0.102,-0.068,-0.024
0.92,-0.015,-0.02,-0.005,0.02,-0.005,-0.015,0.02,-0.015,-0.063,-0.107,-0.078,-0.024
0.922,-0.01,-0.015,-0.005,0.015,-0.005,-0.01,0.029,-0.015,-0.063,-0.112,-0.083,-0.024
0.924,-0.02,-0.02,0.0,0.02,-0.01,-0.01,0.029,-0.01,-0.063,-0.112,-0.088,-0.034
0.926,-0.034,-0.029,0.005,0.034,-0.02,-0.015,0.029,-0.02,-0.073,-0.127,-0.093,-0.034
0.928,-0.024,-0.02,0.005,0.024,-0.015,-0.01,0.029,-0.029,-0.068,-0.137,-0.098,-0.039
0.93,-0.02,-0.015,0.005,0.02,-0.015,-0.005,0.044,-0.015,-0.063,-0.127,-0.083,-0.039
0.932,-0.01,-0.01,0.0,0.01,-0.005,-0.005,0.044,-0.005,-0.059,-0.127,-0.093,-0.044
0.934,0.005,-0.01,-0.015,0.005,0.01,-0.015,0.044,-0.005,-0.059,-0.122,-0.098,-0.049
0.936,-0.01,-0.024,-0.015,0.02,0.0,-0.02,0.039,0.0,-0.063,-0.132,-0.107,-0.059
0.938,-0.034,-0.034,0.0,0.034,-0.02,-0.02,0.044,0.005,-0.063,-0.132,-0.102,-0.059
0.94,-0.034,-0.034,0.0,0.034,-0.02,-0.02,0.039,0.0,-0.063,-0.137,-0.112,-0.068
0.942,-0.049,-0.044,0.005,0.049,-0.029,-0.02,0.044,0.015,-0.059,-0.137,-0.112,-0.063
0.944,-0.015,-0.01,0.005,0.015,-0.01,-0.005,0.054,0.02,-0.054,-0.137,-0.112,-0.054
0.946,-0.015,-0.01,0.005,0.015,-0.01,-0.005,0.054,0.015,-0.059,-0.142,-0.117,-0.059
0.948,-0.02,-0.015,0.005,0.02,-0.015,-0.005,0.049,0.015,-0.054,-0.142,-0.117,-0.063
0.95,-0.02,-0.02,0.0,0.02,-0.01,-0.01,0.049,0.02,-0.054,-0.137,-0.112,-0.063
0.952,-0.029,-0.024,0.005,0.029,-0.02,-0.01,0.054,0.02,-0.054,-0.137,-0.112,-0.063
0.954,-0.02,-0.02,0.0,0.02,-0.01,-0.01,0.059,0.029,-0.044,-0.127,-0.107,-0.059
0.956,-0.029,-0.02,0.01,0.024,-0.02,-0.005,0.063,0.039,-0.034,-0.117,-0.107,-0.059
0.958,-0.034,-0.024,0.01,0.029,-0.024,-0.01,0.059,0.044,-0.039,-0.112,-0.107,-0.059
0.96,-0.029,-0.029,0.0,0.029,-0.015,-0.015,0.054,0.049,-0.029,-0.112,-0.107,-0.063
0.962,-0.024,-0.029,-0.005,0.029,-0.01,-0.02,0.049,0.049,-0.024,-0.107,-0.102,-0.068
0.964,-0.015,-0.024,-0.01,0.02,-0.005,-0.02,0.049,0.044,-0.029,-0.117,-0.107,-0.073
0.966,-0.02,-0.02,0.0,0.02,-0.01,-0.01,0.059,0.049,-0.015,-0.107,-0.098,-0.068
0.968,-0.054,-0.039,0.015,0.049,-0.034,-0.015,0.054,0.044,-0.01,-0.102,-0.098,-0.068
0.97,-0.063,-0.049,0.015,0.059,-0.039,-0.02,0.049,0.049,-0.01,-0.098,-0.098,-0.073
0.972,-0.029,-0.024,0.005,0.029,-0.02,-0.01,0.059,0.054,0.005,-0.088,-0.088,-0.063
0.974,-0.024,-0.015,0.01,0.02,-0.02,-0.005,0.063,0.063,0.01,-0.073,-0.083,-0.063
0.976,-0.029,-0.015,0.015,0.024,-0.024,0.0,0.063,0.068,0.01,-0.068,-0.083,-0.063
0.978,-0.029,-0.015,0.015,0.024,-0.024,0.0,0.059,0.068,0.01,-0.068,-0.088,-0.068
0.98,-0.024,-0.015,0.01,0.02,-0.02,-0.005,0.059,0.073,0.015,-0.063,-0.083,-0.063
0.982,-0.015,-0.005,0.01,0.01,-0.015,0.0,0.059,0.078,0.02,-0.059,-0.088,-0.063
0.984,-0.02,-0.01,0.01,0.015,-0.015,0.0,0.054,0.078,0.02,-0.059,-0.083,-0.063
0.986,-0.024,-0.005,0.02,0.015,-0.024,0.005,0.054,0.073,0.024,-0.054,-0.073,-0.059
0.988,-0.024,-0.01,0.015,0.02,-0.02,0.0,0.054,0.073,0.034,-0.049,-0.068,-0.059
0.99,-0.029,-0.015,0.015,0.024,-0.024,0.0,0.054,0.068,0.029,-0.044,-0.063,-0.059
0.992,-0.024,-0.01,0.015,0.02,-0.02,0.0,0.044,0.068,0.029,-0.044,-0.073,-0.063
0.994,-0.039,-0.02,0.02,0.029,-0.029,0.0,0.044,0.078,0.029,-0.039,-0.068,-0.059
0.996,-0.024,-0.024,0.0,0.024,-0.015,-0.015,0.034,0.068,0.02,-0.039,-0.073,-0.063
0.998,-0.005,-0.015,-0.01,0.01,0.0,-0.015,0.034,0.073,0.02,-0.034,-0.068,-0.059
1.0,-0.015,-0.015,0.0,0.015,-0.01,-0.01,0.034,0.078,0.024,-0.039,-0.063,-0.054
1.002,-0.02,-0.015,0.005,0.02,-0.015,-0.005,0.039,0.083,0.034,-0.029,-0.059,-0.049
1.004,-0.02,-0.015,0.005,0.02,-0.015,-0.005,0.039,0.078,0.034,-0.029,-0.059,-0.049
1.006,-0.039,-0.024,0.015,0.034,-0.029,-0.005,0.039,0.068,0.034,-0.029,-0.054,-0.049
1.008,-0.039,-0.024,0.015,0.034,-0.029,-0.005,0.039,0.068,0.039,-0.034,-0.054,-0.049
1.01,-0.029,-0.015,0.015,0.024,-0.024,0.0,0.049,0.073,0.044,-0.024,-0.039,-0.039
1.012,-0.01,0.005,0.015,0.005,-0.015,0.01,0.049,0.073,0.044,-0.015,-0.039,-0.039
1.014,-0.02,-0.01,0.01,0.015,-0.015,0.0,0.044,0.073,0.044,-0.015,-0.039,-0.034
1.016,-0.054,-0.039,0.015,0.049,-0.034,-0.015,0.029,0.049,0.029,-0.034,-0.059,-0.059
1.018,-0.034,-0.024,0.01,0.029,-0.024,-0.01,0.029,0.054,0.024,-0.024,-0.049,-0.049
1.02,-0.01,0.0,0.01,0.005,-0.01,0.005,0.029,0.059,0.024,-0.029,-0.049,-0.044
1.022,-0.01,-0.01,0.0,0.01,-0.005,-0.005,0.024,0.049,0.024,-0.034,-0.054,-0.044
1.024,-0.01,-0.005,0.005,0.01,-0.01,0.0,0.034,0.049,0.029,-0.024,-0.054,-0.039
1.026,-0.015,-0.01,0.005,0.015,-0.01,-0.005,0.034,0.049,0.029,-0.024,-0.049,-0.044
1.028,-0.024,-0.01,0.015,0.02,-0.02,0.0,0.029,0.034,0.024,-0.029,-0.049,-0.034
1.03,-0.024,-0.01,0.015,0.02,-0.02,0.0,0.034,0.044,0.024,-0.029,-0.044,-0.024
1.032,-0.02,-0.015,0.005,0.02,-0.015,-0.005,0.024,0.034,0.02,-0.034,-0.049,-0.034
1.034,-0.01,-0.02,-0.01,0.015,0.0,-0.015,0.029,0.039,0.02,-0.029,-0.049,-0.029
1.036,-0.034,-0.024,0.01,0.029,-0.024,-0.01,0.024,0.034,0.01,-0.034,-0.044,-0.029
1.038,-0.039,-0.034,0.005,0.039,-0.024,-0.015,0.02,0.024,-0.005,-0.039,-0.044,-0.039
1.04,-0.049,-0.029,0.02,0.039,-0.034,-0.005,0.015,0.029,0.0,-0.044,-0.049,-0.039
1.042,-0.02,-0.02,0.0,0.02,-0.01,-0.01,0.01,0.02,-0.01,-0.049,-0.059,-0.049
1.044,-0.024,-0.01,0.015,0.02,-0.02,0.0,0.015,0.015,-0.01,-0.049,-0.054,-0.049
1.046,-0.034,-0.01,0.024,0.024,-0.029,0.005,0.024,0.02,0.0,-0.044,-0.049,-0.044
1.048,-0.044,-0.015,0.029,0.029,-0.039,0.005,0.01,0.0,-0.015,-0.049,-0.063,-0.049
1.05,-0.034,-0.015,0.02,0.024,-0.029,0.0,0.015,0.005,-0.01,-0.039,-0.054,-0.049
1.052,-0.02,-0.005,0.015,0.015,-0.02,0.005,0.015,0.005,-0.01,-0.039,-0.054,-0.049
1.054,-0.01,0.0,0.01,0.005,-0.01,0.005,0.015,0.005,-0.01,-0.039,-0.049,-0.039
1.056,-0.034,-0.015,0.02,0.024,-0.029,0.0,0.01,0.0,-0.01,-0.044,-0.054,-0.044
1.058,-0.039,-0.015,0.024,0.029,-0.034,0.005,0.01,-0.005,-0.015,-0.049,-0.054,-0.044
1.06,-0.02,0.01,0.029,0.005,-0.024,0.02,0.015,0.0,-0.015,-0.049,-0.044,-0.039
1.062,-0.029,-0.005,0.024,0.02,-0.029,0.01,0.01,-0.005,-0.015,-0.049,-0.049,-0.039
1.064,-0.049,-0.02,0.029,0.034,-0.039,0.005,0.0,-0.02,-0.029,-0.063,-0.063,-0.054
1.066,-0.054,-0.029,0.024,0.044,-0.039,-0.005,0.005,-0.02,-0.029,-0.063,-0.063,-0.054
1.068,-0.044,-0.015,0.029,0.029,-0.039,0.005,0.0,-0.029,-0.029,-0.059,-0.063,-0.049
1.07,-0.049,-0.024,0.024,0.039,-0.039,0.0,0.015,-0.02,-0.024,-0.049,-0.059,-0.039
1.072,-0.034,-0.005,0.029,0.02,-0.034,0.01,0.02,-0.015,-0.02,-0.054,-0.054,-0.034
1.074,-0.024,-0.005,0.02,0.015,-0.024,0.005,0.015,-0.02,-0.034,-0.054,-0.054,-0.034
1.076,-0.029,-0.01,0.02,0.02,-0.024,0.005,0.015,-0.02,-0.029,-0.059,-0.059,-0.044
1.078,-0.034,-0.015,0.02,0.024,-0.029,0.0,0.02,-0.015,-0.024,-0.054,-0.054,-0.044
1.08,-0.034,-0.015,0.02,0.024,-0.029,0.0,0.015,-0.015,-0.029,-0.059,-0.059,-0.044
1.082,-0.034,-0.015,0.02,0.024,-0.029,0.0,0.02,-0.015,-0.029,-0.059,-0.059,-0.044
1.084,-0.034,-0.015,0.02,0.024,-0.029,0.0,0.015,-0.02,-0.034,-0.063,-0.054,-0.049
1.086,-0.029,-0.02,0.01,0.024,-0.02,-0.005,0.01,-0.034,-0.039,-0.059,-0.049,-0.044
1.088,-0.02,-0.015,0.005,0.02,-0.015,-0.005,0.01,-0.034,-0.044,-0.059,-0.049,-0.039
1.09,-0.039,-0.034,0.005,0.039,-0.024,-0.015,0.01,-0.039,-0.044,-0.059,-0.049,-0.034
1.092,-0.034,-0.02,0.015,0.029,-0.024,-0.005,0.01,-0.039,-0.039,-0.059,-0.044,-0.029
1.094,-0.029,-0.01,0.02,0.02,-0.024,0.005,0.01,-0.034,-0.034,-0.049,-0.039,-0.029
1.096,-0.024,-0.005,0.02,0.015,-0.024,0.005,0.005,-0.029,-0.034,-0.054,-0.044,-0.034
1.098,-0.024,-0.005,0.02,0.015,-0.024,0.005,0.01,-0.024,-0.029,-0.049,-0.039,-0.034
1.1,-0.029,-0.015,0.015,0.024,-0.024,0.0,0.01,-0.024,-0.029,-0.054,-0.044,-0.034
1.102,-0.029,-0.024,0.005,0.029,-0.02,-0.01,0.005,-0.029,-0.039,-0.059,-0.049,-0.039
1.104,-0.034,-0.029,0.005,0.034,-0.02,-0.015,0.015,-0.024,-0.029,-0.049,-0.044,-0.034
1.106,-0.044,-0.039,0.005,0.044,-0.024,-0.02,0.005,-0.039,-0.039,-0.059,-0.054,-0.044
1.108,-0.039,-0.024,0.015,0.034,-0.029,-0.005,0.01,-0.039,-0.044,-0.054,-0.049,-0.039
1.11,-0.02,-0.015,0.005,0.02,-0.015,-0.005,0.01,-0.044,-0.044,-0.054,-0.049,-0.039
1.112,-0.034,-0.02,0.015,0.029,-0.024,-0.005,0.005,-0.049,-0.054,-0.063,-0.054,-0.044
1.114,-0.044,-0.02,0.024,0.034,-0.034,0.0,0.005,-0.049,-0.059,-0.063,-0.054,-0.044
1.116,-0.054,-0.02,0.034,0.039,-0.044,0.005,0.005,-0.049,-0.054,-0.073,-0.054,-0.039
1.118,-0.039,-0.005,0.034,0.024,-0.039,0.015,-0.01,-0.054,-0.063,-0.078,-0.059,-0.049
1.12,-0.029,0.0,0.029,0.015,-0.029,0.015,-0.01,-0.039,-0.049,-0.068,-0.054,-0.049
1.122,-0.029,-0.005,0.024,0.02,-0.029,0.01,-0.01,-0.039,-0.044,-0.059,-0.059,-0.049
1.124,-0.029,-0.005,0.024,0.02,-0.029,0.01,-0.005,-0.039,-0.044,-0.059,-0.059,-0.044
1.126,-0.034,-0.005,0.029,0.02,-0.034,0.01,-0.005,-0.049,-0.044,-0.059,-0.054,-0.049
1.128,-0.029,0.0,0.029,0.015,-0.029,0.015,-0.01,-0.054,-0.049,-0.063,-0.054,-0.049
1.13,-0.029,0.0,0.029,0.015,-0.029,0.015,0.0,-0.049,-0.034,-0.054,-0.049,-0.039
1.132,-0.044,-0.01,0.034,0.029,-0.039,0.01,0.0,-0.049,-0.034,-0.049,-0.044,-0.039
1.134,-0.039,-0.02,0.02,0.029,-0.029,0.0,-0.015,-0.044,-0.039,-0.054,-0.049,-0.044
1.136,-0.029,-0.01,0.02,0.02,-0.024,0.005,-0.01,-0.049,-0.044,-0.059,-0.059,-0.044
1.138,-0.049,-0.02,0.029,0.034,-0.039,0.005,-0.005,-0.054,-0.054,-0.063,-0.063,-0.044
1.14,-0.054,-0.01,0.044,0.034,-0.049,0.015,0.0,-0.044,-0.049,-0.059,-0.054,-0.039
1.142,-0.063,-0.02,0.044,0.044,-0.054,0.01,0.005,-0.039,-0.049,-0.054,-0.049,-0.039
1.144,-0.039,-0.01,0.029,0.024,-0.034,0.01,-0.005,-0.049,-0.049,-0.054,-0.054,-0.039
1.146,-0.015,0.015,0.029,0.0,-0.024,0.02,0.01,-0.034,-0.039,-0.044,-0.034,-0.02
1.148,-0.01,0.02,0.029,-0.005,-0.02,0.024,0.005,-0.044,-0.039,-0.049,-0.034,-0.024
1.15,-0.01,0.02,0.029,-0.005,-0.02,0.024,0.0,-0.054,-0.044,-0.054,-0.044,-0.029
1.152,-0.039,0.0,0.039,0.02,-0.039,0.02,0.0,-0.054,-0.049,-0.054,-0.049,-0.034
1.154,-0.054,-0.015,0.039,0.034,-0.049,0.01,0.0,-0.054,-0.054,-0.059,-0.044,-0.039
1.156,-0.044,-0.005,0.039,0.024,-0.044,0.015,-0.005,-0.059,-0.059,-0.054,-0.049,-0.044
1.158,-0.044,-0.01,0.034,0.029,-0.039,0.01,-0.005,-0.059,-0.054,-0.054,-0.044,-0.044
1.16,-0.044,-0.015,0.029,0.029,-0.039,0.005,-0.005,-0.059,-0.059,-0.063,-0.054,-0.049
1.162,-0.034,0.0,0.034,0.02,-0.034,0.015,-0.01,-0.049,-0.049,-0.054,-0.049,-0.039
1.164,-0.044,-0.005,0.039,0.024,-0.044,0.015,-0.015,-0.054,-0.049,-0.054,-0.049,-0.039
1.166,-0.059,-0.02,0.039,0.039,-0.049,0.01,-0.005,-0.049,-0.039,-0.044,-0.044,-0.039
1.168,-0.063,-0.015,0.049,0.039,-0.059,0.015,0.0,-0.049,-0.034,-0.039,-0.039,-0.029
1.17,-0.034,0.005,0.039,0.015,-0.039,0.02,-0.005,-0.049,-0.034,-0.039,-0.034,-0.024
1.172,-0.015,0.02,0.034,0.0,-0.024,0.024,0.005,-0.049,-0.029,-0.029,-0.034,-0.02
1.174,-0.029,0.0,0.029,0.015,-0.029,0.015,-0.01,-0.049,-0.039,-0.034,-0.034,-0.024
1.176,-0.024,0.005,0.029,0.01,-0.029,0.015,-0.01,-0.054,-0.044,-0.039,-0.039,-0.024
1.178,-0.02,0.0,0.02,0.01,-0.02,0.01,-0.005,-0.054,-0.039,-0.034,-0.029,-0.024
1.18,-0.029,0.0,0.029,0.015,-0.029,0.015,-0.01,-0.054,-0.049,-0.044,-0.039,-0.034
1.182,-0.034,-0.01,0.024,0.024,-0.029,0.005,-0.01,-0.059,-0.049,-0.044,-0.039,-0.034
1.184,-0.029,0.0,0.029,0.015,-0.029,0.015,-0.015,-0.059,-0.049,-0.044,-0.034,-0.034
1.186,-0.039,-0.01,0.029,0.024,-0.034,0.01,-0.015,-0.063,-0.054,-0.049,-0.044,-0.039
1.188,-0.039,-0.01,0.029,0.024,-0.034,0.01,-0.015,-0.059,-0.044,-0.034,-0.044,-0.029
1.19,-0.024,0.0,0.024,0.015,-0.024,0.01,-0.005,-0.044,-0.029,-0.02,-0.024,-0.02
1.192,-0.044,-0.005,0.039,0.024,-0.044,0.015,-0.01,-0.049,-0.034,-0.02,-0.029,-0.02
1.194,-0.054,-0.02,0.034,0.039,-0.044,0.005,0.0,-0.049,-0.029,-0.015,-0.029,-0.015
1.196,-0.068,-0.034,0.034,0.054,-0.054,0.0,-0.005,-0.054,-0.039,-0.029,-0.029,-0.02
1.198,-0.044,-0.029,0.015,0.039,-0.029,-0.01,-0.015,-0.059,-0.049,-0.034,-0.034,-0.02
1.2,-0.034,-0.015,0.02,0.024,-0.029,0.0,-0.02,-0.059,-0.054,-0.044,-0.029,-0.024
1.202,-0.029,-0.005,0.024,0.02,-0.029,0.01,-0.015,-0.054,-0.044,-0.034,-0.024,-0.024
1.204,-0.044,-0.005,0.039,0.024,-0.044,0.015,-0.015,-0.059,-0.049,-0.029,-0.029,-0.024
1.206,-0.039,0.005,0.044,0.02,-0.044,0.024,-0.02,-0.063,-0.054,-0.034,-0.029,-0.02
1.208,-0.039,0.01,0.049,0.015,-0.044,0.029,-0.015,-0.063,-0.049,-0.029,-0.029,-0.02
1.21,-0.029,0.0,0.029,0.015,-0.029,0.015,-0.01,-0.059,-0.039,-0.024,-0.024,-0.015
1.212,-0.034,-0.005,0.029,0.02,-0.034,0.01,-0.02,-0.063,-0.039,-0.029,-0.029,-0.02
1.214,-0.039,-0.01,0.029,0.024,-0.034,0.01,-0.015,-0.054,-0.034,-0.024,-0.024,-0.015
1.216,-0.039,0.0,0.039,0.02,-0.039,0.02,-0.01,-0.054,-0.034,-0.024,-0.024,-0.02
1.218,-0.049,-0.005,0.044,0.029,-0.049,0.02,-0.015,-0.054,-0.039,-0.029,-0.024,-0.024
1.22,-0.039,-0.005,0.034,0.024,-0.039,0.015,-0.015,-0.054,-0.044,-0.034,-0.034,-0.029
1.222,-0.034,0.005,0.039,0.015,-0.039,0.02,-0.02,-0.054,-0.044,-0.029,-0.034,-0.029
1.224,-0.049,0.02,0.068,0.015,-0.059,0.044,-0.015,-0.054,-0.039,-0.024,-0.024,-0.034
1.226,-0.049,0.005,0.054,0.024,-0.054,0.029,-0.02,-0.059,-0.039,-0.029,-0.029,-0.039
1.228,-0.054,-0.005,0.049,0.029,-0.054,0.02,-0.02,-0.063,-0.044,-0.034,-0.034,-0.044
1.23,-0.034,0.015,0.049,0.01,-0.044,0.029,-0.02,-0.049,-0.029,-0.015,-0.02,-0.029
1.232,-0.024,0.024,0.049,0.0,-0.039,0.034,-0.015,-0.044,-0.02,-0.01,-0.015,-0.024
1.234,-0.039,0.01,0.049,0.015,-0.044,0.029,-0.02,-0.044,-0.024,-0.015,-0.024,-0.034
1.236,-0.034,0.02,0.054,0.01,-0.044,0.034,-0.015,-0.039,-0.024,-0.01,-0.02,-0.024
1.238,-0.029,0.01,0.039,0.01,-0.034,0.024,-0.02,-0.044,-0.029,-0.01,-0.024,-0.024
1.24,-0.029,0.01,0.039,0.01,-0.034,0.024,-0.02,-0.054,-0.039,-0.029,-0.029,-0.024
1.242,-0.024,0.005,0.029,0.01,-0.029,0.015,-0.02,-0.059,-0.034,-0.039,-0.029,-0.015
1.244,-0.034,-0.005,0.029,0.02,-0.034,0.01,-0.034,-0.073,-0.054,-0.049,-0.029,-0.02
1.246,-0.034,-0.01,0.024,0.024,-0.029,0.005,-0.024,-0.068,-0.049,-0.039,-0.02,-0.01
1.248,-0.039,0.0,0.039,0.02,-0.039,0.02,-0.024,-0.068,-0.049,-0.044,-0.015,-0.01
1.25,-0.054,-0.01,0.044,0.034,-0.049,0.015,-0.024,-0.068,-0.044,-0.039,-0.024,-0.01
1.252,-0.059,-0.01,0.049,0.034,-0.054,0.02,-0.024,-0.063,-0.049,-0.034,-0.024,-0.01
1.254,-0.044,-0.005,0.039,0.024,-0.044,0.015,-0.02,-0.059,-0.044,-0.029,-0.024,-0.005
1.256,-0.024,0.005,0.029,0.01,-0.029,0.015,-0.02,-0.059,-0.039,-0.039,-0.02,-0.01
1.258,-0.024,0.0,0.024,0.015,-0.024,0.01,-0.015,-0.054,-0.034,-0.029,-0.02,-0.015
1.26,-0.024,0.005,0.029,0.01,-0.029,0.015,-0.015,-0.049,-0.039,-0.034,-0.024,-0.015
1.262,-0.02,0.005,0.024,0.01,-0.024,0.015,-0.015,-0.049,-0.044,-0.029,-0.024,-0.02
1.264,-0.02,0.01,0.029,0.005,-0.024,0.02,-0.01,-0.044,-0.034,-0.029,-0.02,-0.015
1.266,-0.034,-0.005,0.029,0.02,-0.034,0.01,-0.015,-0.054,-0.044,-0.034,-0.029,-0.024
1.268,-0.039,0.0,0.039,0.02,-0.039,0.02,-0.015,-0.054,-0.049,-0.034,-0.029,-0.029
1.27,-0.044,-0.01,0.034,0.029,-0.039,0.01,-0.015,-0.059,-0.044,-0.034,-0.034,-0.029
1.272,-0.034,-0.005,0.029,0.02,-0.034,0.01,-0.02,-0.063,-0.054,-0.044,-0.034,-0.029
1.274,-0.039,-0.01,0.029,0.024,-0.034,0.01,-0.015,-0.059,-0.049,-0.044,-0.034,-0.024
1.276,-0.059,-0.024,0.034,0.044,-0.049,0.005,-0.024,-0.063,-0.059,-0.049,-0.044,-0.034
1.278,-0.059,-0.029,0.029,0.044,-0.044,0.0,-0.02,-0.054,-0.044,-0.034,-0.034,-0.024
1.28,-0.044,-0.005,0.039,0.024,-0.044,0.015,-0.005,-0.039,-0.039,-0.029,-0.024,-0.02
1.282,-0.054,-0.005,0.049,0.029,-0.054,0.02,-0.015,-0.044,-0.044,-0.034,-0.029,-0.024
1.284,-0.024,0.0,0.024,0.015,-0.024,0.01,-0.01,-0.049,-0.039,-0.029,-0.024,-0.02
1.286,-0.024,0.015,0.039,0.005,-0.034,0.024,-0.005,-0.044,-0.034,-0.029,-0.02,-0.01
1.288,-0.024,0.01,0.034,0.01,-0.029,0.02,-0.015,-0.054,-0.044,-0.034,-0.029,-0.02
1.29,-0.039,-0.005,0.034,0.024,-0.039,0.015,-0.02,-0.059,-0.049,-0.039,-0.034,-0.029
1.292,-0.049,-0.015,0.034,0.034,-0.044,0.01,-0.02,-0.068,-0.054,-0.044,-0.039,-0.029
1.294,-0.034,0.0,0.034,0.02,-0.034,0.015,-0.02,-0.059,-0.054,-0.044,-0.034,-0.029
1.296,-0.024,0.005,0.029,0.01,-0.029,0.015,-0.02,-0.054,-0.049,-0.039,-0.034,-0.029
1.298,-0.029,0.005,0.034,0.015,-0.034,0.02,-0.02,-0.049,-0.039,-0.034,-0.02,-0.024
1.3,-0.024,0.01,0.034,0.01,-0.029,0.02,-0.015,-0.044,-0.039,-0.034,-0.024,-0.029
1.302,-0.034,0.01,0.044,0.015,-0.039,0.024,-0.015,-0.039,-0.034,-0.029,-0.02,-0.024
1.304,-0.044,-0.01,0.034,0.029,-0.039,0.01,-0.01,-0.044,-0.034,-0.034,-0.024,-0.029
1.306,-0.044,-0.01,0.034,0.029,-0.039,0.01,-0.01,-0.044,-0.039,-0.034,-0.029,-0.029
1.308,-0.029,0.0,0.029,0.015,-0.029,0.015,-0.015,-0.049,-0.049,-0.044,-0.034,-0.034
1.31,-0.02,0.01,0.029,0.005,-0.024,0.02,-0.01,-0.049,-0.044,-0.034,-0.024,-0.024
1.312,-0.034,0.0,0.034,0.02,-0.034,0.015,-0.015,-0.049,-0.044,-0.034,-0.024,-0.024
1.314,-0.059,-0.024,0.034,0.044,-0.049,0.005,-0.024,-0.054,-0.049,-0.049,-0.029,-0.034
1.316,-0.054,-0.02,0.034,0.039,-0.044,0.005,-0.015,-0.049,-0.044,-0.044,-0.034,-0.034
1.318,-0.039,-0.015,0.024,0.029,-0.034,0.005,-0.005,-0.039,-0.034,-0.034,-0.024,-0.024
1.32,-0.044,-0.015,0.029,0.029,-0.039,0.005,-0.01,-0.044,-0.049,-0.049,-0.034,-0.029
1.322,-0.029,-0.015,0.015,0.024,-0.024,0.0,-0.015,-0.049,-0.054,-0.049,-0.029,-0.029
1.324,-0.024,-0.024,0.0,0.024,-0.015,-0.015,-0.015,-0.049,-0.049,-0.049,-0.034,-0.024
1.326,-0.024,-0.02,0.005,0.024,-0.015,-0.01,-0.005,-0.039,-0.044,-0.039,-0.02,-0.01
1.328,-0.024,-0.01,0.015,0.02,-0.02,0.0,-0.005,-0.039,-0.044,-0.039,-0.024,-0.015
1.33,-0.039,-0.02,0.02,0.029,-0.029,0.0,-0.005,-0.039,-0.039,-0.039,-0.02,-0.01
1.332,-0.034,-0.029,0.005,0.034,-0.02,-0.015,0.0,-0.044,-0.049,-0.049,-0.024,-0.015
1.334,-0.029,-0.029,0.0,0.029,-0.015,-0.015,-0.01,-0.054,-0.059,-0.059,-0.029,-0.024
1.336,-0.029,-0.024,0.005,0.029,-0.02,-0.01,-0.01,-0.054,-0.059,-0.054,-0.024,-0.024
1.338,-0.034,-0.02,0.015,0.029,-0.024,-0.005,-0.005,-0.044,-0.049,-0.044,-0.02,-0.024
1.34,-0.039,-0.01,0.029,0.024,-0.034,0.01,-0.01,-0.054,-0.059,-0.054,-0.039,-0.034
1.342,-0.054,-0.02,0.034,0.039,-0.044,0.005,-0.01,-0.054,-0.054,-0.054,-0.039,-0.034
1.344,-0.049,-0.029,0.02,0.039,-0.034,-0.005,-0.02,-0.059,-0.059,-0.063,-0.044,-0.044
1.346,-0.039,-0.02,0.02,0.029,-0.029,0.0,-0.015,-0.054,-0.054,-0.054,-0.049,-0.044
1.348,-0.039,0.005,0.044,0.02,-0.044,0.024,-0.005,-0.049,-0.054,-0.049,-0.044,-0.034
1.35,-0.044,0.0,0.044,0.024,-0.044,0.02,-0.01,-0.049,-0.049,-0.044,-0.034,-0.034
1.352,-0.034,0.0,0.034,0.02,-0.034,0.015,-0.005,-0.044,-0.049,-0.039,-0.029,-0.029
1.354,-0.039,0.005,0.044,0.02,-0.044,0.024,0.0,-0.039,-0.039,-0.034,-0.024,-0.024
1.356,-0.049,-0.01,0.039,0.029,-0.044,0.015,0.0,-0.039,-0.039,-0.034,-0.029,-0.029
1.358,-0.039,-0.015,0.024,0.029,-0.034,0.005,0.0,-0.039,-0.039,-0.034,-0.029,-0.024
1.36,-0.044,-0.024,0.02,0.034,-0.034,-0.005,-0.005,-0.044,-0.049,-0.049,-0.049,-0.034
1.362,-0.039,-0.024,0.015,0.034,-0.029,-0.005,-0.01,-0.054,-0.054,-0.054,-0.044,-0.024
1.364,-0.034,-0.015,0.02,0.024,-0.029,0.0,-0.005,-0.054,-0.059,-0.063,-0.039,-0.02
1.366,-0.039,-0.02,0.02,0.029,-0.029,0.0,-0.005,-0.054,-0.054,-0.068,-0.034,-0.02
1.368,-0.029,-0.01,0.02,0.02,-0.024,0.005,-0.005,-0.049,-0.054,-0.059,-0.029,-0.015
1.37,-0.024,-0.015,0.01,0.02,-0.02,-0.005,-0.005,-0.049,-0.054,-0.054,-0.029,-0.015
1.372,-0.034,-0.02,0.015,0.029,-0.024,-0.005,-0.01,-0.049,-0.059,-0.063,-0.034,-0.024
1.374,-0.039,-0.029,0.01,0.034,-0.024,-0.01,-0.005,-0.044,-0.063,-0.059,-0.039,-0.02
1.376,-0.024,-0.02,0.005,0.024,-0.015,-0.01,0.0,-0.039,-0.054,-0.049,-0.034,-0.015
1.378,-0.015,-0.005,0.01,0.01,-0.015,0.0,-0.01,-0.044,-0.054,-0.054,-0.029,-0.02
1.38,-0.029,-0.005,0.024,0.02,-0.029,0.01,-0.015,-0.049,-0.063,-0.068,-0.044,-0.024
1.382,-0.039,-0.02,0.02,0.029,-0.029,0.0,-0.02,-0.049,-0.059,-0.063,-0.039,-0.024
1.384,-0.034,-0.024,0.01,0.029,-0.024,-0.01,-0.02,-0.049,-0.059,-0.063,-0.039,-0.029
1.386,-0.029,-0.015,0.015,0.024,-0.024,0.0,-0.015,-0.039,-0.049,-0.054,-0.034,-0.029
1.388,-0.039,-0.015,0.024,0.029,-0.034,0.005,-0.015,-0.049,-0.054,-0.059,-0.034,-0.029
1.39,-0.034,-0.015,0.02,0.024,-0.029,0.0,-0.005,-0.049,-0.054,-0.054,-0.034,-0.02
1.392,-0.02,0.0,0.02,0.01,-0.02,0.01,-0.005,-0.044,-0.049,-0.059,-0.034,-0.015
1.394,-0.02,0.0,0.02,0.01,-0.02,0.01,0.01,-0.039,-0.049,-0.054,-0.034,-0.02
1.396,-0.049,-0.02,0.029,0.034,-0.039,0.005,0.005,-0.044,-0.054,-0.063,-0.044,-0.029
1.398,-0.059,-0.034,0.024,0.049,-0.044,-0.005,0.0,-0.054,-0.059,-0.068,-0.044,-0.029
1.4,-0.039,-0.02,0.02,0.029,-0.029,0.0,0.0,-0.054,-0.068,-0.068,-0.049,-0.034
1.402,-0.049,-0.024,0.024,0.039,-0.039,0.0,0.0,-0.044,-0.059,-0.063,-0.044,-0.029
1.404,-0.039,-0.02,0.02,0.029,-0.029,0.0,-0.005,-0.059,-0.063,-0.073,-0.044,-0.029
1.406,-0.029,-0.02,0.01,0.024,-0.02,-0.005,-0.005,-0.049,-0.054,-0.068,-0.044,-0.024
1.408,-0.054,-0.02,0.034,0.039,-0.044,0.005,-0.01,-0.049,-0.059,-0.073,-0.049,-0.029
1.41,-0.063,-0.034,0.029,0.049,-0.049,-0.005,-0.005,-0.054,-0.059,-0.068,-0.049,-0.024
1.412,-0.034,-0.02,0.015,0.029,-0.024,-0.005,0.0,-0.044,-0.059,-0.059,-0.039,-0.015
1.414,-0.034,-0.015,0.02,0.024,-0.029,0.0,0.0,-0.044,-0.054,-0.054,-0.034,-0.015
1.416,-0.039,-0.015,0.024,0.029,-0.034,0.005,0.005,-0.039,-0.054,-0.054,-0.034,-0.01
1.418,-0.029,-0.02,0.01,0.024,-0.02,-0.005,0.005,-0.034,-0.054,-0.059,-0.039,-0.01
1.42,-0.034,-0.034,0.0,0.034,-0.02,-0.02,0.0,-0.049,-0.068,-0.073,-0.049,-0.029
1.422,-0.02,-0.02,0.0,0.02,-0.01,-0.01,0.0,-0.044,-0.063,-0.073,-0.049,-0.024
1.424,-0.02,-0.02,0.0,0.02,-0.01,-0.01,0.005,-0.034,-0.049,-0.063,-0.044,-0.02
1.426,-0.024,-0.02,0.005,0.024,-0.015,-0.01,0.0,-0.039,-0.054,-0.063,-0.049,-0.024
1.428,-0.029,-0.02,0.01,0.024,-0.02,-0.005,0.005,-0.039,-0.054,-0.063,-0.049,-0.024
1.43,-0.049,-0.029,0.02,0.039,-0.034,-0.005,0.0,-0.054,-0.063,-0.068,-0.049,-0.024
1.432,-0.044,-0.029,0.015,0.039,-0.029,-0.01,-0.005,-0.054,-0.068,-0.073,-0.049,-0.029
1.434,-0.034,-0.015,0.02,0.024,-0.029,0.0,-0.005,-0.054,-0.063,-0.073,-0.049,-0.029
1.436,-0.024,-0.015,0.01,0.02,-0.02,-0.005,0.0,-0.049,-0.068,-0.073,-0.054,-0.029
1.438,-0.034,-0.024,0.01,0.029,-0.024,-0.01,0.005,-0.044,-0.063,-0.068,-0.054,-0.034
1.44,-0.034,-0.024,0.01,0.029,-0.024,-0.01,0.005,-0.044,-0.063,-0.073,-0.059,-0.039
1.442,-0.029,-0.039,-0.01,0.034,-0.01,-0.024,0.005,-0.039,-0.059,-0.068,-0.054,-0.039
1.444,-0.034,-0.044,-0.01,0.039,-0.015,-0.029,0.0,-0.044,-0.054,-0.073,-0.049,-0.034
1.446,-0.039,-0.044,-0.005,0.044,-0.02,-0.024,0.005,-0.044,-0.054,-0.068,-0.049,-0.034
1.448,-0.039,-0.034,0.005,0.039,-0.024,-0.015,0.0,-0.044,-0.059,-0.073,-0.054,-0.039
1.45,-0.039,-0.039,0.0,0.039,-0.02,-0.02,0.005,-0.044,-0.049,-0.068,-0.049,-0.034
1.452,-0.039,-0.034,0.005,0.039,-0.024,-0.015,0.005,-0.049,-0.054,-0.068,-0.049,-0.039
1.454,-0.029,-0.029,0.0,0.029,-0.015,-0.015,0.005,-0.039,-0.059,-0.063,-0.054,-0.044
1.456,-0.039,-0.029,0.01,0.034,-0.024,-0.01,0.005,-0.044,-0.063,-0.068,-0.059,-0.044
1.458,-0.039,-0.029,0.01,0.034,-0.024,-0.01,0.0,-0.054,-0.063,-0.078,-0.059,-0.039
1.46,-0.029,-0.029,0.0,0.029,-0.015,-0.015,-0.005,-0.059,-0.078,-0.088,-0.068,-0.044
1.462,-0.005,-0.005,0.0,0.005,-0.005,-0.005,0.005,-0.059,-0.073,-0.083,-0.063,-0.029
1.464,-0.024,-0.024,0.0,0.024,-0.015,-0.015,0.01,-0.054,-0.073,-0.083,-0.054,-0.024
1.466,-0.039,-0.029,0.01,0.034,-0.024,-0.01,0.015,-0.049,-0.059,-0.068,-0.044,-0.024
1.468,-0.034,-0.029,0.005,0.034,-0.02,-0.015,0.01,-0.049,-0.063,-0.073,-0.049,-0.029
1.47,-0.024,-0.034,-0.01,0.029,-0.01,-0.024,0.005,-0.054,-0.063,-0.068,-0.049,-0.029
1.472,-0.044,-0.044,0.0,0.044,-0.024,-0.024,0.005,-0.049,-0.068,-0.078,-0.059,-0.024
1.474,-0.049,-0.054,-0.005,0.054,-0.024,-0.029,0.01,-0.049,-0.068,-0.073,-0.054,-0.02
1.476,-0.054,-0.059,-0.005,0.059,-0.024,-0.034,0.015,-0.044,-0.063,-0.078,-0.044,-0.01
1.478,-0.054,-0.073,-0.02,0.063,-0.02,-0.049,0.005,-0.054,-0.073,-0.083,-0.044,-0.015
1.48,-0.049,-0.068,-0.02,0.059,-0.015,-0.044,0.01,-0.044,-0.068,-0.083,-0.044,-0.015
1.482,-0.039,-0.068,-0.029,0.054,-0.005,-0.049,0.02,-0.044,-0.063,-0.073,-0.039,-0.005
1.484,-0.02,-0.068,-0.049,0.044,0.015,-0.059,0.02,-0.034,-0.049,-0.063,-0.024,0.005
1.486,-0.024,-0.083,-0.059,0.054,0.015,-0.073,0.024,-0.024,-0.039,-0.059,-0.029,0.0
1.488,-0.063,-0.107,-0.044,0.088,-0.01,-0.078,0.02,-0.034,-0.044,-0.068,-0.049,-0.01
1.49,-0.049,-0.093,-0.044,0.073,-0.005,-0.068,0.024,-0.029,-0.039,-0.059,-0.039,0.0
1.492,-0.024,-0.073,-0.049,0.049,0.01,-0.063,0.024,-0.02,-0.034,-0.054,-0.034,0.005
1.494,-0.049,-0.063,-0.015,0.059,-0.02,-0.039,0.024,-0.034,-0.049,-0.063,-0.044,-0.005
1.496,-0.034,-0.02,0.015,0.029,-0.024,-0.005,0.0,-0.054,-0.073,-0.088,-0.059,-0.029
1.498,-0.029,-0.015,0.015,0.024,-0.024,0.0,-0.01,-0.054,-0.083,-0.093,-0.068,-0.034
1.5,-0.044,-0.029,0.015,0.039,-0.029,-0.01,-0.01,-0.059,-0.088,-0.098,-0.063,-0.039
1.502,-0.034,-0.02,0.015,0.029,-0.024,-0.005,-0.01,-0.059,-0.088,-0.098,-0.068,-0.034
1.504,-0.029,-0.005,0.024,0.02,-0.029,0.01,0.0,-0.059,-0.083,-0.093,-0.073,-0.034
1.506,-0.02,0.005,0.024,0.01,-0.024,0.015,0.01,-0.049,-0.073,-0.088,-0.068,-0.024
1.508,-0.024,-0.005,0.02,0.015,-0.024,0.005,0.01,-0.054,-0.073,-0.088,-0.068,-0.024
1.51,-0.034,-0.015,0.02,0.024,-0.029,0.0,0.01,-0.059,-0.068,-0.093,-0.073,-0.024
1.512,-0.02,-0.054,-0.034,0.039,0.005,-0.044,0.02,-0.049,-0.063,-0.083,-0.059,-0.02
1.514,-0.024,-0.088,-0.063,0.059,0.02,-0.078,0.034,-0.029,-0.044,-0.068,-0.044,-0.005
1.516,-0.034,-0.117,-0.083,0.078,0.024,-0.102,0.039,-0.029,-0.049,-0.063,-0.039,-0.005
1.518,-0.034,-0.112,-0.078,0.073,0.02,-0.098,0.034,-0.034,-0.049,-0.073,-0.054,-0.015
1.52,-0.034,-0.107,-0.073,0.073,0.02,-0.093,0.024,-0.044,-0.068,-0.088,-0.059,-0.024
1.522,-0.034,-0.102,-0.068,0.068,0.015,-0.088,0.02,-0.044,-0.059,-0.078,-0.063,-0.015
1.524,-0.054,-0.059,-0.005,0.059,-0.024,-0.034,0.005,-0.059,-0.078,-0.088,-0.068,-0.024
1.526,-0.063,-0.024,0.039,0.044,-0.054,0.005,-0.01,-0.078,-0.093,-0.112,-0.093,-0.044
1.528,-0.063,-0.01,0.054,0.039,-0.059,0.02,-0.01,-0.073,-0.093,-0.112,-0.088,-0.039
1.53,-0.044,-0.02,0.024,0.034,-0.034,0.0,0.01,-0.059,-0.073,-0.093,-0.073,-0.02
1.532,-0.024,-0.02,0.005,0.024,-0.015,-0.01,0.015,-0.049,-0.073,-0.083,-0.059,-0.01
1.534,-0.01,-0.029,-0.02,0.02,0.005,-0.024,0.024,-0.039,-0.059,-0.078,-0.059,-0.005
1.536,-0.015,-0.039,-0.024,0.029,0.005,-0.034,0.024,-0.034,-0.063,-0.083,-0.063,-0.02
1.538,-0.01,-0.034,-0.024,0.024,0.005,-0.029,0.02,-0.039,-0.063,-0.093,-0.059,-0.02
1.54,-0.029,-0.059,-0.029,0.044,0.0,-0.044,0.024,-0.039,-0.073,-0.088,-0.063,-0.02
1.542,-0.044,-0.044,0.0,0.044,-0.024,-0.024,0.02,-0.049,-0.078,-0.107,-0.073,-0.029
1.544,-0.02,0.005,0.024,0.01,-0.024,0.015,0.029,-0.039,-0.068,-0.098,-0.068,-0.034
1.546,-0.029,0.02,0.049,0.005,-0.039,0.034,0.034,-0.039,-0.059,-0.088,-0.063,-0.034
1.548,-0.029,0.015,0.044,0.01,-0.039,0.029,0.049,-0.02,-0.044,-0.068,-0.044,-0.02
1.55,-0.02,0.029,0.049,-0.005,-0.034,0.039,0.059,-0.01,-0.034,-0.059,-0.044,-0.02
1.552,-0.024,0.024,0.049,0.0,-0.039,0.034,0.083,0.005,-0.024,-0.039,-0.029,-0.005
1.554,-0.01,0.029,0.039,-0.01,-0.024,0.034,0.093,0.024,-0.01,-0.029,-0.024,0.005
1.556,0.0,0.02,0.02,-0.01,-0.01,0.02,0.098,0.034,0.0,-0.029,-0.015,0.015
1.558,-0.005,0.005,0.01,0.0,-0.01,0.005,0.102,0.034,0.005,-0.029,-0.02,0.015
1.56,0.01,0.015,0.005,-0.01,0.0,0.01,0.112,0.044,0.015,-0.02,-0.02,0.02
1.562,0.015,0.034,0.02,-0.024,-0.005,0.024,0.112,0.039,0.01,-0.034,-0.029,0.015
1.564,0.015,0.059,0.044,-0.034,-0.015,0.049,0.117,0.049,0.01,-0.029,-0.024,0.02
1.566,0.02,0.034,0.015,-0.024,0.0,0.024,0.117,0.059,0.02,-0.02,-0.02,0.024
1.568,-0.005,-0.02,-0.015,0.015,0.005,-0.02,0.117,0.068,0.034,-0.005,0.0,0.039
1.57,0.0,-0.024,-0.024,0.015,0.01,-0.024,0.107,0.059,0.034,-0.005,-0.005,0.044
1.572,0.005,0.005,0.0,-0.005,0.0,0.0,0.093,0.049,0.02,-0.015,-0.01,0.024
1.574,-0.01,0.029,0.039,-0.01,-0.024,0.034,0.107,0.059,0.029,-0.005,-0.005,0.034
1.576,0.0,-0.015,-0.015,0.01,0.005,-0.015,0.137,0.083,0.054,0.015,0.015,0.054
1.578,0.01,0.02,0.01,-0.015,0.0,0.015,0.127,0.078,0.044,0.005,0.005,0.039
1.58,0.01,0.063,0.054,-0.034,-0.024,0.059,0.117,0.073,0.029,0.0,-0.005,0.024
1.582,0.029,0.078,0.049,-0.054,-0.01,0.063,0.107,0.078,0.044,-0.005,0.0,0.039
1.584,0.02,0.059,0.039,-0.039,-0.01,0.049,0.093,0.068,0.039,-0.01,0.0,0.034
1.586,0.02,0.059,0.039,-0.039,-0.01,0.049,0.073,0.054,0.024,-0.01,-0.005,0.034
1.588,0.015,0.049,0.034,-0.029,-0.01,0.039,0.054,0.039,0.015,-0.024,-0.01,0.039
1.59,0.02,0.059,0.039,-0.039,-0.01,0.049,0.049,0.034,0.015,-0.024,-0.01,0.039
1.592,0.01,0.063,0.054,-0.034,-0.024,0.059,0.034,0.024,0.0,-0.029,-0.015,0.039
1.594,0.0,0.068,0.068,-0.034,-0.034,0.068,0.015,0.005,-0.015,-0.039,-0.024,0.024
1.596,0.0,0.068,0.068,-0.034,-0.034,0.068,0.0,-0.015,-0.029,-0.049,-0.029,0.02
1.598,-0.005,0.063,0.068,-0.029,-0.039,0.063,-0.01,-0.029,-0.039,-0.059,-0.039,0.015
1.6,0.0,0.054,0.054,-0.024,-0.029,0.054,-0.01,-0.024,-0.029,-0.059,-0.029,0.02
1.602,0.029,0.068,0.039,-0.049,-0.005,0.054,-0.01,-0.024,-0.029,-0.049,-0.024,0.029
1.604,0.044,0.073,0.029,-0.059,0.005,0.049,-0.015,-0.029,-0.029,-0.054,-0.024,0.034
1.606,0.01,0.049,0.039,-0.029,-0.015,0.044,-0.005,-0.034,-0.034,-0.068,-0.034,0.029
1.608,-0.02,0.029,0.049,-0.005,-0.034,0.039,-0.005,-0.049,-0.054,-0.078,-0.029,0.034
1.61,-0.015,0.01,0.024,0.005,-0.02,0.015,-0.015,-0.063,-0.063,-0.093,-0.039,0.024
1.612,0.015,0.024,0.01,-0.02,0.0,0.015,-0.015,-0.063,-0.073,-0.088,-0.044,0.029
1.614,0.024,0.034,0.01,-0.029,0.005,0.02,-0.005,-0.059,-0.068,-0.093,-0.049,0.029
1.616,0.005,0.005,0.0,-0.005,0.0,0.0,-0.015,-0.073,-0.083,-0.102,-0.059,0.005
1.618,-0.01,-0.02,-0.01,0.015,0.0,-0.015,-0.01,-0.068,-0.078,-0.102,-0.059,0.0
1.62,0.0,-0.01,-0.01,0.005,0.005,-0.01,-0.015,-0.068,-0.088,-0.107,-0.063,-0.005
1.622,0.005,-0.02,-0.024,0.01,0.015,-0.024,-0.01,-0.063,-0.078,-0.093,-0.054,0.005
1.624,0.015,-0.034,-0.049,0.01,0.029,-0.044,0.005,-0.049,-0.068,-0.093,-0.054,0.005
1.626,0.015,-0.078,-0.093,0.034,0.054,-0.088,0.029,-0.029,-0.044,-0.073,-0.034,0.015
1.628,0.0,-0.156,-0.156,0.078,0.078,-0.156,0.054,-0.01,-0.029,-0.054,-0.024,0.039
1.63,0.005,-0.132,-0.137,0.063,0.068,-0.137,0.039,-0.024,-0.039,-0.068,-0.034,0.024
1.632,0.024,-0.049,-0.073,0.015,0.049,-0.063,0.02,-0.039,-0.054,-0.078,-0.044,0.015
1.634,0.02,-0.024,-0.044,0.005,0.029,-0.034,0.029,-0.029,-0.039,-0.063,-0.029,0.029
1.636,0.015,-0.024,-0.039,0.005,0.024,-0.034,0.02,-0.029,-0.044,-0.068,-0.024,0.034
1.638,0.005,0.024,0.02,-0.015,-0.01,0.02,-0.005,-0.049,-0.063,-0.093,-0.044,0.01
1.64,-0.005,0.044,0.049,-0.02,-0.029,0.044,-0.005,-0.049,-0.073,-0.098,-0.044,0.0
1.642,0.0,0.02,0.02,-0.01,-0.01,0.02,0.0,-0.049,-0.073,-0.107,-0.054,-0.005
1.644,0.01,0.005,-0.005,-0.005,0.005,0.0,0.015,-0.054,-0.068,-0.107,-0.063,-0.015
1.646,-0.015,-0.02,-0.005,0.02,-0.005,-0.015,0.024,-0.044,-0.068,-0.107,-0.073,-0.024
1.648,-0.029,-0.039,-0.01,0.034,-0.01,-0.024,0.02,-0.068,-0.093,-0.132,-0.102,-0.044
1.65,-0.029,-0.049,-0.02,0.039,-0.005,-0.034,0.024,-0.073,-0.098,-0.137,-0.107,-0.049
1.652,-0.039,-0.059,-0.02,0.049,-0.01,-0.039,0.024,-0.073,-0.107,-0.142,-0.117,-0.059
1.654,-0.044,-0.054,-0.01,0.049,-0.02,-0.034,0.029,-0.073,-0.102,-0.137,-0.112,-0.054
1.656,-0.054,-0.068,-0.015,0.063,-0.02,-0.044,0.034,-0.073,-0.098,-0.137,-0.107,-0.049
1.658,-0.049,-0.078,-0.029,0.063,-0.01,-0.054,0.02,-0.088,-0.117,-0.151,-0.127,-0.054
1.66,-0.034,-0.068,-0.034,0.054,0.0,-0.054,0.01,-0.098,-0.117,-0.156,-0.122,-0.049
1.662,-0.054,-0.078,-0.024,0.068,-0.015,-0.054,0.02,-0.093,-0.117,-0.156,-0.117,-0.044
1.664,-0.044,-0.083,-0.039,0.063,-0.005,-0.063,0.015,-0.102,-0.132,-0.171,-0.132,-0.059
1.666,-0.049,-0.059,-0.01,0.054,-0.02,-0.034,0.01,-0.107,-0.142,-0.176,-0.146,-0.068
1.668,-0.068,-0.063,0.005,0.068,-0.039,-0.029,0.01,-0.107,-0.142,-0.176,-0.146,-0.068
1.67,-0.068,-0.068,0.0,0.068,-0.034,-0.034,0.01,-0.098,-0.122,-0.161,-0.137,-0.054
1.672,-0.039,-0.063,-0.024,0.054,-0.01,-0.044,0.015,-0.098,-0.127,-0.166,-0.132,-0.059
1.674,-0.044,-0.054,-0.01,0.049,-0.02,-0.034,0.015,-0.098,-0.127,-0.166,-0.132,-0.059
1.676,-0.039,-0.044,-0.005,0.044,-0.02,-0.024,0.029,-0.098,-0.122,-0.161,-0.127,-0.059
1.678,-0.054,-0.054,0.0,0.054,-0.029,-0.029,0.02,-0.107,-0.137,-0.171,-0.137,-0.068
1.68,-0.063,-0.054,0.01,0.059,-0.039,-0.024,0.015,-0.107,-0.137,-0.176,-0.137,-0.078
1.682,-0.068,-0.059,0.01,0.063,-0.039,-0.024,0.024,-0.102,-0.137,-0.171,-0.142,-0.083
1.684,-0.059,-0.068,-0.01,0.063,-0.024,-0.039,0.02,-0.102,-0.137,-0.171,-0.146,-0.083
1.686,-0.049,-0.063,-0.015,0.059,-0.02,-0.039,0.015,-0.107,-0.137,-0.181,-0.156,-0.093
1.688,-0.034,-0.044,-0.01,0.039,-0.015,-0.029,0.015,-0.102,-0.132,-0.181,-0.151,-0.083
1.69,-0.044,-0.044,0.0,0.044,-0.024,-0.024,0.024,-0.102,-0.132,-0.176,-0.151,-0.073
1.692,-0.054,-0.049,0.005,0.054,-0.029,-0.024,0.02,-0.102,-0.127,-0.176,-0.146,-0.068
1.694,-0.054,-0.049,0.005,0.054,-0.029,-0.024,0.015,-0.098,-0.132,-0.171,-0.142,-0.068
1.696,-0.054,-0.044,0.01,0.049,-0.034,-0.02,0.015,-0.098,-0.127,-0.171,-0.142,-0.068
1.698,-0.039,-0.049,-0.01,0.044,-0.015,-0.029,0.029,-0.083,-0.107,-0.156,-0.127,-0.049
1.7,-0.034,-0.054,-0.02,0.044,-0.01,-0.039,0.024,-0.083,-0.112,-0.166,-0.132,-0.054
1.702,-0.024,-0.049,-0.024,0.039,0.0,-0.039,0.034,-0.073,-0.122,-0.176,-0.142,-0.059
1.704,-0.02,-0.063,-0.044,0.044,0.01,-0.054,0.039,-0.068,-0.117,-0.181,-0.151,-0.078
1.706,-0.049,-0.093,-0.044,0.073,-0.005,-0.068,0.044,-0.068,-0.127,-0.195,-0.176,-0.098
1.708,-0.059,-0.102,-0.044,0.083,-0.01,-0.073,0.068,-0.054,-0.122,-0.205,-0.185,-0.112
1.71,-0.088,-0.132,-0.044,0.112,-0.024,-0.088,0.102,-0.039,-0.137,-0.239,-0.224,-0.146
1.712,-0.107,-0.166,-0.059,0.137,-0.024,-0.112,0.132,-0.015,-0.156,-0.293,-0.288,-0.19
1.714,-0.093,-0.156,-0.063,0.127,-0.015,-0.112,0.176,0.015,-0.156,-0.332,-0.342,-0.229
1.716,-0.107,-0.171,-0.063,0.142,-0.024,-0.117,0.205,0.034,-0.151,-0.361,-0.386,-0.264
1.718,-0.127,-0.166,-0.039,0.146,-0.044,-0.102,0.244,0.078,-0.137,-0.381,-0.415,-0.288
1.72,-0.117,-0.132,-0.015,0.127,-0.054,-0.073,0.273,0.132,-0.122,-0.4,-0.444,-0.307
1.722,-0.112,-0.107,0.005,0.112,-0.059,-0.054,0.307,0.22,-0.073,-0.39,-0.454,-0.312
1.724,-0.117,-0.068,0.049,0.093,-0.083,-0.01,0.346,0.381,0.024,-0.351,-0.444,-0.303
1.726,-0.117,-0.015,0.102,0.068,-0.112,0.044,0.376,0.488,0.098,-0.337,-0.434,-0.278
1.728,-0.088,0.063,0.151,0.015,-0.122,0.107,0.381,0.508,0.142,-0.317,-0.4,-0.229
1.73,-0.044,0.156,0.2,-0.054,-0.122,0.176,0.332,0.468,0.2,-0.234,-0.278,-0.122
1.732,-0.01,0.244,0.254,-0.117,-0.132,0.249,0.249,0.395,0.268,-0.098,-0.107,0.01
1.734,0.063,0.381,0.317,-0.22,-0.127,0.346,0.117,0.322,0.376,0.112,0.117,0.195
1.736,0.142,0.512,0.371,-0.327,-0.117,0.439,-0.034,0.22,0.527,0.405,0.425,0.429
1.738,0.229,0.649,0.42,-0.439,-0.098,0.532,-0.215,0.093,0.688,0.776,0.795,0.693
1.74,0.346,0.795,0.449,-0.571,-0.054,0.62,-0.386,-0.029,0.869,1.171,1.181,0.966
1.742,0.4,0.913,0.512,-0.654,-0.059,0.712,-0.566,-0.156,1.049,1.615,1.596,1.24
1.744,0.473,1.015,0.542,-0.742,-0.034,0.776,-0.742,-0.361,1.171,2.03,1.967,1.479
1.746,0.542,1.108,0.566,-0.825,-0.015,0.834,-0.913,-0.522,1.303,2.44,2.313,1.713
1.748,0.556,1.161,0.605,-0.859,-0.024,0.883,-1.054,-0.659,1.41,2.786,2.591,1.893
1.75,0.59,1.083,0.493,-0.834,0.049,0.786,-1.118,-0.644,1.581,3.128,2.801,1.962
1.752,0.61,0.888,0.278,-0.747,0.166,0.581,-1.157,-0.698,1.542,3.172,2.811,1.893
1.754,0.556,0.664,0.107,-0.61,0.224,0.386,-1.118,-0.786,1.332,2.972,2.66,1.752
1.756,0.522,0.488,-0.034,-0.503,0.278,0.224,-1.039,-0.81,1.166,2.801,2.484,1.606
1.758,0.449,0.327,-0.122,-0.386,0.283,0.102,-0.971,-0.844,0.952,2.591,2.274,1.454
1.76,0.39,0.229,-0.161,-0.307,0.273,0.034,-0.913,-1.01,0.537,2.172,1.991,1.288
1.762,0.351,0.137,-0.215,-0.244,0.283,-0.039,-0.844,-1.171,-0.039,1.498,1.61,1.078
1.764,0.249,0.015,-0.234,-0.132,0.239,-0.112,-0.717,-1.235,-0.556,0.708,1.137,0.82
1.766,0.151,-0.059,-0.21,-0.044,0.181,-0.137,-0.576,-1.181,-0.82,0.093,0.649,0.522
1.768,0.088,-0.112,-0.2,0.015,0.142,-0.156,-0.449,-1.069,-0.869,-0.244,0.283,0.307
1.77,0.034,-0.151,-0.185,0.059,0.107,-0.171,-0.366,-0.981,-0.864,-0.425,0.02,0.146
1.772,0.005,-0.171,-0.176,0.083,0.088,-0.176,-0.342,-0.908,-0.839,-0.512,-0.166,0.015
1.774,-0.024,-0.171,-0.146,0.098,0.059,-0.161,-0.317,-0.834,-0.786,-0.522,-0.249,-0.068
1.776,-0.015,-0.176,-0.161,0.098,0.073,-0.171,-0.273,-0.722,-0.683,-0.444,-0.229,-0.083
1.778,-0.015,-0.161,-0.146,0.088,0.063,-0.156,-0.22,-0.6,-0.581,-0.366,-0.185,-0.078
1.78,-0.034,-0.151,-0.117,0.093,0.039,-0.137,-0.185,-0.522,-0.508,-0.317,-0.171,-0.083
1.782,-0.02,-0.102,-0.083,0.063,0.029,-0.093,-0.156,-0.425,-0.429,-0.264,-0.142,-0.068
1.784,0.005,-0.039,-0.044,0.02,0.024,-0.044,-0.107,-0.332,-0.356,-0.215,-0.122,-0.059
1.786,-0.005,-0.02,-0.015,0.015,0.005,-0.02,-0.073,-0.268,-0.307,-0.185,-0.107,-0.059
1.788,-0.039,-0.039,0.0,0.039,-0.02,-0.02,-0.034,-0.21,-0.264,-0.166,-0.102,-0.044
1.79,-0.063,-0.068,-0.005,0.068,-0.029,-0.039,-0.005,-0.166,-0.224,-0.156,-0.093,-0.044
1.792,-0.044,-0.044,0.0,0.044,-0.024,-0.024,0.01,-0.142,-0.2,-0.151,-0.088,-0.039
1.794,-0.039,-0.024,0.015,0.034,-0.029,-0.005,0.015,-0.127,-0.185,-0.151,-0.088,-0.044
1.796,-0.049,-0.049,0.0,0.049,-0.024,-0.024,0.024,-0.117,-0.181,-0.161,-0.102,-0.044
1.798,-0.054,-0.073,-0.02,0.063,-0.02,-0.049,0.044,-0.088,-0.161,-0.151,-0.093,-0.044
1.8,-0.049,-0.024,0.024,0.039,-0.039,0.0,0.039,-0.093,-0.185,-0.166,-0.117,-0.063
1.802,-0.059,-0.024,0.034,0.044,-0.049,0.005,0.029,-0.088,-0.19,-0.181,-0.132,-0.078
1.804,-0.063,-0.044,0.02,0.054,-0.044,-0.015,0.034,-0.078,-0.19,-0.19,-0.137,-0.083
1.806,-0.049,-0.054,-0.005,0.054,-0.024,-0.029,0.044,-0.059,-0.181,-0.185,-0.142,-0.093
1.808,-0.044,-0.044,0.0,0.044,-0.024,-0.024,0.049,-0.044,-0.161,-0.185,-0.151,-0.088
1.81,-0.049,-0.039,0.01,0.044,-0.029,-0.015,0.054,-0.039,-0.146,-0.185,-0.146,-0.088
1.812,-0.063,-0.044,0.02,0.054,-0.044,-0.015,0.059,-0.039,-0.151,-0.19,-0.151,-0.098
1.814,-0.054,-0.034,0.02,0.044,-0.039,-0.01,0.059,-0.044,-0.146,-0.185,-0.151,-0.093
1.816,-0.059,-0.054,0.005,0.059,-0.034,-0.024,0.063,-0.039,-0.137,-0.185,-0.137,-0.083
1.818,-0.059,-0.078,-0.02,0.068,-0.02,-0.049,0.068,-0.029,-0.137,-0.181,-0.127,-0.078
1.82,-0.044,-0.073,-0.029,0.059,-0.01,-0.054,0.078,-0.029,-0.132,-0.171,-0.127,-0.073
1.822,-0.054,-0.073,-0.02,0.063,-0.02,-0.049,0.078,-0.02,-0.127,-0.171,-0.132,-0.083
1.824,-0.063,-0.083,-0.02,0.073,-0.024,-0.054,0.078,-0.02,-0.127,-0.181,-0.142,-0.088
1.826,-0.063,-0.059,0.005,0.063,-0.034,-0.029,0.078,-0.015,-0.132,-0.181,-0.151,-0.098
1.828,-0.054,-0.039,0.015,0.049,-0.034,-0.015,0.063,-0.024,-0.132,-0.19,-0.166,-0.102
1.83,-0.024,-0.024,0.0,0.024,-0.015,-0.015,0.068,-0.015,-0.117,-0.185,-0.156,-0.098
1.832,-0.039,-0.024,0.015,0.034,-0.029,-0.005,0.073,-0.02,-0.117,-0.185,-0.156,-0.093
1.834,-0.063,-0.034,0.029,0.049,-0.049,-0.005,0.068,-0.029,-0.122,-0.185,-0.156,-0.098
1.836,-0.049,-0.044,0.005,0.049,-0.029,-0.02,0.059,-0.034,-0.122,-0.19,-0.156,-0.098
1.838,-0.034,-0.039,-0.005,0.039,-0.015,-0.024,0.073,-0.02,-0.112,-0.176,-0.142,-0.093
1.84,-0.044,-0.049,-0.005,0.049,-0.02,-0.029,0.078,-0.015,-0.112,-0.171,-0.146,-0.093
1.842,-0.068,-0.063,0.005,0.068,-0.039,-0.029,0.078,-0.005,-0.107,-0.161,-0.146,-0.093
1.844,-0.073,-0.078,-0.005,0.078,-0.034,-0.044,0.078,-0.005,-0.112,-0.171,-0.146,-0.098
1.846,-0.029,-0.078,-0.049,0.054,0.01,-0.063,0.102,0.024,-0.093,-0.151,-0.132,-0.078
1.848,-0.039,-0.122,-0.083,0.083,0.02,-0.102,0.107,0.029,-0.078,-0.142,-0.122,-0.073
1.85,-0.059,-0.146,-0.088,0.102,0.015,-0.117,0.117,0.044,-0.063,-0.132,-0.117,-0.063
1.852,-0.049,-0.142,-0.093,0.098,0.02,-0.117,0.117,0.039,-0.063,-0.132,-0.112,-0.063
1.854,-0.063,-0.132,-0.068,0.098,0.0,-0.102,0.117,0.034,-0.063,-0.132,-0.107,-0.059
1.856,-0.068,-0.044,0.024,0.059,-0.049,-0.01,0.088,0.005,-0.083,-0.161,-0.127,-0.073
1.858,-0.054,0.049,0.102,0.005,-0.078,0.073,0.054,-0.024,-0.117,-0.181,-0.156,-0.112
1.86,-0.059,0.039,0.098,0.01,-0.078,0.068,0.049,-0.029,-0.122,-0.185,-0.161,-0.112
1.862,-0.044,-0.034,0.01,0.039,-0.029,-0.015,0.068,0.005,-0.093,-0.156,-0.132,-0.088
1.864,-0.049,-0.044,0.005,0.049,-0.029,-0.02,0.068,0.015,-0.088,-0.151,-0.127,-0.088
1.866,-0.068,-0.044,0.024,0.059,-0.049,-0.01,0.063,0.01,-0.098,-0.156,-0.142,-0.093
1.868,-0.063,-0.039,0.024,0.054,-0.044,-0.01,0.063,0.0,-0.098,-0.166,-0.146,-0.102
1.87,-0.059,-0.049,0.01,0.054,-0.034,-0.02,0.068,0.01,-0.093,-0.161,-0.146,-0.102
1.872,-0.034,-0.034,0.0,0.034,-0.02,-0.02,0.068,0.005,-0.088,-0.161,-0.142,-0.098
1.874,-0.044,-0.044,0.0,0.044,-0.024,-0.024,0.063,0.005,-0.088,-0.161,-0.142,-0.093
1.876,-0.063,-0.054,0.01,0.059,-0.039,-0.024,0.073,0.015,-0.078,-0.161,-0.142,-0.083
1.878,-0.049,-0.039,0.01,0.044,-0.029,-0.015,0.088,0.024,-0.073,-0.146,-0.132,-0.083
1.88,-0.044,-0.049,-0.005,0.049,-0.02,-0.029,0.093,0.029,-0.068,-0.137,-0.122,-0.073
1.882,-0.039,-0.049,-0.01,0.044,-0.015,-0.029,0.078,0.034,-0.068,-0.142,-0.127,-0.078
1.884,-0.034,-0.054,-0.02,0.044,-0.01,-0.039,0.083,0.044,-0.068,-0.137,-0.117,-0.078
1.886,-0.039,-0.054,-0.015,0.049,-0.015,-0.034,0.073,0.034,-0.073,-0.142,-0.122,-0.083
1.888,-0.049,-0.049,0.0,0.049,-0.024,-0.024,0.078,0.039,-0.078,-0.146,-0.127,-0.088
1.89,-0.049,-0.049,0.0,0.049,-0.024,-0.024,0.078,0.044,-0.073,-0.146,-0.132,-0.093
1.892,-0.054,-0.068,-0.015,0.063,-0.02,-0.044,0.078,0.034,-0.078,-0.146,-0.137,-0.098
1.894,-0.049,-0.054,-0.005,0.054,-0.024,-0.029,0.078,0.039,-0.073,-0.142,-0.132,-0.093
1.896,-0.039,-0.049,-0.01,0.044,-0.015,-0.029,0.078,0.044,-0.059,-0.137,-0.127,-0.083
1.898,-0.044,-0.054,-0.01,0.049,-0.02,-0.034,0.093,0.054,-0.049,-0.122,-0.112,-0.073
1.9,-0.044,-0.059,-0.015,0.054,-0.015,-0.039,0.098,0.054,-0.049,-0.117,-0.112,-0.073
1.902,-0.049,-0.083,-0.034,0.068,-0.01,-0.059,0.093,0.063,-0.044,-0.117,-0.107,-0.068
1.904,-0.049,-0.098,-0.049,0.073,0.0,-0.073,0.093,0.068,-0.039,-0.107,-0.098,-0.063
1.906,-0.049,-0.088,-0.039,0.068,-0.005,-0.063,0.098,0.068,-0.044,-0.107,-0.102,-0.063
1.908,-0.049,-0.127,-0.078,0.088,0.015,-0.102,0.098,0.078,-0.034,-0.102,-0.102,-0.063
1.91,-0.044,-0.112,-0.068,0.078,0.01,-0.093,0.093,0.073,-0.029,-0.107,-0.107,-0.068
1.912,-0.059,-0.083,-0.024,0.073,-0.02,-0.054,0.088,0.059,-0.044,-0.112,-0.117,-0.078
1.914,-0.063,-0.088,-0.024,0.078,-0.02,-0.059,0.083,0.049,-0.049,-0.117,-0.122,-0.083
1.916,-0.039,-0.068,-0.029,0.054,-0.005,-0.049,0.088,0.059,-0.034,-0.112,-0.112,-0.078
1.918,-0.034,-0.024,0.01,0.029,-0.024,-0.01,0.078,0.049,-0.049,-0.117,-0.132,-0.093
1.92,-0.034,-0.029,0.005,0.034,-0.02,-0.015,0.083,0.054,-0.044,-0.112,-0.122,-0.083
1.922,-0.039,-0.059,-0.02,0.049,-0.01,-0.039,0.078,0.059,-0.044,-0.117,-0.117,-0.083
1.924,-0.049,-0.054,-0.005,0.054,-0.024,-0.029,0.073,0.059,-0.049,-0.112,-0.117,-0.078
1.926,-0.024,-0.029,-0.005,0.029,-0.01,-0.02,0.078,0.068,-0.044,-0.107,-0.107,-0.078
1.928,0.0,-0.01,-0.01,0.005,0.005,-0.01,0.073,0.073,-0.034,-0.102,-0.112,-0.083
1.93,-0.029,-0.049,-0.02,0.039,-0.005,-0.034,0.063,0.068,-0.044,-0.117,-0.127,-0.107
1.932,-0.049,-0.054,-0.005,0.054,-0.024,-0.029,0.063,0.063,-0.044,-0.112,-0.127,-0.107
1.934,-0.063,-0.063,0.0,0.063,-0.034,-0.034,0.068,0.068,-0.034,-0.102,-0.117,-0.102
1.936,-0.049,-0.059,-0.01,0.054,-0.02,-0.034,0.078,0.078,-0.015,-0.093,-0.107,-0.083
1.938,-0.034,-0.083,-0.049,0.059,0.005,-0.068,0.088,0.088,-0.01,-0.083,-0.093,-0.073
1.94,-0.044,-0.093,-0.049,0.068,0.0,-0.073,0.078,0.088,-0.015,-0.078,-0.093,-0.073
1.942,-0.049,-0.073,-0.024,0.063,-0.015,-0.049,0.073,0.083,-0.02,-0.088,-0.102,-0.073
1.944,-0.034,-0.063,-0.029,0.049,-0.005,-0.049,0.073,0.088,-0.02,-0.088,-0.098,-0.063
1.946,-0.044,-0.054,-0.01,0.049,-0.02,-0.034,0.059,0.078,-0.039,-0.098,-0.107,-0.088
1.948,-0.029,-0.063,-0.034,0.049,0.0,-0.049,0.068,0.093,-0.015,-0.083,-0.102,-0.083
1.95,-0.034,-0.068,-0.034,0.054,0.0,-0.054,0.059,0.093,-0.02,-0.083,-0.107,-0.088
1.952,-0.044,-0.073,-0.029,0.059,-0.01,-0.054,0.054,0.088,-0.02,-0.083,-0.107,-0.093
1.954,-0.044,-0.063,-0.02,0.054,-0.015,-0.044,0.059,0.088,-0.01,-0.078,-0.098,-0.093
1.956,-0.049,-0.059,-0.01,0.054,-0.02,-0.034,0.054,0.088,-0.005,-0.073,-0.098,-0.088
1.958,-0.02,-0.044,-0.024,0.034,0.0,-0.034,0.063,0.102,0.0,-0.059,-0.083,-0.073
1.96,-0.015,-0.088,-0.073,0.054,0.029,-0.083,0.073,0.122,0.015,-0.034,-0.063,-0.059
1.962,-0.034,-0.117,-0.083,0.078,0.024,-0.102,0.078,0.137,0.024,-0.034,-0.054,-0.054
1.964,-0.024,-0.117,-0.093,0.073,0.034,-0.107,0.083,0.146,0.029,-0.02,-0.049,-0.049
1.966,-0.02,-0.083,-0.063,0.054,0.02,-0.073,0.068,0.137,0.024,-0.024,-0.054,-0.059
1.968,-0.005,-0.088,-0.083,0.049,0.039,-0.088,0.068,0.151,0.034,-0.02,-0.049,-0.054
1.97,0.0,-0.098,-0.098,0.049,0.049,-0.098,0.068,0.151,0.039,-0.024,-0.054,-0.059
1.972,-0.01,-0.02,-0.01,0.015,0.0,-0.015,0.039,0.127,0.02,-0.039,-0.078,-0.078
1.974,-0.01,0.029,0.039,-0.01,-0.024,0.034,0.044,0.127,0.024,-0.034,-0.068,-0.073
1.976,-0.01,0.01,0.02,0.0,-0.015,0.015,0.054,0.137,0.044,-0.024,-0.063,-0.063
1.978,-0.015,-0.034,-0.02,0.024,0.0,-0.029,0.063,0.146,0.049,-0.005,-0.044,-0.054
1.98,-0.01,-0.054,-0.044,0.034,0.015,-0.049,0.059,0.156,0.054,0.005,-0.034,-0.049
1.982,-0.01,-0.044,-0.034,0.029,0.01,-0.039,0.044,0.156,0.054,-0.005,-0.034,-0.054
1.984,-0.015,-0.039,-0.024,0.029,0.005,-0.034,0.044,0.166,0.063,0.01,-0.029,-0.044
1.986,-0.015,-0.044,-0.029,0.029,0.005,-0.039,0.044,0.171,0.063,0.01,-0.029,-0.049
1.988,0.0,-0.044,-0.044,0.024,0.02,-0.044,0.039,0.176,0.073,0.015,-0.029,-0.054
1.99,0.01,-0.024,-0.034,0.01,0.02,-0.029,0.049,0.19,0.088,0.029,-0.015,-0.049
1.992,-0.005,-0.039,-0.034,0.024,0.015,-0.039,0.044,0.185,0.088,0.034,-0.015,-0.054
1.994,-0.005,-0.039,-0.034,0.024,0.015,-0.039,0.049,0.195,0.102,0.044,-0.005,-0.044
1.996,0.0,-0.034,-0.034,0.02,0.015,-0.034,0.054,0.21,0.122,0.063,0.005,-0.024
1.998,-0.005,-0.044,-0.039,0.024,0.015,-0.044,0.059,0.215,0.127,0.078,0.02,-0.02
2.0,-0.005,-0.049,-0.044,0.029,0.02,-0.049,0.059,0.215,0.132,0.088,0.024,-0.01
2.002,0.02,-0.039,-0.059,0.01,0.039,-0.049,0.054,0.22,0.142,0.093,0.034,-0.005
2.004,0.02,-0.029,-0.049,0.005,0.034,-0.039,0.049,0.224,0.146,0.102,0.034,0.0
2.006,0.015,-0.034,-0.049,0.01,0.029,-0.044,0.059,0.244,0.161,0.122,0.054,0.01
2.008,-0.005,-0.044,-0.039,0.024,0.015,-0.044,0.044,0.239,0.156,0.117,0.049,0.0
2.01,-0.005,-0.034,-0.029,0.02,0.01,-0.034,0.039,0.239,0.156,0.117,0.054,0.0
2.012,0.029,-0.024,-0.054,0.0,0.039,-0.039,0.044,0.254,0.171,0.142,0.068,0.005
2.014,0.024,-0.024,-0.049,0.0,0.034,-0.039,0.049,0.259,0.19,0.171,0.093,0.02
2.016,0.02,-0.02,-0.039,0.0,0.029,-0.029,0.044,0.273,0.21,0.185,0.107,0.034
2.018,0.015,-0.039,-0.054,0.015,0.034,-0.049,0.044,0.273,0.22,0.2,0.107,0.024
2.02,0.044,-0.029,-0.073,-0.005,0.059,-0.054,0.039,0.283,0.229,0.22,0.122,0.039
2.022,0.049,-0.024,-0.073,-0.01,0.059,-0.049,0.044,0.298,0.239,0.224,0.132,0.054
2.024,0.044,-0.024,-0.068,-0.01,0.054,-0.049,0.034,0.307,0.249,0.244,0.142,0.054
2.026,0.044,-0.029,-0.073,-0.005,0.059,-0.054,0.034,0.317,0.264,0.268,0.151,0.059
2.028,0.049,-0.015,-0.063,-0.015,0.054,-0.039,0.02,0.317,0.268,0.273,0.151,0.054
2.03,0.049,-0.005,-0.054,-0.02,0.049,-0.029,0.024,0.327,0.288,0.293,0.161,0.068
2.032,0.044,0.02,-0.024,-0.029,0.034,-0.005,0.005,0.322,0.288,0.298,0.166,0.059
2.034,0.054,0.029,-0.024,-0.039,0.039,0.0,0.015,0.322,0.298,0.322,0.19,0.078
2.036,0.068,0.024,-0.044,-0.044,0.054,-0.01,0.01,0.332,0.322,0.342,0.215,0.102
2.038,0.068,0.015,-0.054,-0.039,0.059,-0.02,0.024,0.356,0.346,0.381,0.254,0.122
2.04,0.073,0.029,-0.044,-0.049,0.059,-0.01,0.02,0.366,0.361,0.405,0.268,0.127
2.042,0.073,0.024,-0.049,-0.049,0.059,-0.015,0.015,0.376,0.381,0.42,0.278,0.142
2.044,0.098,0.034,-0.063,-0.063,0.078,-0.015,0.005,0.386,0.39,0.444,0.298,0.146
2.046,0.093,0.024,-0.068,-0.059,0.078,-0.024,0.0,0.39,0.405,0.468,0.307,0.151
2.048,0.088,0.029,-0.059,-0.059,0.073,-0.015,-0.01,0.39,0.415,0.473,0.317,0.151
2.05,0.117,0.044,-0.073,-0.078,0.093,-0.015,-0.02,0.386,0.42,0.483,0.322,0.156
2.052,0.122,0.044,-0.078,-0.083,0.098,-0.02,-0.029,0.395,0.439,0.508,0.342,0.166
2.054,0.132,0.063,-0.068,-0.098,0.098,-0.005,-0.024,0.405,0.459,0.542,0.371,0.185
2.056,0.112,0.024,-0.088,-0.068,0.098,-0.034,-0.029,0.415,0.473,0.561,0.39,0.205
2.058,0.132,0.034,-0.098,-0.083,0.112,-0.034,-0.034,0.429,0.483,0.586,0.415,0.215
2.06,0.142,0.029,-0.112,-0.083,0.127,-0.044,-0.049,0.425,0.498,0.605,0.425,0.224
2.062,0.107,0.0,-0.107,-0.054,0.107,-0.054,-0.044,0.434,0.508,0.62,0.439,0.234
2.064,0.112,0.01,-0.102,-0.059,0.107,-0.049,-0.054,0.444,0.527,0.639,0.454,0.239
2.066,0.132,0.01,-0.122,-0.068,0.127,-0.059,-0.049,0.454,0.537,0.659,0.478,0.254
2.068,0.142,0.024,-0.117,-0.083,0.127,-0.049,-0.054,0.449,0.542,0.669,0.483,0.254
2.07,0.142,0.029,-0.112,-0.083,0.127,-0.044,-0.063,0.449,0.547,0.669,0.488,0.254
2.072,0.137,0.054,-0.083,-0.093,0.107,-0.015,-0.078,0.434,0.542,0.683,0.483,0.249
2.074,0.166,0.112,-0.054,-0.137,0.107,0.029,-0.093,0.42,0.537,0.678,0.503,0.249
2.076,0.161,0.107,-0.054,-0.132,0.107,0.024,-0.093,0.429,0.551,0.693,0.517,0.268
2.078,0.156,0.093,-0.063,-0.122,0.107,0.015,-0.088,0.425,0.556,0.708,0.527,0.278
2.08,0.171,0.093,-0.078,-0.132,0.122,0.005,-0.088,0.42,0.556,0.717,0.537,0.288
2.082,0.161,0.088,-0.073,-0.122,0.117,0.005,-0.093,0.42,0.556,0.717,0.547,0.303
2.084,0.166,0.098,-0.068,-0.132,0.117,0.015,-0.093,0.42,0.556,0.727,0.556,0.307
2.086,0.181,0.107,-0.073,-0.142,0.127,0.015,-0.102,0.41,0.556,0.732,0.556,0.312
2.088,0.185,0.102,-0.083,-0.142,0.132,0.01,-0.107,0.41,0.551,0.727,0.566,0.312
2.09,0.185,0.078,-0.107,-0.132,0.146,-0.015,-0.112,0.42,0.566,0.737,0.576,0.317
2.092,0.185,0.078,-0.107,-0.132,0.146,-0.015,-0.107,0.415,0.571,0.752,0.581,0.322
2.094,0.185,0.102,-0.083,-0.142,0.132,0.01,-0.117,0.405,0.566,0.742,0.581,0.327
2.096,0.166,0.102,-0.063,-0.132,0.112,0.02,-0.112,0.405,0.576,0.747,0.586,0.337
2.098,0.176,0.102,-0.073,-0.137,0.122,0.015,-0.112,0.395,0.566,0.742,0.586,0.337
2.1,0.166,0.059,-0.107,-0.112,0.137,-0.024,-0.102,0.4,0.571,0.756,0.6,0.346
2.102,0.176,0.078,-0.098,-0.127,0.137,-0.01,-0.112,0.386,0.556,0.742,0.59,0.346
2.104,0.2,0.098,-0.102,-0.146,0.151,-0.005,-0.107,0.386,0.547,0.732,0.576,0.342
2.106,0.2,0.107,-0.093,-0.151,0.146,0.005,-0.102,0.386,0.551,0.732,0.581,0.346
2.108,0.171,0.083,-0.088,-0.127,0.127,-0.005,-0.107,0.376,0.537,0.712,0.561,0.337
2.11,0.156,0.073,-0.083,-0.112,0.117,-0.005,-0.112,0.361,0.527,0.698,0.547,0.322
2.112,0.166,0.093,-0.073,-0.127,0.117,0.01,-0.107,0.351,0.517,0.693,0.542,0.317
2.114,0.171,0.107,-0.063,-0.137,0.117,0.02,-0.107,0.342,0.512,0.678,0.537,0.317
2.116,0.176,0.112,-0.063,-0.142,0.117,0.024,-0.102,0.322,0.493,0.654,0.512,0.307
2.118,0.156,0.073,-0.083,-0.112,0.117,-0.005,-0.102,0.307,0.478,0.639,0.498,0.298
2.12,0.151,0.068,-0.083,-0.107,0.117,-0.01,-0.102,0.298,0.459,0.62,0.483,0.293
2.122,0.146,0.083,-0.063,-0.112,0.102,0.01,-0.102,0.283,0.439,0.595,0.468,0.283
2.124,0.151,0.088,-0.063,-0.117,0.107,0.01,-0.102,0.278,0.42,0.566,0.449,0.273
2.126,0.171,0.112,-0.059,-0.142,0.112,0.024,-0.098,0.268,0.405,0.547,0.439,0.273
2.128,0.161,0.102,-0.059,-0.132,0.107,0.02,-0.088,0.259,0.39,0.527,0.42,0.264
2.13,0.127,0.049,-0.078,-0.088,0.102,-0.015,-0.078,0.259,0.381,0.512,0.405,0.259
2.132,0.137,0.034,-0.102,-0.083,0.117,-0.034,-0.068,0.244,0.376,0.493,0.39,0.249
2.134,0.142,0.063,-0.078,-0.102,0.107,-0.01,-0.068,0.224,0.351,0.473,0.366,0.234
2.136,0.117,0.054,-0.063,-0.083,0.088,-0.005,-0.063,0.215,0.337,0.454,0.351,0.224
2.138,0.127,0.098,-0.029,-0.112,0.078,0.034,-0.078,0.181,0.303,0.415,0.322,0.205
2.14,0.122,0.117,-0.005,-0.117,0.063,0.054,-0.093,0.151,0.278,0.381,0.293,0.185
2.142,0.102,0.093,-0.01,-0.098,0.054,0.039,-0.093,0.142,0.244,0.351,0.268,0.166
2.144,0.083,0.073,-0.01,-0.078,0.044,0.029,-0.078,0.146,0.239,0.337,0.254,0.166
2.146,0.083,0.059,-0.024,-0.068,0.054,0.015,-0.078,0.137,0.22,0.312,0.244,0.151
2.148,0.078,0.054,-0.024,-0.063,0.049,0.015,-0.073,0.127,0.21,0.298,0.229,0.161
2.15,0.073,0.044,-0.029,-0.059,0.049,0.005,-0.059,0.122,0.195,0.278,0.205,0.146
2.152,0.049,0.02,-0.029,-0.034,0.039,-0.005,-0.054,0.102,0.176,0.254,0.185,0.122
2.154,0.059,0.044,-0.015,-0.049,0.034,0.015,-0.054,0.088,0.161,0.234,0.166,0.112
2.156,0.073,0.063,-0.01,-0.068,0.039,0.024,-0.049,0.088,0.161,0.22,0.161,0.112
2.158,0.059,0.054,-0.005,-0.054,0.029,0.024,-0.034,0.083,0.151,0.21,0.156,0.107
2.16,0.034,0.034,0.0,-0.034,0.015,0.015,-0.034,0.063,0.132,0.195,0.137,0.093
2.162,0.039,0.029,-0.01,-0.034,0.024,0.01,-0.039,0.054,0.107,0.171,0.112,0.078
2.164,0.039,0.02,-0.02,-0.029,0.029,0.0,-0.039,0.054,0.093,0.151,0.102,0.068
2.166,0.029,0.01,-0.02,-0.02,0.024,-0.005,-0.039,0.034,0.078,0.127,0.078,0.044
2.168,0.024,0.01,-0.015,-0.015,0.02,-0.005,-0.034,0.029,0.063,0.107,0.063,0.044
2.17,0.024,0.02,-0.005,-0.02,0.015,0.005,-0.029,0.024,0.054,0.088,0.054,0.034
2.172,0.034,0.034,0.0,-0.034,0.015,0.015,-0.024,0.015,0.054,0.078,0.044,0.02
2.174,0.039,0.049,0.01,-0.044,0.015,0.029,-0.024,0.01,0.044,0.068,0.029,0.015
2.176,0.034,0.029,-0.005,-0.029,0.02,0.01,-0.01,0.015,0.054,0.063,0.029,0.024
2.178,0.029,0.02,-0.01,-0.024,0.02,0.005,-0.005,0.01,0.034,0.049,0.015,0.015
2.18,0.015,0.01,-0.005,-0.01,0.01,0.0,-0.01,-0.005,0.02,0.034,0.0,0.005
2.182,0.02,0.01,-0.01,-0.015,0.015,0.0,-0.005,0.0,0.01,0.015,-0.005,0.005
2.184,0.02,0.005,-0.015,-0.01,0.015,-0.005,0.0,-0.01,-0.005,-0.005,-0.015,0.0
2.186,0.024,0.015,-0.01,-0.02,0.015,0.0,0.0,-0.015,-0.01,-0.015,-0.02,-0.005
2.188,0.02,0.02,0.0,-0.02,0.01,0.01,-0.005,-0.029,-0.024,-0.034,-0.044,-0.024
2.19,0.0,0.0,0.0,0.0,0.0,0.0,-0.005,-0.034,-0.029,-0.049,-0.054,-0.034
2.192,-0.005,-0.01,-0.005,0.01,0.0,-0.01,0.01,-0.029,-0.029,-0.044,-0.059,-0.044
2.194,0.005,-0.01,-0.015,0.005,0.01,-0.015,0.005,-0.034,-0.039,-0.054,-0.073,-0.049
2.196,0.005,-0.005,-0.01,0.0,0.005,-0.01,0.01,-0.034,-0.034,-0.059,-0.073,-0.049
2.198,-0.02,-0.02,0.0,0.02,-0.01,-0.01,0.02,-0.024,-0.029,-0.054,-0.068,-0.044
2.2,-0.024,-0.024,0.0,0.024,-0.015,-0.015,0.024,-0.034,-0.044,-0.068,-0.083,-0.054
2.202,-0.024,-0.01,0.015,0.02,-0.02,0.0,0.024,-0.024,-0.044,-0.073,-0.088,-0.054
2.204,-0.015,-0.01,0.005,0.015,-0.01,-0.005,0.029,-0.02,-0.049,-0.073,-0.098,-0.054
2.206,-0.015,-0.015,0.0,0.015,-0.01,-0.01,0.029,-0.02,-0.059,-0.088,-0.102,-0.059
2.208,-0.02,-0.034,-0.015,0.029,-0.005,-0.024,0.024,-0.024,-0.063,-0.098,-0.107,-0.063
2.21,-0.024,-0.029,-0.005,0.029,-0.01,-0.02,0.024,-0.024,-0.068,-0.107,-0.112,-0.073
2.212,-0.02,-0.015,0.005,0.02,-0.015,-0.005,0.024,-0.029,-0.068,-0.107,-0.117,-0.073
2.214,-0.015,-0.01,0.005,0.015,-0.01,-0.005,0.024,-0.029,-0.068,-0.117,-0.127,-0.073
2.216,-0.02,-0.015,0.005,0.02,-0.015,-0.005,0.02,-0.039,-0.073,-0.127,-0.127,-0.083
2.218,-0.024,-0.034,-0.01,0.029,-0.01,-0.024,0.024,-0.034,-0.073,-0.122,-0.127,-0.078
2.22,-0.01,-0.005,0.005,0.01,-0.01,0.0,0.034,-0.034,-0.073,-0.117,-0.127,-0.073
2.222,-0.02,-0.024,-0.005,0.024,-0.01,-0.015,0.044,-0.015,-0.059,-0.117,-0.112,-0.063
2.224,-0.024,-0.024,0.0,0.024,-0.015,-0.015,0.049,-0.015,-0.063,-0.122,-0.122,-0.078
2.226,-0.034,-0.029,0.005,0.034,-0.02,-0.015,0.044,-0.02,-0.073,-0.127,-0.137,-0.083
2.228,-0.034,-0.024,0.01,0.029,-0.024,-0.01,0.034,-0.024,-0.083,-0.142,-0.151,-0.093
2.23,-0.044,-0.024,0.02,0.034,-0.034,-0.005,0.034,-0.024,-0.088,-0.151,-0.151,-0.093
2.232,-0.044,-0.024,0.02,0.034,-0.034,-0.005,0.039,-0.02,-0.083,-0.142,-0.151,-0.088
2.234,-0.034,-0.029,0.005,0.034,-0.02,-0.015,0.039,-0.024,-0.078,-0.151,-0.146,-0.093
2.236,-0.044,-0.039,0.005,0.044,-0.024,-0.02,0.039,-0.02,-0.083,-0.151,-0.151,-0.093
2.238,-0.059,-0.049,0.01,0.054,-0.034,-0.02,0.049,-0.02,-0.083,-0.146,-0.146,-0.093
2.24,-0.059,-0.034,0.024,0.049,-0.044,-0.005,0.049,-0.015,-0.078,-0.142,-0.142,-0.093
2.242,-0.029,-0.02,0.01,0.024,-0.02,-0.005,0.044,-0.015,-0.083,-0.142,-0.151,-0.093
2.244,-0.015,-0.005,0.01,0.01,-0.015,0.0,0.054,0.0,-0.073,-0.137,-0.146,-0.088
2.246,-0.029,-0.02,0.01,0.024,-0.02,-0.005,0.054,-0.005,-0.078,-0.142,-0.146,-0.093
2.248,-0.034,-0.024,0.01,0.029,-0.024,-0.01,0.054,-0.01,-0.083,-0.146,-0.151,-0.098
2.25,-0.02,-0.01,0.01,0.015,-0.015,0.0,0.059,-0.005,-0.073,-0.142,-0.151,-0.098
2.252,-0.029,-0.044,-0.015,0.039,-0.01,-0.029,0.068,0.01,-0.054,-0.132,-0.132,-0.088
2.254,-0.029,-0.059,-0.029,0.044,0.0,-0.044,0.068,0.0,-0.054,-0.132,-0.132,-0.083
2.256,-0.029,-0.059,-0.029,0.044,0.0,-0.044,0.068,0.0,-0.054,-0.132,-0.137,-0.088
2.258,-0.034,-0.073,-0.039,0.054,0.0,-0.059,0.068,0.015,-0.049,-0.122,-0.122,-0.078
2.26,-0.029,-0.054,-0.024,0.044,-0.005,-0.039,0.054,0.005,-0.059,-0.127,-0.137,-0.088
2.262,-0.02,-0.015,0.005,0.02,-0.015,-0.005,0.044,-0.005,-0.063,-0.132,-0.146,-0.098
2.264,-0.02,0.02,0.039,0.0,-0.029,0.029,0.039,0.0,-0.063,-0.127,-0.146,-0.098
2.266,-0.01,0.02,0.029,-0.005,-0.02,0.024,0.054,0.015,-0.049,-0.112,-0.127,-0.078
2.268,-0.024,0.0,0.024,0.015,-0.024,0.01,0.044,0.005,-0.054,-0.127,-0.142,-0.093
2.27,-0.044,-0.02,0.024,0.034,-0.034,0.0,0.044,0.01,-0.049,-0.122,-0.132,-0.088
2.272,-0.02,-0.015,0.005,0.02,-0.015,-0.005,0.044,0.01,-0.044,-0.122,-0.127,-0.083
2.274,-0.01,-0.01,0.0,0.01,-0.005,-0.005,0.044,0.005,-0.039,-0.112,-0.122,-0.083
2.276,-0.005,0.0,0.005,0.005,-0.005,0.0,0.044,0.005,-0.034,-0.117,-0.122,-0.078
2.278,-0.015,-0.005,0.01,0.01,-0.015,0.0,0.044,0.005,-0.034,-0.107,-0.117,-0.068
2.28,-0.034,-0.029,0.005,0.034,-0.02,-0.015,0.039,0.005,-0.034,-0.102,-0.117,-0.068
2.282,-0.034,-0.02,0.015,0.029,-0.024,-0.005,0.044,0.005,-0.034,-0.098,-0.112,-0.073
2.284,-0.029,-0.02,0.01,0.024,-0.02,-0.005,0.039,0.015,-0.034,-0.098,-0.117,-0.073
2.286,-0.034,-0.029,0.005,0.034,-0.02,-0.015,0.039,0.015,-0.029,-0.093,-0.107,-0.073
2.288,-0.024,-0.005,0.02,0.015,-0.024,0.005,0.029,0.005,-0.039,-0.102,-0.117,-0.073
2.29,-0.02,-0.005,0.015,0.015,-0.02,0.005,0.029,0.005,-0.039,-0.098,-0.112,-0.073
2.292,-0.02,0.0,0.02,0.01,-0.02,0.01,0.034,0.005,-0.029,-0.088,-0.102,-0.068
2.294,-0.015,0.005,0.02,0.005,-0.02,0.01,0.024,0.0,-0.029,-0.093,-0.107,-0.073
2.296,-0.005,0.005,0.01,0.0,-0.01,0.005,0.034,0.005,-0.024,-0.088,-0.102,-0.063
2.298,-0.005,-0.01,-0.005,0.01,0.0,-0.01,0.034,0.01,-0.02,-0.078,-0.098,-0.063
2.3,-0.02,-0.029,-0.01,0.024,-0.005,-0.02,0.029,0.0,-0.024,-0.083,-0.098,-0.063
2.302,-0.02,-0.02,0.0,0.02,-0.01,-0.01,0.024,0.0,-0.029,-0.083,-0.098,-0.063
2.304,-0.015,-0.005,0.01,0.01,-0.015,0.0,0.029,0.0,-0.029,-0.083,-0.107,-0.063
2.306,-0.029,-0.024,0.005,0.029,-0.02,-0.01,0.029,-0.005,-0.034,-0.088,-0.107,-0.063
2.308,-0.044,-0.024,0.02,0.034,-0.034,-0.005,0.015,-0.01,-0.044,-0.102,-0.117,-0.068
2.31,-0.029,-0.02,0.01,0.024,-0.02,-0.005,0.029,-0.005,-0.034,-0.093,-0.102,-0.054
2.312,-0.01,-0.01,0.0,0.01,-0.005,-0.005,0.034,-0.005,-0.029,-0.088,-0.102,-0.049
2.314,-0.02,0.0,0.02,0.01,-0.02,0.01,0.024,-0.015,-0.029,-0.093,-0.102,-0.054
2.316,-0.039,-0.029,0.01,0.034,-0.024,-0.01,0.015,-0.029,-0.049,-0.102,-0.117,-0.073
2.318,-0.024,-0.02,0.005,0.024,-0.015,-0.01,0.02,-0.029,-0.049,-0.098,-0.107,-0.068
2.32,-0.01,0.0,0.01,0.005,-0.01,0.005,0.024,-0.024,-0.034,-0.088,-0.102,-0.063
2.322,-0.005,0.0,0.005,0.005,-0.005,0.0,0.024,-0.02,-0.034,-0.088,-0.102,-0.063
2.324,0.005,-0.01,-0.015,0.005,0.01,-0.015,0.029,-0.015,-0.034,-0.083,-0.098,-0.054
2.326,-0.01,-0.02,-0.01,0.015,0.0,-0.015,0.02,-0.024,-0.044,-0.093,-0.107,-0.059
2.328,-0.02,-0.005,0.015,0.015,-0.02,0.005,0.024,-0.034,-0.049,-0.102,-0.112,-0.063
2.33,-0.015,0.005,0.02,0.005,-0.02,0.01,0.02,-0.034,-0.049,-0.098,-0.107,-0.059
2.332,-0.024,-0.005,0.02,0.015,-0.024,0.005,0.02,-0.044,-0.054,-0.102,-0.117,-0.063
2.334,-0.02,-0.005,0.015,0.015,-0.02,0.005,0.029,-0.039,-0.049,-0.098,-0.107,-0.063
2.336,-0.02,-0.01,0.01,0.015,-0.015,0.0,0.024,-0.039,-0.049,-0.102,-0.112,-0.063
2.338,-0.02,-0.01,0.01,0.015,-0.015,0.0,0.02,-0.039,-0.054,-0.102,-0.107,-0.063
2.34,-0.005,-0.005,0.0,0.005,-0.005,-0.005,0.029,-0.039,-0.044,-0.093,-0.102,-0.054
2.342,-0.01,-0.01,0.0,0.01,-0.005,-0.005,0.024,-0.039,-0.054,-0.098,-0.107,-0.059
2.344,-0.024,-0.02,0.005,0.024,-0.015,-0.01,0.024,-0.039,-0.059,-0.102,-0.107,-0.059
2.346,-0.005,0.0,0.005,0.005,-0.005,0.0,0.029,-0.039,-0.063,-0.102,-0.112,-0.063
2.348,-0.01,0.0,0.01,0.005,-0.01,0.005,0.02,-0.049,-0.073,-0.117,-0.122,-0.073
2.35,-0.039,-0.029,0.01,0.034,-0.024,-0.01,0.02,-0.063,-0.073,-0.117,-0.127,-0.073
2.352,-0.049,-0.029,0.02,0.039,-0.034,-0.005,0.024,-0.068,-0.068,-0.117,-0.122,-0.068
2.354,-0.034,-0.01,0.024,0.024,-0.029,0.005,0.02,-0.073,-0.068,-0.122,-0.127,-0.073
2.356,-0.029,0.0,0.029,0.015,-0.029,0.015,0.02,-0.078,-0.073,-0.122,-0.132,-0.068
2.358,-0.02,-0.005,0.015,0.015,-0.02,0.005,0.02,-0.073,-0.078,-0.117,-0.127,-0.073
2.36,-0.02,-0.005,0.015,0.015,-0.02,0.005,0.024,-0.068,-0.068,-0.112,-0.122,-0.068
2.362,-0.034,-0.015,0.02,0.024,-0.029,0.0,0.024,-0.063,-0.073,-0.112,-0.132,-0.073
2.364,-0.029,-0.029,0.0,0.029,-0.015,-0.015,0.024,-0.063,-0.073,-0.117,-0.122,-0.073
2.366,-0.024,-0.029,-0.005,0.029,-0.01,-0.02,0.024,-0.063,-0.073,-0.107,-0.122,-0.068
2.368,-0.034,-0.029,0.005,0.034,-0.02,-0.015,0.024,-0.068,-0.078,-0.112,-0.127,-0.073
2.37,-0.034,-0.029,0.005,0.034,-0.02,-0.015,0.01,-0.083,-0.093,-0.137,-0.137,-0.078
2.372,-0.029,-0.029,0.0,0.029,-0.015,-0.015,0.01,-0.083,-0.083,-0.132,-0.132,-0.078
2.374,-0.039,-0.024,0.015,0.034,-0.029,-0.005,0.015,-0.093,-0.093,-0.127,-0.137,-0.083
2.376,-0.029,0.005,0.034,0.015,-0.034,0.02,0.024,-0.088,-0.088,-0.127,-0.132,-0.073
2.378,-0.005,0.015,0.02,-0.005,-0.015,0.015,0.02,-0.083,-0.088,-0.122,-0.127,-0.073
2.38,-0.024,-0.005,0.02,0.015,-0.024,0.005,0.015,-0.088,-0.093,-0.122,-0.132,-0.078
2.382,-0.034,-0.024,0.01,0.029,-0.024,-0.01,0.024,-0.088,-0.088,-0.117,-0.122,-0.068
2.384,-0.029,-0.029,0.0,0.029,-0.015,-0.015,0.024,-0.083,-0.083,-0.117,-0.117,-0.059
2.386,-0.029,-0.024,0.005,0.029,-0.02,-0.01,0.02,-0.088,-0.093,-0.117,-0.117,-0.073
2.388,-0.034,-0.024,0.01,0.029,-0.024,-0.01,0.024,-0.088,-0.083,-0.117,-0.132,-0.078
2.39,-0.029,-0.029,0.0,0.029,-0.015,-0.015,0.02,-0.083,-0.088,-0.132,-0.137,-0.073
2.392,-0.005,-0.015,-0.01,0.01,0.0,-0.015,0.01,-0.093,-0.093,-0.137,-0.142,-0.078
2.394,-0.015,-0.005,0.01,0.01,-0.015,0.0,0.015,-0.093,-0.093,-0.132,-0.137,-0.073
2.396,-0.039,-0.034,0.005,0.039,-0.024,-0.015,0.01,-0.098,-0.093,-0.132,-0.142,-0.078
2.398,-0.049,-0.044,0.005,0.049,-0.029,-0.02,0.02,-0.093,-0.093,-0.127,-0.132,-0.068
2.4,-0.029,-0.015,0.015,0.024,-0.024,0.0,0.024,-0.093,-0.083,-0.127,-0.127,-0.059
2.402,-0.02,-0.005,0.015,0.015,-0.02,0.005,0.024,-0.098,-0.093,-0.132,-0.127,-0.054
2.404,-0.01,-0.005,0.005,0.01,-0.01,0.0,0.015,-0.093,-0.098,-0.132,-0.127,-0.059
2.406,-0.01,-0.015,-0.005,0.015,-0.005,-0.01,0.015,-0.088,-0.093,-0.132,-0.127,-0.068
2.408,-0.02,-0.029,-0.01,0.024,-0.005,-0.02,0.01,-0.098,-0.107,-0.132,-0.142,-0.073
2.41,-0.034,-0.029,0.005,0.034,-0.02,-0.015,0.005,-0.102,-0.102,-0.146,-0.146,-0.078
2.412,-0.039,-0.015,0.024,0.029,-0.034,0.005,0.02,-0.093,-0.083,-0.132,-0.132,-0.063
2.414,-0.029,-0.005,0.024,0.02,-0.029,0.01,0.024,-0.093,-0.088,-0.127,-0.132,-0.063
2.416,-0.039,-0.02,0.02,0.029,-0.029,0.0,0.02,-0.102,-0.093,-0.132,-0.137,-0.068
2.418,-0.029,-0.024,0.005,0.029,-0.02,-0.01,0.015,-0.098,-0.098,-0.137,-0.132,-0.063
2.42,-0.024,-0.029,-0.005,0.029,-0.01,-0.02,0.02,-0.098,-0.088,-0.127,-0.127,-0.063
2.422,-0.024,-0.029,-0.005,0.029,-0.01,-0.02,0.015,-0.102,-0.098,-0.132,-0.137,-0.068
2.424,-0.024,-0.034,-0.01,0.029,-0.01,-0.024,0.01,-0.098,-0.098,-0.142,-0.137,-0.068
2.426,-0.029,-0.034,-0.005,0.034,-0.015,-0.02,0.01,-0.093,-0.098,-0.137,-0.137,-0.068
2.428,-0.029,-0.039,-0.01,0.034,-0.01,-0.024,0.015,-0.093,-0.098,-0.146,-0.142,-0.083
2.43,-0.015,-0.005,0.01,0.01,-0.015,0.0,0.02,-0.088,-0.093,-0.137,-0.137,-0.073
2.432,-0.02,-0.015,0.005,0.02,-0.015,-0.005,0.024,-0.083,-0.083,-0.132,-0.132,-0.068
2.434,-0.034,-0.029,0.005,0.034,-0.02,-0.015,0.01,-0.102,-0.093,-0.142,-0.142,-0.078
2.436,-0.034,-0.029,0.005,0.034,-0.02,-0.015,0.024,-0.098,-0.088,-0.137,-0.132,-0.068
2.438,-0.044,-0.039,0.005,0.044,-0.024,-0.02,0.015,-0.102,-0.098,-0.142,-0.132,-0.073
2.44,-0.034,-0.029,0.005,0.034,-0.02,-0.015,0.024,-0.098,-0.093,-0.132,-0.122,-0.063
2.442,-0.039,-0.024,0.015,0.034,-0.029,-0.005,0.024,-0.098,-0.088,-0.127,-0.122,-0.063
2.444,-0.039,-0.039,0.0,0.039,-0.02,-0.02,0.015,-0.102,-0.102,-0.137,-0.137,-0.073
2.446,-0.039,-0.039,0.0,0.039,-0.02,-0.02,0.02,-0.093,-0.093,-0.137,-0.132,-0.073
2.448,-0.034,-0.034,0.0,0.034,-0.02,-0.02,0.02,-0.093,-0.098,-0.142,-0.142,-0.073
2.45,-0.029,-0.024,0.005,0.029,-0.02,-0.01,0.015,-0.093,-0.098,-0.142,-0.142,-0.078
2.452,-0.024,-0.024,0.0,0.024,-0.015,-0.015,0.02,-0.083,-0.093,-0.137,-0.137,-0.068
2.454,-0.029,-0.024,0.005,0.029,-0.02,-0.01,0.015,-0.098,-0.093,-0.142,-0.137,-0.068
2.456,-0.034,-0.029,0.005,0.034,-0.02,-0.015,0.02,-0.093,-0.088,-0.137,-0.132,-0.059
2.458,-0.029,-0.029,0.0,0.029,-0.015,-0.015,0.02,-0.088,-0.098,-0.132,-0.127,-0.059
2.46,-0.039,-0.044,-0.005,0.044,-0.02,-0.024,0.024,-0.093,-0.093,-0.127,-0.132,-0.063
2.462,-0.039,-0.034,0.005,0.039,-0.024,-0.015,0.024,-0.093,-0.093,-0.132,-0.127,-0.063
2.464,-0.034,-0.034,0.0,0.034,-0.02,-0.02,0.024,-0.098,-0.093,-0.132,-0.132,-0.068
2.466,-0.044,-0.049,-0.005,0.049,-0.02,-0.029,0.01,-0.102,-0.107,-0.146,-0.137,-0.078
2.468,-0.029,-0.044,-0.015,0.039,-0.01,-0.029,0.01,-0.112,-0.112,-0.156,-0.146,-0.083
2.47,-0.049,-0.049,0.0,0.049,-0.024,-0.024,0.01,-0.107,-0.112,-0.151,-0.142,-0.083
2.472,-0.054,-0.049,0.005,0.054,-0.029,-0.024,0.02,-0.102,-0.102,-0.142,-0.137,-0.073
2.474,-0.044,-0.039,0.005,0.044,-0.024,-0.02,0.02,-0.098,-0.088,-0.137,-0.127,-0.068
2.476,-0.029,-0.024,0.005,0.029,-0.02,-0.01,0.029,-0.088,-0.083,-0.132,-0.122,-0.063
2.478,-0.034,-0.029,0.005,0.034,-0.02,-0.015,0.029,-0.088,-0.088,-0.127,-0.117,-0.059
2.48,-0.039,-0.039,0.0,0.039,-0.02,-0.02,0.029,-0.088,-0.083,-0.127,-0.122,-0.063
2.482,-0.015,-0.024,-0.01,0.02,-0.005,-0.02,0.024,-0.098,-0.093,-0.137,-0.132,-0.068
2.484,-0.01,-0.034,-0.024,0.024,0.005,-0.029,0.02,-0.098,-0.102,-0.142,-0.137,-0.073
2.486,-0.044,-0.049,-0.005,0.049,-0.02,-0.029,0.015,-0.102,-0.112,-0.146,-0.146,-0.078
2.488,-0.029,-0.029,0.0,0.029,-0.015,-0.015,0.015,-0.102,-0.102,-0.142,-0.146,-0.078
2.49,-0.034,-0.029,0.005,0.034,-0.02,-0.015,0.015,-0.098,-0.098,-0.146,-0.146,-0.073
2.492,-0.034,-0.039,-0.005,0.039,-0.015,-0.024,0.005,-0.102,-0.107,-0.156,-0.151,-0.078
2.494,-0.029,-0.02,0.01,0.024,-0.02,-0.005,0.024,-0.093,-0.098,-0.142,-0.137,-0.063
2.496,-0.02,-0.02,0.0,0.02,-0.01,-0.01,0.02,-0.093,-0.093,-0.142,-0.132,-0.059
2.498,-0.024,-0.029,-0.005,0.029,-0.01,-0.02,0.024,-0.088,-0.093,-0.142,-0.117,-0.049
2.5,-0.034,-0.029,0.005,0.034,-0.02,-0.015,0.029,-0.093,-0.093,-0.142,-0.127,-0.059
2.502,-0.034,-0.029,0.005,0.034,-0.02,-0.015,0.02,-0.098,-0.093,-0.142,-0.132,-0.063
2.504,-0.034,-0.049,-0.015,0.044,-0.01,-0.034,0.024,-0.088,-0.088,-0.142,-0.127,-0.063
2.506,-0.029,-0.049,-0.02,0.039,-0.005,-0.034,0.015,-0.093,-0.093,-0.142,-0.132,-0.063
2.508,-0.029,-0.039,-0.01,0.034,-0.01,-0.024,0.005,-0.098,-0.098,-0.146,-0.137,-0.078
2.51,-0.049,-0.049,0.0,0.049,-0.024,-0.024,0.01,-0.088,-0.093,-0.142,-0.132,-0.073
2.512,-0.049,-0.059,-0.01,0.054,-0.02,-0.034,0.015,-0.093,-0.098,-0.146,-0.142,-0.073
2.514,-0.015,-0.034,-0.02,0.024,0.0,-0.029,0.015,-0.102,-0.102,-0.146,-0.142,-0.073
2.516,0.01,-0.024,-0.034,0.01,0.02,-0.029,0.015,-0.098,-0.098,-0.146,-0.137,-0.068
2.518,-0.02,-0.044,-0.024,0.034,0.0,-0.034,0.015,-0.093,-0.102,-0.151,-0.132,-0.073
2.52,-0.044,-0.054,-0.01,0.049,-0.02,-0.034,0.029,-0.083,-0.093,-0.137,-0.132,-0.059
2.522,-0.039,-0.049,-0.01,0.044,-0.015,-0.029,0.029,-0.088,-0.093,-0.142,-0.132,-0.063
2.524,-0.029,-0.049,-0.02,0.039,-0.005,-0.034,0.02,-0.098,-0.098,-0.146,-0.137,-0.068
2.526,-0.024,-0.049,-0.024,0.039,0.0,-0.039,0.024,-0.088,-0.093,-0.137,-0.132,-0.063
2.528,-0.034,-0.034,0.0,0.034,-0.02,-0.02,0.024,-0.088,-0.088,-0.142,-0.137,-0.068
2.53,-0.044,-0.039,0.005,0.044,-0.024,-0.02,0.024,-0.088,-0.083,-0.142,-0.132,-0.073
2.532,-0.034,-0.044,-0.01,0.039,-0.015,-0.029,0.02,-0.093,-0.088,-0.142,-0.132,-0.073
2.534,-0.034,-0.039,-0.005,0.039,-0.015,-0.024,0.005,-0.107,-0.102,-0.161,-0.146,-0.083
2.536,-0.034,-0.039,-0.005,0.039,-0.015,-0.024,0.02,-0.098,-0.098,-0.146,-0.137,-0.078
2.538,-0.049,-0.063,-0.015,0.059,-0.02,-0.039,0.029,-0.083,-0.088,-0.137,-0.127,-0.068
2.54,-0.039,-0.054,-0.015,0.049,-0.015,-0.034,0.029,-0.088,-0.093,-0.132,-0.132,-0.063
2.542,-0.024,-0.039,-0.015,0.034,-0.005,-0.029,0.034,-0.088,-0.088,-0.127,-0.122,-0.049
2.544,-0.024,-0.049,-0.024,0.039,0.0,-0.039,0.034,-0.093,-0.088,-0.137,-0.122,-0.049
2.546,-0.029,-0.034,-0.005,0.034,-0.015,-0.02,0.029,-0.098,-0.098,-0.146,-0.127,-0.059
2.548,-0.02,-0.039,-0.02,0.029,0.0,-0.029,0.034,-0.088,-0.088,-0.137,-0.127,-0.063
2.55,-0.024,-0.044,-0.02,0.034,-0.005,-0.034,0.024,-0.098,-0.093,-0.151,-0.137,-0.073
2.552,-0.02,-0.049,-0.029,0.034,0.005,-0.039,0.024,-0.098,-0.098,-0.156,-0.142,-0.073
2.554,-0.029,-0.063,-0.034,0.049,0.0,-0.049,0.029,-0.093,-0.098,-0.151,-0.137,-0.068
2.556,-0.034,-0.068,-0.034,0.054,0.0,-0.054,0.024,-0.098,-0.093,-0.151,-0.142,-0.073
2.558,-0.034,-0.068,-0.034,0.054,0.0,-0.054,0.034,-0.088,-0.093,-0.142,-0.127,-0.059
2.56,-0.039,-0.059,-0.02,0.049,-0.01,-0.039,0.034,-0.093,-0.093,-0.146,-0.132,-0.063
2.562,-0.029,-0.054,-0.024,0.044,-0.005,-0.039,0.029,-0.098,-0.107,-0.146,-0.137,-0.068
2.564,-0.034,-0.063,-0.029,0.049,-0.005,-0.049,0.034,-0.088,-0.098,-0.142,-0.127,-0.063
2.566,-0.029,-0.063,-0.034,0.049,0.0,-0.049,0.039,-0.083,-0.093,-0.142,-0.127,-0.063
2.568,-0.015,-0.049,-0.034,0.034,0.01,-0.044,0.039,-0.088,-0.083,-0.137,-0.132,-0.063
2.57,-0.02,-0.039,-0.02,0.029,0.0,-0.029,0.034,-0.088,-0.093,-0.151,-0.132,-0.068
2.572,-0.024,-0.054,-0.029,0.039,0.0,-0.044,0.034,-0.088,-0.088,-0.146,-0.127,-0.063
2.574,-0.02,-0.044,-0.024,0.034,0.0,-0.034,0.034,-0.088,-0.088,-0.142,-0.127,-0.073
2.576,-0.015,-0.049,-0.034,0.034,0.01,-0.044,0.024,-0.093,-0.088,-0.146,-0.132,-0.073
2.578,-0.029,-0.054,-0.024,0.044,-0.005,-0.039,0.029,-0.093,-0.088,-0.142,-0.127,-0.068
2.58,-0.039,-0.059,-0.02,0.049,-0.01,-0.039,0.039,-0.088,-0.078,-0.132,-0.122,-0.063
2.582,-0.039,-0.054,-0.015,0.049,-0.015,-0.034,0.039,-0.083,-0.083,-0.132,-0.122,-0.063
2.584,-0.024,-0.059,-0.034,0.044,0.005,-0.049,0.034,-0.088,-0.088,-0.137,-0.127,-0.063
2.586,-0.02,-0.044,-0.024,0.034,0.0,-0.034,0.039,-0.083,-0.083,-0.132,-0.122,-0.063
2.588,-0.02,-0.049,-0.029,0.034,0.005,-0.039,0.039,-0.078,-0.078,-0.137,-0.122,-0.059
2.59,-0.039,-0.068,-0.029,0.054,-0.005,-0.049,0.039,-0.083,-0.093,-0.146,-0.127,-0.063
2.592,-0.049,-0.063,-0.015,0.059,-0.02,-0.039,0.039,-0.083,-0.088,-0.146,-0.122,-0.063
2.594,-0.029,-0.049,-0.02,0.039,-0.005,-0.034,0.044,-0.078,-0.093,-0.146,-0.127,-0.063
2.596,-0.034,-0.059,-0.024,0.049,-0.005,-0.044,0.034,-0.083,-0.088,-0.146,-0.132,-0.068
2.598,-0.039,-0.059,-0.02,0.049,-0.01,-0.039,0.044,-0.083,-0.078,-0.142,-0.127,-0.059
2.6,-0.044,-0.068,-0.024,0.059,-0.01,-0.049,0.049,-0.078,-0.078,-0.137,-0.127,-0.059
2.602,-0.049,-0.068,-0.02,0.059,-0.015,-0.044,0.039,-0.088,-0.088,-0.142,-0.132,-0.063
2.604,-0.039,-0.068,-0.029,0.054,-0.005,-0.049,0.034,-0.088,-0.088,-0.151,-0.127,-0.063
2.606,-0.005,-0.049,-0.044,0.029,0.02,-0.049,0.029,-0.083,-0.088,-0.146,-0.132,-0.068
2.608,-0.015,-0.054,-0.039,0.034,0.01,-0.049,0.029,-0.083,-0.093,-0.156,-0.137,-0.073
2.61,-0.034,-0.049,-0.015,0.044,-0.01,-0.034,0.034,-0.088,-0.088,-0.151,-0.137,-0.068
2.612,-0.044,-0.054,-0.01,0.049,-0.02,-0.034,0.034,-0.083,-0.078,-0.146,-0.132,-0.068
2.614,-0.034,-0.044,-0.01,0.039,-0.015,-0.029,0.034,-0.078,-0.083,-0.142,-0.132,-0.073
2.616,-0.024,-0.044,-0.02,0.034,-0.005,-0.034,0.034,-0.083,-0.078,-0.146,-0.132,-0.073
2.618,-0.029,-0.049,-0.02,0.039,-0.005,-0.034,0.039,-0.083,-0.078,-0.142,-0.127,-0.068
2.62,-0.039,-0.054,-0.015,0.049,-0.015,-0.034,0.034,-0.088,-0.088,-0.142,-0.132,-0.068
2.622,-0.044,-0.068,-0.024,0.059,-0.01,-0.049,0.049,-0.083,-0.088,-0.142,-0.127,-0.063
2.624,-0.039,-0.063,-0.024,0.054,-0.01,-0.044,0.039,-0.088,-0.088,-0.151,-0.132,-0.068
2.626,-0.02,-0.044,-0.024,0.034,0.0,-0.034,0.039,-0.088,-0.098,-0.151,-0.137,-0.073
2.628,-0.029,-0.054,-0.024,0.044,-0.005,-0.039,0.034,-0.093,-0.098,-0.156,-0.137,-0.078
2.63,-0.044,-0.073,-0.029,0.059,-0.01,-0.054,0.024,-0.093,-0.098,-0.156,-0.142,-0.083
2.632,-0.034,-0.054,-0.02,0.044,-0.01,-0.039,0.029,-0.093,-0.088,-0.151,-0.132,-0.078
2.634,-0.02,-0.044,-0.024,0.034,0.0,-0.034,0.029,-0.093,-0.088,-0.151,-0.137,-0.078
2.636,-0.015,-0.054,-0.039,0.034,0.01,-0.049,0.029,-0.093,-0.083,-0.151,-0.137,-0.078
2.638,-0.02,-0.039,-0.02,0.029,0.0,-0.029,0.039,-0.078,-0.073,-0.142,-0.127,-0.068
2.64,-0.029,-0.073,-0.044,0.054,0.005,-0.059,0.054,-0.068,-0.073,-0.132,-0.117,-0.059
2.642,-0.029,-0.078,-0.049,0.054,0.01,-0.063,0.049,-0.073,-0.073,-0.132,-0.122,-0.063
2.644,-0.054,-0.102,-0.049,0.078,-0.005,-0.078,0.049,-0.073,-0.073,-0.137,-0.127,-0.068
2.646,-0.039,-0.068,-0.029,0.054,-0.005,-0.049,0.054,-0.063,-0.063,-0.127,-0.117,-0.059
2.648,-0.029,-0.059,-0.029,0.044,0.0,-0.044,0.059,-0.068,-0.063,-0.132,-0.122,-0.063
2.65,-0.034,-0.093,-0.059,0.063,0.01,-0.078,0.049,-0.078,-0.083,-0.151,-0.137,-0.068
2.652,-0.034,-0.063,-0.029,0.049,-0.005,-0.049,0.039,-0.083,-0.088,-0.156,-0.142,-0.073
2.654,-0.029,-0.049,-0.02,0.039,-0.005,-0.034,0.049,-0.078,-0.078,-0.151,-0.137,-0.068
2.656,-0.039,-0.063,-0.024,0.054,-0.01,-0.044,0.044,-0.078,-0.083,-0.156,-0.142,-0.073
2.658,-0.039,-0.059,-0.02,0.049,-0.01,-0.039,0.044,-0.088,-0.083,-0.151,-0.137,-0.068
2.66,-0.024,-0.054,-0.029,0.039,0.0,-0.044,0.044,-0.088,-0.093,-0.151,-0.132,-0.063
2.662,-0.024,-0.044,-0.02,0.034,-0.005,-0.034,0.044,-0.093,-0.093,-0.156,-0.132,-0.078
2.664,-0.024,-0.029,-0.005,0.029,-0.01,-0.02,0.039,-0.083,-0.083,-0.151,-0.132,-0.078
2.666,-0.024,-0.044,-0.02,0.034,-0.005,-0.034,0.039,-0.078,-0.083,-0.151,-0.127,-0.073
2.668,-0.024,-0.044,-0.02,0.034,-0.005,-0.034,0.039,-0.078,-0.083,-0.151,-0.127,-0.078
2.67,-0.029,-0.039,-0.01,0.034,-0.01,-0.024,0.034,-0.083,-0.078,-0.151,-0.127,-0.083
2.672,-0.024,-0.054,-0.029,0.039,0.0,-0.044,0.024,-0.088,-0.088,-0.161,-0.142,-0.088
2.674,-0.039,-0.054,-0.015,0.049,-0.015,-0.034,0.024,-0.088,-0.088,-0.161,-0.137,-0.088
2.676,-0.044,-0.044,0.0,0.044,-0.024,-0.024,0.034,-0.083,-0.083,-0.151,-0.132,-0.083
2.678,-0.024,-0.034,-0.01,0.029,-0.01,-0.024,0.039,-0.078,-0.073,-0.146,-0.132,-0.078
2.68,-0.029,-0.049,-0.02,0.039,-0.005,-0.034,0.044,-0.078,-0.078,-0.146,-0.127,-0.073
2.682,-0.049,-0.049,0.0,0.049,-0.024,-0.024,0.049,-0.073,-0.078,-0.146,-0.127,-0.078
2.684,-0.034,-0.039,-0.005,0.039,-0.015,-0.024,0.049,-0.063,-0.078,-0.146,-0.127,-0.073
2.686,-0.02,-0.039,-0.02,0.029,0.0,-0.029,0.049,-0.063,-0.068,-0.142,-0.122,-0.068
2.688,-0.034,-0.049,-0.015,0.044,-0.01,-0.034,0.044,-0.073,-0.083,-0.151,-0.132,-0.078
2.69,-0.029,-0.039,-0.01,0.034,-0.01,-0.024,0.044,-0.073,-0.073,-0.156,-0.127,-0.073
2.692,-0.024,-0.049,-0.024,0.039,0.0,-0.039,0.044,-0.068,-0.073,-0.151,-0.132,-0.078
2.694,-0.024,-0.073,-0.049,0.049,0.01,-0.063,0.039,-0.078,-0.078,-0.151,-0.132,-0.078
2.696,-0.024,-0.073,-0.049,0.049,0.01,-0.063,0.044,-0.083,-0.073,-0.151,-0.132,-0.073
2.698,-0.039,-0.063,-0.024,0.054,-0.01,-0.044,0.044,-0.078,-0.078,-0.151,-0.127,-0.073
2.7,-0.039,-0.054,-0.015,0.049,-0.015,-0.034,0.039,-0.093,-0.088,-0.151,-0.137,-0.083
2.702,-0.024,-0.034,-0.01,0.029,-0.01,-0.024,0.034,-0.093,-0.093,-0.156,-0.142,-0.088
2.704,-0.039,-0.049,-0.01,0.044,-0.015,-0.029,0.039,-0.083,-0.083,-0.151,-0.132,-0.078
2.706,-0.034,-0.044,-0.01,0.039,-0.015,-0.029,0.039,-0.073,-0.078,-0.151,-0.127,-0.078
2.708,-0.024,-0.039,-0.015,0.034,-0.005,-0.029,0.039,-0.073,-0.078,-0.151,-0.132,-0.083
2.71,-0.015,-0.034,-0.02,0.024,0.0,-0.029,0.034,-0.073,-0.073,-0.151,-0.142,-0.083
2.712,-0.024,-0.049,-0.024,0.039,0.0,-0.039,0.039,-0.068,-0.078,-0.151,-0.142,-0.078
2.714,-0.029,-0.049,-0.02,0.039,-0.005,-0.034,0.034,-0.078,-0.093,-0.156,-0.146,-0.093
2.716,-0.029,-0.044,-0.015,0.039,-0.01,-0.029,0.039,-0.078,-0.088,-0.151,-0.142,-0.083
2.718,-0.044,-0.054,-0.01,0.049,-0.02,-0.034,0.034,-0.078,-0.083,-0.151,-0.137,-0.088
2.72,-0.039,-0.059,-0.02,0.049,-0.01,-0.039,0.034,-0.078,-0.088,-0.151,-0.137,-0.088
2.722,-0.024,-0.059,-0.034,0.044,0.005,-0.049,0.044,-0.073,-0.083,-0.146,-0.127,-0.078
2.724,-0.039,-0.063,-0.024,0.054,-0.01,-0.044,0.044,-0.068,-0.078,-0.151,-0.127,-0.078
2.726,-0.039,-0.088,-0.049,0.063,0.005,-0.068,0.049,-0.054,-0.073,-0.146,-0.127,-0.083
2.728,-0.034,-0.083,-0.049,0.059,0.005,-0.068,0.049,-0.049,-0.068,-0.142,-0.132,-0.078
2.73,-0.039,-0.083,-0.044,0.063,0.0,-0.063,0.049,-0.059,-0.073,-0.146,-0.137,-0.083
2.732,-0.015,-0.068,-0.054,0.044,0.02,-0.063,0.044,-0.059,-0.073,-0.151,-0.137,-0.083
2.734,0.005,-0.039,-0.044,0.02,0.024,-0.044,0.054,-0.054,-0.063,-0.142,-0.127,-0.073
2.736,-0.024,-0.02,0.005,0.024,-0.015,-0.01,0.044,-0.068,-0.073,-0.146,-0.142,-0.083
2.738,-0.02,0.0,0.02,0.01,-0.02,0.01,0.034,-0.078,-0.083,-0.156,-0.142,-0.088
2.74,-0.024,-0.02,0.005,0.024,-0.015,-0.01,0.039,-0.073,-0.083,-0.161,-0.137,-0.083
2.742,-0.024,-0.034,-0.01,0.029,-0.01,-0.024,0.039,-0.073,-0.083,-0.161,-0.132,-0.083
2.744,-0.01,-0.024,-0.015,0.02,0.0,-0.02,0.039,-0.063,-0.083,-0.156,-0.132,-0.083
2.746,-0.01,-0.034,-0.024,0.024,0.005,-0.029,0.039,-0.063,-0.088,-0.161,-0.137,-0.088
2.748,-0.005,-0.029,-0.024,0.02,0.01,-0.029,0.044,-0.054,-0.078,-0.151,-0.137,-0.083
2.75,-0.015,-0.029,-0.015,0.024,0.0,-0.024,0.034,-0.063,-0.083,-0.161,-0.146,-0.093
2.752,-0.039,-0.039,0.0,0.039,-0.02,-0.02,0.039,-0.054,-0.078,-0.156,-0.142,-0.093
2.754,-0.02,-0.02,0.0,0.02,-0.01,-0.01,0.039,-0.063,-0.083,-0.161,-0.142,-0.093
2.756,-0.02,-0.024,-0.005,0.024,-0.01,-0.015,0.039,-0.063,-0.078,-0.161,-0.146,-0.093
2.758,-0.02,-0.049,-0.029,0.034,0.005,-0.039,0.049,-0.054,-0.068,-0.151,-0.132,-0.083
2.76,-0.029,-0.059,-0.029,0.044,0.0,-0.044,0.044,-0.054,-0.068,-0.151,-0.132,-0.083
2.762,-0.029,-0.059,-0.029,0.044,0.0,-0.044,0.044,-0.054,-0.073,-0.156,-0.127,-0.083
2.764,-0.01,-0.02,-0.01,0.015,0.0,-0.015,0.039,-0.049,-0.068,-0.151,-0.132,-0.083
2.766,-0.02,-0.024,-0.005,0.024,-0.01,-0.015,0.039,-0.054,-0.078,-0.161,-0.137,-0.093
2.768,-0.039,-0.049,-0.01,0.044,-0.015,-0.029,0.039,-0.054,-0.078,-0.156,-0.137,-0.093
2.77,-0.039,-0.054,-0.015,0.049,-0.015,-0.034,0.039,-0.054,-0.078,-0.156,-0.137,-0.093
2.772,-0.044,-0.068,-0.024,0.059,-0.01,-0.049,0.049,-0.034,-0.063,-0.146,-0.127,-0.093
2.774,-0.029,-0.054,-0.024,0.044,-0.005,-0.039,0.054,-0.034,-0.059,-0.146,-0.122,-0.088
2.776,-0.029,-0.054,-0.024,0.044,-0.005,-0.039,0.054,-0.034,-0.049,-0.137,-0.122,-0.083
2.778,-0.039,-0.063,-0.024,0.054,-0.01,-0.044,0.049,-0.044,-0.073,-0.151,-0.132,-0.093
2.78,-0.039,-0.054,-0.015,0.049,-0.015,-0.034,0.034,-0.054,-0.078,-0.161,-0.142,-0.107
2.782,-0.029,-0.024,0.005,0.029,-0.02,-0.01,0.029,-0.059,-0.093,-0.171,-0.151,-0.112
2.784,-0.024,-0.024,0.0,0.024,-0.015,-0.015,0.034,-0.054,-0.093,-0.166,-0.156,-0.102
2.786,-0.024,-0.039,-0.015,0.034,-0.005,-0.029,0.039,-0.049,-0.088,-0.166,-0.146,-0.083
2.788,-0.034,-0.039,-0.005,0.039,-0.015,-0.024,0.029,-0.054,-0.093,-0.181,-0.151,-0.098
2.79,-0.044,-0.034,0.01,0.039,-0.029,-0.015,0.029,-0.059,-0.093,-0.176,-0.151,-0.093
2.792,-0.029,-0.039,-0.01,0.034,-0.01,-0.024,0.039,-0.044,-0.083,-0.166,-0.137,-0.088
2.794,-0.024,-0.063,-0.039,0.044,0.005,-0.054,0.049,-0.034,-0.068,-0.151,-0.127,-0.073
2.796,-0.01,-0.078,-0.068,0.044,0.029,-0.073,0.059,-0.02,-0.049,-0.137,-0.117,-0.063
2.798,-0.015,-0.073,-0.059,0.044,0.02,-0.068,0.054,-0.02,-0.059,-0.142,-0.117,-0.068
2.8,-0.024,-0.088,-0.063,0.059,0.02,-0.078,0.054,-0.024,-0.063,-0.146,-0.127,-0.088
2.802,-0.005,-0.039,-0.034,0.024,0.015,-0.039,0.054,-0.02,-0.059,-0.142,-0.127,-0.088
2.804,-0.01,-0.02,-0.01,0.015,0.0,-0.015,0.049,-0.024,-0.063,-0.151,-0.132,-0.093
2.806,-0.029,0.005,0.034,0.015,-0.034,0.02,0.029,-0.049,-0.088,-0.176,-0.156,-0.112
2.808,-0.02,0.01,0.029,0.005,-0.024,0.02,0.029,-0.044,-0.078,-0.171,-0.156,-0.117
2.81,-0.034,-0.01,0.024,0.024,-0.029,0.005,0.024,-0.049,-0.083,-0.171,-0.151,-0.117
2.812,-0.024,-0.015,0.01,0.02,-0.02,-0.005,0.024,-0.044,-0.083,-0.166,-0.151,-0.112
2.814,-0.024,-0.015,0.01,0.02,-0.02,-0.005,0.034,-0.029,-0.078,-0.161,-0.142,-0.107
2.816,-0.034,-0.01,0.024,0.024,-0.029,0.005,0.039,-0.029,-0.068,-0.151,-0.137,-0.102
2.818,-0.039,-0.015,0.024,0.029,-0.034,0.005,0.039,-0.029,-0.073,-0.161,-0.137,-0.102
2.82,-0.034,-0.024,0.01,0.029,-0.024,-0.01,0.044,-0.029,-0.078,-0.166,-0.142,-0.093
2.822,-0.024,-0.02,0.005,0.024,-0.015,-0.01,0.044,-0.024,-0.073,-0.166,-0.142,-0.088
2.824,-0.01,-0.015,-0.005,0.015,-0.005,-0.01,0.054,-0.02,-0.068,-0.161,-0.142,-0.098
2.826,-0.024,-0.015,0.01,0.02,-0.02,-0.005,0.059,-0.015,-0.068,-0.156,-0.142,-0.098
2.828,-0.034,-0.015,0.02,0.024,-0.029,0.0,0.059,-0.01,-0.059,-0.156,-0.137,-0.098
2.83,-0.044,-0.029,0.015,0.039,-0.029,-0.01,0.054,-0.02,-0.068,-0.166,-0.142,-0.098
2.832,-0.005,-0.005,0.0,0.005,-0.005,-0.005,0.054,-0.02,-0.068,-0.161,-0.146,-0.102
2.834,0.005,0.029,0.024,-0.015,-0.01,0.024,0.073,0.0,-0.049,-0.146,-0.122,-0.088
2.836,-0.01,0.024,0.034,-0.005,-0.024,0.029,0.078,0.005,-0.039,-0.142,-0.117,-0.083
2.838,-0.015,0.029,0.044,-0.005,-0.029,0.034,0.088,0.01,-0.039,-0.137,-0.117,-0.078
2.84,0.01,0.049,0.039,-0.029,-0.015,0.044,0.107,0.034,-0.02,-0.112,-0.102,-0.063
2.842,0.015,0.073,0.059,-0.044,-0.024,0.063,0.112,0.049,-0.01,-0.107,-0.093,-0.059
2.844,0.01,0.059,0.049,-0.034,-0.02,0.054,0.117,0.063,0.01,-0.093,-0.088,-0.054
2.846,0.005,0.049,0.044,-0.024,-0.02,0.044,0.127,0.068,0.005,-0.093,-0.093,-0.059
2.848,0.015,0.059,0.044,-0.034,-0.015,0.049,0.132,0.078,0.02,-0.088,-0.088,-0.054
2.85,0.015,0.068,0.054,-0.039,-0.02,0.059,0.132,0.078,0.02,-0.088,-0.088,-0.059
2.852,0.0,0.059,0.059,-0.029,-0.029,0.059,0.127,0.083,0.02,-0.083,-0.093,-0.059
2.854,0.005,0.063,0.059,-0.034,-0.029,0.059,0.127,0.093,0.024,-0.083,-0.088,-0.059
2.856,0.015,0.063,0.049,-0.039,-0.02,0.054,0.137,0.098,0.034,-0.078,-0.078,-0.049
2.858,0.034,0.073,0.039,-0.054,-0.005,0.054,0.137,0.102,0.039,-0.078,-0.068,-0.044
2.86,0.029,0.068,0.039,-0.049,-0.005,0.054,0.132,0.102,0.044,-0.068,-0.068,-0.054
2.862,0.005,0.054,0.049,-0.029,-0.024,0.049,0.122,0.102,0.044,-0.078,-0.073,-0.059
2.864,0.01,0.059,0.049,-0.034,-0.02,0.054,0.132,0.117,0.049,-0.073,-0.063,-0.054
2.866,0.024,0.073,0.049,-0.049,-0.015,0.059,0.142,0.132,0.059,-0.059,-0.054,-0.049
2.868,0.02,0.068,0.049,-0.044,-0.015,0.059,0.137,0.132,0.054,-0.063,-0.063,-0.054
2.87,0.024,0.068,0.044,-0.044,-0.01,0.054,0.142,0.137,0.063,-0.059,-0.059,-0.044
2.872,0.039,0.083,0.044,-0.059,-0.005,0.063,0.127,0.132,0.063,-0.059,-0.059,-0.044
2.874,0.044,0.107,0.063,-0.073,-0.01,0.083,0.102,0.117,0.049,-0.068,-0.063,-0.049
2.876,0.054,0.107,0.054,-0.078,0.0,0.078,0.098,0.107,0.054,-0.068,-0.059,-0.039
2.878,0.039,0.093,0.054,-0.063,-0.01,0.073,0.078,0.102,0.044,-0.078,-0.063,-0.049
2.88,0.029,0.078,0.049,-0.054,-0.01,0.063,0.063,0.088,0.029,-0.078,-0.063,-0.049
2.882,0.024,0.073,0.049,-0.049,-0.015,0.059,0.049,0.078,0.02,-0.093,-0.078,-0.049
2.884,0.024,0.073,0.049,-0.049,-0.015,0.059,0.029,0.059,0.005,-0.098,-0.083,-0.054
2.886,0.044,0.093,0.049,-0.068,-0.005,0.068,0.015,0.049,-0.005,-0.102,-0.083,-0.049
2.888,0.029,0.088,0.059,-0.059,-0.015,0.073,0.01,0.039,-0.01,-0.107,-0.088,-0.049
2.89,0.02,0.083,0.063,-0.049,-0.024,0.073,0.005,0.029,-0.01,-0.122,-0.093,-0.054
2.892,0.029,0.088,0.059,-0.059,-0.015,0.073,0.015,0.034,-0.015,-0.122,-0.083,-0.049
2.894,0.044,0.093,0.049,-0.068,-0.005,0.068,0.015,0.029,-0.024,-0.127,-0.083,-0.049
2.896,0.02,0.068,0.049,-0.044,-0.015,0.059,0.015,0.015,-0.029,-0.137,-0.093,-0.059
2.898,0.015,0.068,0.054,-0.039,-0.02,0.059,0.01,0.015,-0.044,-0.142,-0.098,-0.059
2.9,0.01,0.039,0.029,-0.024,-0.01,0.034,0.0,0.005,-0.054,-0.151,-0.107,-0.063
2.902,0.02,0.039,0.02,-0.029,0.0,0.029,0.0,-0.005,-0.063,-0.161,-0.107,-0.063
2.904,0.024,0.034,0.01,-0.029,0.005,0.02,0.005,0.005,-0.063,-0.156,-0.112,-0.073
2.906,0.01,0.029,0.02,-0.02,-0.005,0.024,0.015,0.005,-0.059,-0.156,-0.112,-0.073
2.908,0.005,0.029,0.024,-0.015,-0.01,0.024,0.015,0.0,-0.063,-0.161,-0.112,-0.083
2.91,0.0,0.015,0.015,-0.005,-0.01,0.015,0.01,-0.005,-0.068,-0.166,-0.122,-0.093
2.912,0.0,0.01,0.01,-0.005,-0.005,0.01,0.015,0.005,-0.054,-0.161,-0.112,-0.088
2.914,0.015,0.015,0.0,-0.015,0.005,0.005,0.01,0.01,-0.054,-0.161,-0.122,-0.088
2.916,0.01,0.005,-0.005,-0.005,0.005,0.0,0.005,0.005,-0.054,-0.166,-0.127,-0.102
2.918,0.02,0.01,-0.01,-0.015,0.015,0.0,0.01,0.01,-0.054,-0.161,-0.127,-0.102
2.92,0.015,0.005,-0.01,-0.01,0.01,-0.005,0.02,0.015,-0.049,-0.151,-0.122,-0.088
2.922,0.015,0.024,0.01,-0.02,0.0,0.015,0.029,0.02,-0.044,-0.151,-0.107,-0.068
2.924,0.015,0.034,0.02,-0.024,-0.005,0.024,0.024,0.029,-0.039,-0.146,-0.102,-0.068
2.926,0.005,0.034,0.029,-0.02,-0.015,0.029,0.034,0.044,-0.029,-0.132,-0.093,-0.063
2.928,0.01,0.044,0.034,-0.024,-0.015,0.039,0.034,0.049,-0.02,-0.127,-0.088,-0.059
2.93,0.02,0.044,0.024,-0.029,-0.005,0.034,0.034,0.059,-0.02,-0.132,-0.088,-0.063
2.932,0.015,0.029,0.015,-0.02,0.0,0.02,0.029,0.044,-0.034,-0.142,-0.107,-0.083
2.934,0.01,0.029,0.02,-0.02,-0.005,0.024,0.034,0.044,-0.039,-0.146,-0.117,-0.093
2.936,-0.005,0.01,0.015,0.0,-0.01,0.01,0.039,0.034,-0.049,-0.156,-0.142,-0.107
2.938,-0.029,-0.015,0.015,0.024,-0.024,0.0,0.049,0.02,-0.068,-0.181,-0.156,-0.132
2.94,-0.034,-0.024,0.01,0.029,-0.024,-0.01,0.054,0.024,-0.068,-0.19,-0.161,-0.142
2.942,-0.039,-0.029,0.01,0.034,-0.024,-0.01,0.054,0.02,-0.073,-0.19,-0.166,-0.137
2.944,-0.044,-0.039,0.005,0.044,-0.024,-0.02,0.049,0.024,-0.078,-0.19,-0.171,-0.142
2.946,-0.054,-0.049,0.005,0.054,-0.029,-0.024,0.039,0.015,-0.088,-0.205,-0.181,-0.151
2.948,-0.063,-0.049,0.015,0.059,-0.039,-0.02,0.024,0.005,-0.098,-0.21,-0.181,-0.146
2.95,-0.029,-0.005,0.024,0.02,-0.029,0.01,0.039,0.015,-0.083,-0.195,-0.166,-0.132
2.952,-0.024,-0.005,0.02,0.015,-0.024,0.005,0.034,0.005,-0.088,-0.205,-0.176,-0.142
2.954,-0.029,-0.01,0.02,0.02,-0.024,0.005,0.039,0.005,-0.093,-0.205,-0.181,-0.146
2.956,-0.034,-0.01,0.024,0.024,-0.029,0.005,0.039,0.01,-0.093,-0.205,-0.176,-0.146
2.958,-0.039,-0.024,0.015,0.034,-0.029,-0.005,0.044,0.01,-0.088,-0.2,-0.176,-0.142
2.96,-0.024,-0.02,0.005,0.024,-0.015,-0.01,0.039,0.01,-0.088,-0.205,-0.185,-0.151
2.962,-0.024,-0.024,0.0,0.024,-0.015,-0.015,0.049,0.024,-0.083,-0.2,-0.181,-0.146
2.964,-0.054,-0.029,0.024,0.044,-0.039,-0.005,0.049,0.024,-0.073,-0.2,-0.181,-0.146
2.966,-0.054,-0.02,0.034,0.039,-0.044,0.005,0.044,0.024,-0.083,-0.2,-0.181,-0.151
2.968,-0.054,-0.024,0.029,0.039,-0.044,0.0,0.039,0.02,-0.093,-0.205,-0.185,-0.161
2.97,-0.049,-0.034,0.015,0.044,-0.034,-0.01,0.024,0.005,-0.102,-0.22,-0.2,-0.171
2.972,-0.024,-0.024,0.0,0.024,-0.015,-0.015,0.039,0.02,-0.088,-0.205,-0.185,-0.166
2.974,-0.044,-0.02,0.024,0.034,-0.034,0.0,0.044,0.024,-0.083,-0.2,-0.185,-0.161
2.976,-0.044,-0.015,0.029,0.029,-0.039,0.005,0.034,0.015,-0.093,-0.205,-0.185,-0.166
2.978,-0.044,-0.02,0.024,0.034,-0.034,0.0,0.039,0.034,-0.083,-0.2,-0.176,-0.156
2.98,-0.039,-0.02,0.02,0.029,-0.029,0.0,0.044,0.034,-0.078,-0.205,-0.181,-0.156
2.982,-0.034,-0.015,0.02,0.024,-0.029,0.0,0.049,0.039,-0.073,-0.205,-0.176,-0.151
2.984,-0.044,-0.01,0.034,0.029,-0.039,0.01,0.044,0.034,-0.078,-0.205,-0.181,-0.151
2.986,-0.044,-0.024,0.02,0.034,-0.034,-0.005,0.039,0.034,-0.088,-0.21,-0.185,-0.166
2.988,-0.029,-0.02,0.01,0.024,-0.02,-0.005,0.044,0.039,-0.083,-0.21,-0.19,-0.171
2.99,-0.029,-0.015,0.015,0.024,-0.024,0.0,0.039,0.039,-0.093,-0.22,-0.19,-0.176
2.992,-0.034,-0.015,0.02,0.024,-0.029,0.0,0.054,0.044,-0.083,-0.215,-0.19,-0.176
2.994,-0.044,-0.024,0.02,0.034,-0.034,-0.005,0.054,0.049,-0.088,-0.22,-0.2,-0.181
2.996,-0.063,-0.044,0.02,0.054,-0.044,-0.015,0.063,0.059,-0.093,-0.234,-0.215,-0.2
2.998,-0.059,-0.059,0.0,0.059,-0.029,-0.029,0.083,0.063,-0.102,-0.259,-0.249,-0.22
3.0,-0.068,-0.088,-0.02,0.078,-0.024,-0.054,0.112,0.078,-0.117,-0.303,-0.288,-0.264
3.002,-0.073,-0.107,-0.034,0.093,-0.02,-0.073,0.151,0.102,-0.142,-0.356,-0.351,-0.307
3.004,-0.098,-0.122,-0.024,0.112,-0.039,-0.073,0.181,0.127,-0.146,-0.4,-0.415,-0.346
3.006,-0.122,-0.127,-0.005,0.127,-0.059,-0.068,0.22,0.156,-0.142,-0.425,-0.449,-0.376
3.008,-0.122,-0.107,0.015,0.117,-0.068,-0.049,0.259,0.21,-0.117,-0.434,-0.468,-0.39
3.01,-0.127,-0.088,0.039,0.107,-0.083,-0.024,0.298,0.264,-0.088,-0.439,-0.493,-0.4
3.012,-0.132,-0.078,0.054,0.107,-0.093,-0.015,0.327,0.381,-0.024,-0.429,-0.503,-0.405
3.014,-0.112,-0.029,0.083,0.073,-0.098,0.024,0.381,0.547,0.078,-0.386,-0.483,-0.376
3.016,-0.102,0.034,0.137,0.034,-0.122,0.083,0.41,0.62,0.122,-0.376,-0.464,-0.346
3.018,-0.073,0.102,0.176,-0.015,-0.127,0.137,0.4,0.615,0.161,-0.332,-0.39,-0.278
3.02,-0.034,0.2,0.234,-0.083,-0.137,0.215,0.342,0.566,0.229,-0.224,-0.254,-0.166
3.022,0.029,0.288,0.259,-0.156,-0.117,0.273,0.249,0.498,0.312,-0.068,-0.073,-0.02
3.024,0.107,0.425,0.317,-0.264,-0.107,0.371,0.122,0.444,0.459,0.181,0.181,0.176
3.026,0.19,0.571,0.381,-0.381,-0.098,0.473,-0.039,0.342,0.63,0.512,0.512,0.42
3.028,0.288,0.712,0.425,-0.498,-0.068,0.566,-0.229,0.229,0.805,0.888,0.878,0.683
3.03,0.381,0.854,0.473,-0.615,-0.049,0.664,-0.415,0.112,0.986,1.283,1.254,0.947
3.032,0.459,0.966,0.508,-0.712,-0.024,0.737,-0.6,-0.039,1.152,1.708,1.64,1.2
3.034,0.512,1.064,0.551,-0.786,-0.02,0.805,-0.766,-0.22,1.298,2.123,2.001,1.444
3.036,0.556,1.147,0.59,-0.849,-0.02,0.869,-0.932,-0.376,1.425,2.489,2.313,1.659
3.038,0.576,1.166,0.59,-0.869,-0.01,0.878,-1.054,-0.449,1.576,2.826,2.572,1.806
3.04,0.62,1.064,0.444,-0.839,0.088,0.752,-1.127,-0.439,1.703,3.06,2.689,1.81
3.042,0.61,0.854,0.244,-0.732,0.181,0.547,-1.152,-0.532,1.566,2.977,2.621,1.703
3.044,0.537,0.639,0.102,-0.586,0.215,0.371,-1.108,-0.649,1.327,2.738,2.416,1.527
3.046,0.473,0.498,0.024,-0.483,0.224,0.259,-1.015,-0.678,1.157,2.557,2.225,1.376
3.048,0.449,0.429,-0.02,-0.439,0.234,0.205,-0.952,-0.732,0.927,2.323,2.015,1.244
3.05,0.39,0.332,-0.059,-0.361,0.224,0.137,-0.888,-0.937,0.444,1.81,1.698,1.069
3.052,0.322,0.224,-0.098,-0.273,0.21,0.063,-0.805,-1.113,-0.151,1.113,1.293,0.844
3.054,0.215,0.088,-0.127,-0.151,0.171,-0.02,-0.669,-1.166,-0.625,0.405,0.825,0.561
3.056,0.127,-0.015,-0.142,-0.054,0.132,-0.078,-0.517,-1.074,-0.805,-0.107,0.395,0.293
3.058,0.088,-0.063,-0.151,-0.01,0.117,-0.107,-0.41,-0.961,-0.859,-0.41,0.073,0.098
3.06,0.044,-0.112,-0.156,0.034,0.098,-0.137,-0.356,-0.878,-0.849,-0.551,-0.151,-0.049
3.062,0.005,-0.156,-0.161,0.078,0.083,-0.161,-0.317,-0.795,-0.805,-0.595,-0.298,-0.161
3.064,-0.015,-0.156,-0.142,0.088,0.063,-0.151,-0.283,-0.693,-0.712,-0.547,-0.312,-0.205
3.066,-0.02,-0.142,-0.122,0.083,0.049,-0.132,-0.239,-0.571,-0.6,-0.468,-0.273,-0.2
3.068,-0.024,-0.098,-0.073,0.063,0.024,-0.088,-0.195,-0.454,-0.503,-0.386,-0.239,-0.195
3.07,-0.02,-0.068,-0.049,0.044,0.015,-0.059,-0.146,-0.361,-0.42,-0.322,-0.205,-0.176
3.072,-0.015,-0.039,-0.024,0.029,0.005,-0.034,-0.102,-0.264,-0.337,-0.273,-0.181,-0.156
3.074,-0.01,-0.024,-0.015,0.02,0.0,-0.02,-0.073,-0.185,-0.288,-0.239,-0.161,-0.151
3.076,0.0,-0.005,-0.005,0.005,0.0,-0.005,-0.044,-0.132,-0.249,-0.224,-0.156,-0.156
3.078,-0.01,0.01,0.02,0.0,-0.015,0.015,-0.02,-0.098,-0.215,-0.21,-0.156,-0.156
3.08,-0.039,0.005,0.044,0.02,-0.044,0.024,0.0,-0.054,-0.181,-0.195,-0.146,-0.146
3.082,-0.054,0.015,0.068,0.02,-0.063,0.039,0.005,-0.044,-0.166,-0.2,-0.142,-0.142
3.084,-0.063,0.015,0.078,0.024,-0.073,0.044,0.024,-0.024,-0.151,-0.2,-0.146,-0.137
3.086,-0.059,-0.005,0.054,0.034,-0.059,0.024,0.039,-0.024,-0.151,-0.215,-0.156,-0.146
3.088,-0.049,0.0,0.049,0.024,-0.049,0.024,0.044,-0.005,-0.151,-0.21,-0.166,-0.151
3.09,-0.049,-0.005,0.044,0.029,-0.049,0.02,0.044,-0.005,-0.151,-0.215,-0.176,-0.156
3.092,-0.044,-0.015,0.029,0.029,-0.039,0.005,0.049,0.01,-0.146,-0.229,-0.176,-0.161
3.094,-0.049,-0.024,0.024,0.039,-0.039,0.0,0.059,0.024,-0.146,-0.224,-0.181,-0.166
3.096,-0.054,-0.029,0.024,0.044,-0.039,-0.005,0.054,0.029,-0.146,-0.234,-0.185,-0.181
3.098,-0.049,-0.02,0.029,0.034,-0.039,0.005,0.059,0.044,-0.127,-0.234,-0.185,-0.176
3.1,-0.054,-0.024,0.029,0.039,-0.044,0.0,0.073,0.059,-0.112,-0.229,-0.181,-0.171
3.102,-0.063,-0.029,0.034,0.049,-0.049,0.0,0.068,0.059,-0.112,-0.224,-0.195,-0.181
3.104,-0.034,0.01,0.044,0.015,-0.039,0.024,0.083,0.068,-0.093,-0.21,-0.181,-0.161
3.106,-0.039,0.0,0.039,0.02,-0.039,0.02,0.083,0.063,-0.093,-0.21,-0.185,-0.156
3.108,-0.044,-0.005,0.039,0.024,-0.044,0.015,0.088,0.059,-0.102,-0.215,-0.185,-0.156
3.11,-0.034,0.01,0.044,0.015,-0.039,0.024,0.098,0.068,-0.093,-0.21,-0.176,-0.151
3.112,-0.049,-0.01,0.039,0.029,-0.044,0.015,0.088,0.068,-0.102,-0.224,-0.181,-0.161
3.114,-0.059,-0.02,0.039,0.039,-0.049,0.01,0.088,0.073,-0.107,-0.229,-0.176,-0.166
3.116,-0.049,-0.005,0.044,0.029,-0.049,0.02,0.088,0.083,-0.102,-0.224,-0.181,-0.171
3.118,-0.034,0.0,0.034,0.02,-0.034,0.015,0.078,0.078,-0.098,-0.229,-0.185,-0.171
3.12,-0.044,-0.005,0.039,0.024,-0.044,0.015,0.088,0.088,-0.088,-0.22,-0.185,-0.166
3.122,-0.049,-0.005,0.044,0.029,-0.049,0.02,0.088,0.088,-0.078,-0.22,-0.19,-0.171
3.124,-0.054,0.0,0.054,0.029,-0.054,0.024,0.093,0.083,-0.078,-0.22,-0.181,-0.166
3.126,-0.063,-0.005,0.059,0.034,-0.063,0.024,0.093,0.083,-0.068,-0.21,-0.176,-0.151
3.128,-0.054,-0.01,0.044,0.034,-0.049,0.015,0.088,0.068,-0.083,-0.21,-0.185,-0.161
3.13,-0.039,-0.005,0.034,0.024,-0.039,0.015,0.083,0.073,-0.083,-0.215,-0.181,-0.166
3.132,-0.039,-0.01,0.029,0.024,-0.034,0.01,0.088,0.083,-0.083,-0.22,-0.181,-0.161
3.134,-0.063,-0.039,0.024,0.054,-0.044,-0.01,0.078,0.078,-0.088,-0.224,-0.19,-0.171
3.136,-0.059,-0.034,0.024,0.049,-0.044,-0.005,0.088,0.083,-0.088,-0.22,-0.185,-0.171
3.138,-0.063,-0.024,0.039,0.044,-0.054,0.005,0.083,0.093,-0.083,-0.224,-0.185,-0.166
3.14,-0.049,-0.02,0.029,0.034,-0.039,0.005,0.088,0.098,-0.073,-0.21,-0.181,-0.171
3.142,-0.039,0.0,0.039,0.02,-0.039,0.02,0.093,0.093,-0.063,-0.205,-0.181,-0.166
3.144,-0.044,0.0,0.044,0.024,-0.044,0.02,0.088,0.088,-0.068,-0.215,-0.181,-0.166
3.146,-0.034,-0.005,0.029,0.02,-0.034,0.01,0.088,0.093,-0.063,-0.21,-0.181,-0.156
3.148,-0.024,0.0,0.024,0.015,-0.024,0.01,0.088,0.093,-0.059,-0.195,-0.171,-0.151
3.15,-0.039,0.0,0.039,0.02,-0.039,0.02,0.093,0.098,-0.059,-0.195,-0.166,-0.151
3.152,-0.054,-0.005,0.049,0.029,-0.054,0.02,0.098,0.112,-0.049,-0.195,-0.161,-0.146
3.154,-0.059,-0.02,0.039,0.039,-0.049,0.01,0.093,0.112,-0.054,-0.195,-0.166,-0.156
3.156,-0.054,-0.01,0.044,0.034,-0.049,0.015,0.083,0.102,-0.068,-0.2,-0.181,-0.166
3.158,-0.039,-0.01,0.029,0.024,-0.034,0.01,0.078,0.102,-0.063,-0.205,-0.181,-0.166
3.16,-0.039,-0.01,0.029,0.024,-0.034,0.01,0.083,0.117,-0.054,-0.2,-0.181,-0.166
3.162,-0.044,-0.005,0.039,0.024,-0.044,0.015,0.088,0.117,-0.054,-0.19,-0.176,-0.166
3.164,-0.054,-0.01,0.044,0.034,-0.049,0.015,0.093,0.112,-0.054,-0.195,-0.176,-0.166
3.166,-0.049,-0.015,0.034,0.034,-0.044,0.01,0.088,0.102,-0.049,-0.19,-0.171,-0.161
3.168,-0.044,-0.01,0.034,0.029,-0.039,0.01,0.093,0.107,-0.044,-0.19,-0.161,-0.156
3.17,-0.024,0.005,0.029,0.01,-0.029,0.015,0.088,0.112,-0.044,-0.176,-0.151,-0.146
3.172,-0.049,-0.005,0.044,0.029,-0.049,0.02,0.093,0.127,-0.034,-0.176,-0.146,-0.146
3.174,-0.063,-0.024,0.039,0.044,-0.054,0.005,0.088,0.127,-0.039,-0.176,-0.156,-0.151
3.176,-0.059,-0.02,0.039,0.039,-0.049,0.01,0.083,0.122,-0.049,-0.185,-0.161,-0.156
3.178,-0.044,-0.005,0.039,0.024,-0.044,0.015,0.083,0.127,-0.044,-0.181,-0.156,-0.151
3.18,-0.059,-0.024,0.034,0.044,-0.049,0.005,0.088,0.132,-0.039,-0.181,-0.156,-0.151
3.182,-0.073,-0.034,0.039,0.054,-0.059,0.0,0.068,0.117,-0.054,-0.195,-0.166,-0.156
3.184,-0.054,-0.024,0.029,0.039,-0.044,0.0,0.073,0.112,-0.054,-0.195,-0.166,-0.151
3.186,-0.039,-0.005,0.034,0.024,-0.039,0.015,0.078,0.117,-0.044,-0.19,-0.156,-0.137
3.188,-0.034,0.0,0.034,0.02,-0.034,0.015,0.088,0.127,-0.034,-0.181,-0.146,-0.127
3.19,-0.034,0.0,0.034,0.02,-0.034,0.015,0.093,0.132,-0.029,-0.171,-0.142,-0.127
3.192,-0.029,-0.005,0.024,0.02,-0.029,0.01,0.093,0.132,-0.034,-0.171,-0.146,-0.137
3.194,-0.029,-0.02,0.01,0.024,-0.02,-0.005,0.083,0.132,-0.034,-0.171,-0.146,-0.142
3.196,-0.054,-0.034,0.02,0.044,-0.039,-0.01,0.083,0.132,-0.039,-0.181,-0.146,-0.142
3.198,-0.054,-0.024,0.029,0.039,-0.044,0.0,0.078,0.137,-0.034,-0.181,-0.146,-0.142
3.2,-0.049,-0.02,0.029,0.034,-0.039,0.005,0.088,0.146,-0.024,-0.176,-0.146,-0.142
3.202,-0.054,-0.029,0.024,0.044,-0.039,-0.005,0.073,0.137,-0.024,-0.171,-0.151,-0.146
3.204,-0.039,-0.024,0.015,0.034,-0.029,-0.005,0.073,0.127,-0.024,-0.166,-0.151,-0.146
3.206,-0.029,-0.015,0.015,0.024,-0.024,0.0,0.073,0.132,-0.024,-0.166,-0.151,-0.146
3.208,-0.024,-0.015,0.01,0.02,-0.02,-0.005,0.083,0.137,-0.02,-0.156,-0.142,-0.137
3.21,-0.01,0.005,0.015,0.005,-0.015,0.01,0.088,0.142,-0.015,-0.151,-0.132,-0.127
3.212,-0.029,-0.01,0.02,0.02,-0.024,0.005,0.088,0.137,-0.024,-0.161,-0.137,-0.132
3.214,-0.049,-0.034,0.015,0.044,-0.034,-0.01,0.078,0.142,-0.024,-0.161,-0.142,-0.137
3.216,-0.034,-0.024,0.01,0.029,-0.024,-0.01,0.078,0.146,-0.02,-0.156,-0.137,-0.137
3.218,-0.029,-0.024,0.005,0.029,-0.02,-0.01,0.073,0.156,-0.015,-0.156,-0.137,-0.137
3.22,-0.029,-0.024,0.005,0.029,-0.02,-0.01,0.073,0.146,-0.01,-0.156,-0.137,-0.137
3.222,-0.015,-0.005,0.01,0.01,-0.015,0.0,0.073,0.146,-0.005,-0.151,-0.132,-0.127
3.224,-0.015,-0.01,0.005,0.015,-0.01,-0.005,0.083,0.146,0.0,-0.142,-0.127,-0.122
3.226,-0.029,-0.02,0.01,0.024,-0.02,-0.005,0.083,0.142,-0.005,-0.151,-0.132,-0.132
3.228,-0.049,-0.039,0.01,0.044,-0.029,-0.015,0.083,0.132,-0.01,-0.142,-0.127,-0.127
3.23,-0.039,-0.029,0.01,0.034,-0.024,-0.01,0.083,0.137,-0.01,-0.137,-0.127,-0.127
3.232,-0.024,-0.02,0.005,0.024,-0.015,-0.01,0.088,0.146,-0.005,-0.132,-0.122,-0.122
3.234,-0.034,-0.024,0.01,0.029,-0.024,-0.01,0.073,0.156,0.0,-0.132,-0.127,-0.127
3.236,-0.034,-0.024,0.01,0.029,-0.024,-0.01,0.073,0.156,-0.005,-0.132,-0.127,-0.127
3.238,-0.029,-0.029,0.0,0.029,-0.015,-0.015,0.068,0.166,0.005,-0.132,-0.127,-0.132
3.24,-0.034,-0.02,0.015,0.029,-0.024,-0.005,0.078,0.176,0.02,-0.117,-0.112,-0.122
3.242,-0.024,-0.015,0.01,0.02,-0.02,-0.005,0.073,0.176,0.024,-0.112,-0.112,-0.112
3.244,-0.029,-0.024,0.005,0.029,-0.02,-0.01,0.073,0.161,0.02,-0.107,-0.107,-0.107
3.246,-0.029,-0.024,0.005,0.029,-0.02,-0.01,0.063,0.156,0.024,-0.112,-0.112,-0.112
3.248,-0.024,-0.02,0.005,0.024,-0.015,-0.01,0.068,0.161,0.024,-0.102,-0.102,-0.107
3.25,-0.034,-0.015,0.02,0.024,-0.029,0.0,0.063,0.156,0.02,-0.098,-0.102,-0.107
3.252,-0.02,-0.02,0.0,0.02,-0.01,-0.01,0.068,0.161,0.024,-0.098,-0.098,-0.107
3.254,-0.02,-0.029,-0.01,0.024,-0.005,-0.02,0.063,0.176,0.024,-0.093,-0.093,-0.102
3.256,-0.029,-0.024,0.005,0.029,-0.02,-0.01,0.063,0.181,0.024,-0.088,-0.093,-0.102
3.258,-0.015,-0.015,0.0,0.015,-0.01,-0.01,0.059,0.181,0.029,-0.088,-0.093,-0.107
3.26,-0.024,-0.029,-0.005,0.029,-0.01,-0.02,0.068,0.185,0.044,-0.083,-0.088,-0.107
3.262,-0.015,-0.024,-0.01,0.02,-0.005,-0.02,0.059,0.185,0.049,-0.073,-0.083,-0.102
3.264,-0.015,-0.02,-0.005,0.02,-0.005,-0.015,0.063,0.185,0.054,-0.063,-0.068,-0.098
3.266,-0.02,-0.02,0.0,0.02,-0.01,-0.01,0.063,0.19,0.063,-0.054,-0.059,-0.088
3.268,-0.01,-0.005,0.005,0.01,-0.01,0.0,0.059,0.19,0.063,-0.049,-0.054,-0.083
3.27,0.0,-0.005,-0.005,0.005,0.0,-0.005,0.054,0.19,0.054,-0.044,-0.049,-0.083
3.272,-0.005,-0.01,-0.005,0.01,0.0,-0.01,0.049,0.195,0.059,-0.049,-0.059,-0.093
3.274,-0.01,-0.02,-0.01,0.015,0.0,-0.015,0.039,0.195,0.059,-0.044,-0.059,-0.088
3.276,-0.024,-0.029,-0.005,0.029,-0.01,-0.02,0.049,0.21,0.063,-0.034,-0.049,-0.083
3.278,-0.005,-0.02,-0.015,0.015,0.005,-0.02,0.044,0.22,0.073,-0.034,-0.049,-0.078
3.28,0.005,-0.01,-0.015,0.005,0.01,-0.015,0.044,0.22,0.088,-0.034,-0.044,-0.078
3.282,0.01,-0.01,-0.02,0.0,0.015,-0.015,0.039,0.215,0.093,-0.024,-0.034,-0.078
3.284,0.0,-0.005,-0.005,0.005,0.0,-0.005,0.049,0.224,0.102,-0.01,-0.029,-0.068
3.286,0.015,0.015,0.0,-0.015,0.005,0.005,0.054,0.234,0.122,0.015,-0.015,-0.054
3.288,0.02,0.02,0.0,-0.02,0.01,0.01,0.054,0.249,0.127,0.024,0.0,-0.044
3.29,0.015,0.01,-0.005,-0.01,0.01,0.0,0.044,0.239,0.117,0.024,0.0,-0.044
3.292,0.01,-0.015,-0.024,0.005,0.015,-0.02,0.039,0.239,0.112,0.02,-0.005,-0.054
3.294,0.01,-0.005,-0.015,0.0,0.01,-0.01,0.034,0.249,0.122,0.034,0.015,-0.039
3.296,0.034,0.029,-0.005,-0.029,0.02,0.01,0.049,0.273,0.142,0.059,0.034,-0.029
3.298,0.029,0.02,-0.01,-0.024,0.02,0.005,0.044,0.278,0.151,0.063,0.029,-0.034
3.3,0.029,0.015,-0.015,-0.02,0.02,0.0,0.039,0.283,0.166,0.073,0.039,-0.034
3.302,0.034,0.02,-0.015,-0.024,0.024,0.0,0.029,0.283,0.171,0.083,0.044,-0.029
3.304,0.024,0.015,-0.01,-0.02,0.015,0.0,0.029,0.278,0.181,0.093,0.054,-0.02
3.306,0.024,0.015,-0.01,-0.02,0.015,0.0,0.034,0.283,0.195,0.107,0.068,-0.01
3.308,0.034,0.029,-0.005,-0.029,0.02,0.01,0.034,0.303,0.21,0.132,0.098,0.015
3.31,0.049,0.039,-0.01,-0.044,0.029,0.015,0.034,0.303,0.21,0.142,0.107,0.024
3.312,0.063,0.049,-0.015,-0.054,0.039,0.015,0.034,0.307,0.224,0.156,0.112,0.024
3.314,0.044,0.039,-0.005,-0.039,0.024,0.015,0.024,0.312,0.224,0.166,0.127,0.034
3.316,0.029,0.029,0.0,-0.029,0.015,0.015,0.029,0.322,0.229,0.176,0.137,0.039
3.318,0.059,0.039,-0.02,-0.049,0.039,0.01,0.024,0.332,0.239,0.19,0.142,0.039
3.32,0.059,0.034,-0.024,-0.044,0.039,0.005,0.015,0.327,0.249,0.2,0.151,0.039
3.322,0.054,0.029,-0.024,-0.039,0.039,0.0,0.01,0.322,0.254,0.215,0.161,0.049
3.324,0.063,0.039,-0.024,-0.049,0.044,0.005,0.01,0.337,0.278,0.244,0.181,0.063
3.326,0.088,0.059,-0.029,-0.073,0.059,0.015,0.005,0.346,0.293,0.264,0.2,0.073
3.328,0.088,0.068,-0.02,-0.078,0.054,0.024,0.01,0.356,0.312,0.298,0.224,0.093
3.33,0.078,0.063,-0.015,-0.068,0.044,0.024,0.01,0.366,0.322,0.317,0.239,0.102
3.332,0.093,0.063,-0.029,-0.078,0.059,0.015,0.0,0.376,0.332,0.332,0.254,0.107
3.334,0.088,0.059,-0.029,-0.073,0.059,0.015,-0.01,0.381,0.337,0.351,0.264,0.112
3.336,0.093,0.063,-0.029,-0.078,0.059,0.015,-0.015,0.386,0.342,0.361,0.278,0.117
3.338,0.088,0.049,-0.039,-0.068,0.063,0.005,-0.005,0.395,0.371,0.381,0.298,0.137
3.34,0.093,0.054,-0.039,-0.073,0.063,0.005,-0.02,0.395,0.376,0.395,0.307,0.142
3.342,0.102,0.068,-0.034,-0.083,0.068,0.015,-0.024,0.395,0.386,0.415,0.327,0.156
3.344,0.102,0.073,-0.029,-0.088,0.063,0.02,-0.024,0.4,0.4,0.444,0.356,0.176
3.346,0.112,0.078,-0.034,-0.093,0.073,0.02,-0.029,0.4,0.415,0.454,0.366,0.185
3.348,0.132,0.088,-0.044,-0.107,0.088,0.02,-0.034,0.405,0.429,0.483,0.386,0.195
3.35,0.146,0.098,-0.049,-0.122,0.098,0.024,-0.039,0.415,0.439,0.498,0.405,0.205
3.352,0.146,0.102,-0.044,-0.122,0.093,0.029,-0.044,0.415,0.444,0.517,0.42,0.224
3.354,0.151,0.112,-0.039,-0.132,0.093,0.034,-0.044,0.425,0.454,0.532,0.434,0.229
3.356,0.146,0.093,-0.054,-0.117,0.098,0.02,-0.049,0.429,0.459,0.542,0.444,0.229
3.358,0.142,0.068,-0.073,-0.102,0.107,-0.005,-0.059,0.42,0.464,0.547,0.444,0.234
3.36,0.137,0.059,-0.078,-0.098,0.107,-0.01,-0.063,0.41,0.464,0.556,0.459,0.234
3.362,0.142,0.098,-0.044,-0.117,0.093,0.024,-0.073,0.41,0.473,0.571,0.468,0.249
3.364,0.151,0.112,-0.039,-0.132,0.093,0.034,-0.078,0.405,0.478,0.586,0.483,0.264
3.366,0.156,0.093,-0.063,-0.122,0.107,0.015,-0.083,0.4,0.483,0.595,0.488,0.264
3.368,0.171,0.117,-0.054,-0.142,0.112,0.029,-0.083,0.405,0.493,0.61,0.517,0.283
3.37,0.176,0.122,-0.054,-0.146,0.112,0.034,-0.078,0.41,0.498,0.63,0.527,0.288
3.372,0.166,0.117,-0.049,-0.142,0.107,0.034,-0.088,0.4,0.498,0.625,0.527,0.293
3.374,0.171,0.122,-0.049,-0.146,0.107,0.034,-0.083,0.41,0.498,0.639,0.537,0.298
3.376,0.171,0.117,-0.054,-0.142,0.112,0.029,-0.088,0.41,0.493,0.639,0.547,0.307
3.378,0.171,0.112,-0.059,-0.142,0.112,0.024,-0.093,0.395,0.498,0.634,0.542,0.303
3.38,0.181,0.117,-0.063,-0.146,0.122,0.024,-0.098,0.395,0.493,0.634,0.551,0.317
3.382,0.185,0.112,-0.073,-0.146,0.127,0.02,-0.093,0.39,0.508,0.644,0.561,0.322
3.384,0.181,0.112,-0.068,-0.146,0.122,0.02,-0.107,0.371,0.493,0.644,0.556,0.312
3.386,0.171,0.107,-0.063,-0.137,0.117,0.02,-0.107,0.366,0.498,0.649,0.561,0.312
3.388,0.171,0.117,-0.054,-0.142,0.112,0.029,-0.102,0.366,0.493,0.649,0.566,0.322
3.39,0.171,0.117,-0.054,-0.142,0.112,0.029,-0.098,0.361,0.493,0.654,0.566,0.327
3.392,0.181,0.122,-0.059,-0.151,0.117,0.029,-0.107,0.351,0.483,0.639,0.556,0.327
3.394,0.181,0.122,-0.059,-0.151,0.117,0.029,-0.107,0.346,0.468,0.63,0.556,0.327
3.396,0.195,0.137,-0.059,-0.166,0.127,0.039,-0.107,0.346,0.459,0.625,0.556,0.337
3.398,0.19,0.127,-0.063,-0.156,0.127,0.029,-0.107,0.337,0.459,0.615,0.547,0.337
3.4,0.185,0.122,-0.063,-0.151,0.122,0.029,-0.112,0.327,0.444,0.59,0.537,0.327
3.402,0.176,0.117,-0.059,-0.146,0.117,0.029,-0.107,0.312,0.439,0.586,0.522,0.317
3.404,0.176,0.112,-0.063,-0.142,0.117,0.024,-0.112,0.293,0.429,0.571,0.512,0.312
3.406,0.171,0.098,-0.073,-0.132,0.122,0.01,-0.107,0.283,0.429,0.571,0.508,0.307
3.408,0.151,0.083,-0.068,-0.117,0.107,0.005,-0.102,0.278,0.41,0.556,0.503,0.307
3.41,0.146,0.093,-0.054,-0.117,0.098,0.02,-0.102,0.268,0.4,0.537,0.478,0.293
3.412,0.181,0.127,-0.054,-0.151,0.117,0.034,-0.102,0.259,0.39,0.527,0.473,0.298
3.414,0.156,0.102,-0.054,-0.127,0.102,0.024,-0.098,0.259,0.376,0.512,0.464,0.283
3.416,0.127,0.088,-0.039,-0.107,0.083,0.024,-0.098,0.239,0.351,0.483,0.439,0.259
3.418,0.151,0.098,-0.054,-0.122,0.102,0.02,-0.093,0.224,0.337,0.459,0.415,0.249
3.42,0.137,0.093,-0.044,-0.112,0.088,0.024,-0.088,0.22,0.327,0.444,0.405,0.259
3.422,0.146,0.107,-0.039,-0.127,0.093,0.034,-0.083,0.205,0.312,0.425,0.386,0.244
3.424,0.146,0.102,-0.044,-0.122,0.093,0.029,-0.083,0.19,0.307,0.405,0.371,0.234
3.426,0.142,0.093,-0.049,-0.117,0.093,0.02,-0.078,0.181,0.293,0.395,0.356,0.224
3.428,0.142,0.093,-0.049,-0.117,0.093,0.02,-0.073,0.156,0.264,0.371,0.337,0.22
3.43,0.122,0.078,-0.044,-0.098,0.083,0.015,-0.083,0.142,0.239,0.337,0.312,0.205
3.432,0.102,0.073,-0.029,-0.088,0.063,0.02,-0.073,0.137,0.234,0.327,0.303,0.205
3.434,0.093,0.078,-0.015,-0.083,0.054,0.029,-0.073,0.142,0.224,0.312,0.293,0.195
3.436,0.088,0.063,-0.024,-0.073,0.054,0.02,-0.073,0.127,0.19,0.283,0.273,0.171
3.438,0.088,0.063,-0.024,-0.073,0.054,0.02,-0.068,0.107,0.176,0.259,0.249,0.161
3.44,0.083,0.068,-0.015,-0.073,0.049,0.024,-0.059,0.107,0.171,0.244,0.239,0.161
3.442,0.073,0.068,-0.005,-0.068,0.039,0.029,-0.063,0.083,0.146,0.224,0.21,0.142
3.444,0.063,0.054,-0.01,-0.059,0.034,0.02,-0.059,0.068,0.142,0.205,0.2,0.132
3.446,0.063,0.044,-0.02,-0.054,0.039,0.01,-0.049,0.068,0.137,0.195,0.19,0.127
3.448,0.063,0.059,-0.005,-0.059,0.034,0.024,-0.049,0.049,0.122,0.181,0.176,0.122
3.45,0.073,0.059,-0.015,-0.063,0.044,0.02,-0.044,0.049,0.112,0.166,0.166,0.117
3.452,0.063,0.049,-0.015,-0.054,0.039,0.015,-0.044,0.044,0.093,0.151,0.151,0.107
3.454,0.054,0.049,-0.005,-0.049,0.029,0.02,-0.039,0.039,0.078,0.122,0.127,0.093
3.456,0.044,0.039,-0.005,-0.039,0.024,0.015,-0.039,0.029,0.063,0.112,0.117,0.078
3.458,0.044,0.02,-0.024,-0.029,0.034,-0.005,-0.039,0.015,0.044,0.088,0.098,0.068
3.46,0.034,0.02,-0.015,-0.024,0.024,0.0,-0.039,0.005,0.034,0.078,0.083,0.068
3.462,0.034,0.015,-0.02,-0.024,0.024,-0.005,-0.029,0.005,0.034,0.068,0.073,0.063
3.464,0.02,0.005,-0.015,-0.01,0.015,-0.005,-0.024,-0.005,0.024,0.054,0.068,0.059
3.466,0.024,0.015,-0.01,-0.02,0.015,0.0,-0.024,-0.01,0.024,0.054,0.063,0.054
3.468,0.039,0.029,-0.01,-0.034,0.024,0.01,-0.02,-0.015,0.015,0.044,0.059,0.049
3.47,0.034,0.02,-0.015,-0.024,0.024,0.0,-0.01,-0.01,0.005,0.034,0.054,0.049
3.472,0.02,0.005,-0.015,-0.01,0.015,-0.005,-0.015,-0.015,-0.005,0.02,0.039,0.039
3.474,0.02,0.005,-0.015,-0.01,0.015,-0.005,-0.015,-0.015,-0.015,0.005,0.029,0.024
3.476,0.024,0.005,-0.02,-0.015,0.02,-0.01,-0.015,-0.024,-0.029,-0.01,0.02,0.015
3.478,0.02,0.0,-0.02,-0.01,0.02,-0.01,-0.015,-0.034,-0.034,-0.024,0.0,0.0
3.48,0.02,0.0,-0.02,-0.01,0.02,-0.01,-0.015,-0.039,-0.049,-0.034,-0.01,-0.005
3.482,0.005,0.0,-0.005,0.0,0.005,-0.005,0.0,-0.034,-0.044,-0.039,-0.01,-0.005
3.484,0.0,-0.005,-0.005,0.005,0.0,-0.005,0.005,-0.034,-0.039,-0.034,-0.015,0.0
3.486,0.005,0.0,-0.005,0.0,0.005,-0.005,0.01,-0.034,-0.034,-0.034,-0.02,0.0
3.488,-0.005,0.0,0.005,0.005,-0.005,0.0,0.015,-0.034,-0.044,-0.039,-0.029,-0.005
3.49,-0.005,-0.015,-0.01,0.01,0.0,-0.015,0.015,-0.039,-0.059,-0.054,-0.034,-0.01
3.492,-0.015,-0.02,-0.005,0.02,-0.005,-0.015,0.02,-0.039,-0.063,-0.068,-0.034,-0.005
3.494,-0.029,-0.034,-0.005,0.034,-0.015,-0.02,0.02,-0.034,-0.068,-0.088,-0.034,-0.005
3.496,-0.01,-0.02,-0.01,0.015,0.0,-0.015,0.02,-0.039,-0.073,-0.083,-0.034,-0.01
3.498,0.005,-0.015,-0.02,0.005,0.01,-0.02,0.02,-0.039,-0.078,-0.098,-0.049,-0.024
3.5,-0.005,-0.024,-0.02,0.015,0.005,-0.024,0.015,-0.044,-0.088,-0.098,-0.059,-0.024
3.502,-0.024,-0.039,-0.015,0.034,-0.005,-0.029,0.015,-0.044,-0.088,-0.107,-0.068,-0.034
3.504,-0.024,-0.029,-0.005,0.029,-0.01,-0.02,0.024,-0.044,-0.088,-0.107,-0.068,-0.034
3.506,-0.01,-0.02,-0.01,0.015,0.0,-0.015,0.024,-0.039,-0.083,-0.102,-0.063,-0.029
3.508,0.0,-0.015,-0.015,0.01,0.005,-0.015,0.02,-0.039,-0.083,-0.102,-0.063,-0.034
3.51,-0.024,-0.02,0.005,0.024,-0.015,-0.01,0.034,-0.029,-0.078,-0.102,-0.063,-0.024
3.512,-0.02,-0.02,0.0,0.02,-0.01,-0.01,0.029,-0.029,-0.083,-0.107,-0.068,-0.029
3.514,-0.024,-0.034,-0.01,0.029,-0.01,-0.024,0.039,-0.015,-0.073,-0.107,-0.063,-0.029
3.516,-0.034,-0.034,0.0,0.034,-0.02,-0.02,0.034,-0.015,-0.083,-0.112,-0.073,-0.039
3.518,-0.024,-0.029,-0.005,0.029,-0.01,-0.02,0.039,-0.02,-0.078,-0.117,-0.078,-0.034
3.52,-0.034,-0.044,-0.01,0.039,-0.015,-0.029,0.029,-0.024,-0.083,-0.122,-0.078,-0.039
3.522,-0.024,-0.044,-0.02,0.034,-0.005,-0.034,0.029,-0.034,-0.083,-0.127,-0.088,-0.044
3.524,-0.015,-0.024,-0.01,0.02,-0.005,-0.02,0.034,-0.029,-0.083,-0.117,-0.083,-0.039
3.526,-0.029,-0.034,-0.005,0.034,-0.015,-0.02,0.034,-0.02,-0.078,-0.112,-0.083,-0.039
3.528,-0.034,-0.049,-0.015,0.044,-0.01,-0.034,0.039,-0.02,-0.078,-0.112,-0.073,-0.039
3.53,-0.039,-0.039,0.0,0.039,-0.02,-0.02,0.044,-0.02,-0.083,-0.112,-0.078,-0.039
3.532,-0.029,-0.039,-0.01,0.034,-0.01,-0.024,0.044,-0.015,-0.073,-0.102,-0.073,-0.034
3.534,-0.015,-0.039,-0.024,0.029,0.005,-0.034,0.049,0.0,-0.063,-0.102,-0.078,-0.034
3.536,-0.024,-0.034,-0.01,0.029,-0.01,-0.024,0.049,0.005,-0.059,-0.093,-0.078,-0.034
3.538,-0.024,-0.044,-0.02,0.034,-0.005,-0.034,0.049,0.005,-0.054,-0.093,-0.078,-0.034
3.54,-0.034,-0.049,-0.015,0.044,-0.01,-0.034,0.044,0.01,-0.039,-0.083,-0.068,-0.029
3.542,-0.054,-0.054,0.0,0.054,-0.029,-0.029,0.039,0.0,-0.054,-0.093,-0.083,-0.039
3.544,-0.044,-0.039,0.005,0.044,-0.024,-0.02,0.044,-0.005,-0.044,-0.078,-0.073,-0.034
3.546,-0.034,-0.034,0.0,0.034,-0.02,-0.02,0.049,0.0,-0.034,-0.068,-0.068,-0.029
3.548,-0.044,-0.044,0.0,0.044,-0.024,-0.024,0.034,0.005,-0.044,-0.059,-0.059,-0.034
3.55,-0.059,-0.049,0.01,0.054,-0.034,-0.02,0.034,-0.005,-0.044,-0.068,-0.068,-0.044
3.552,-0.049,-0.054,-0.005,0.054,-0.024,-0.029,0.034,0.0,-0.039,-0.059,-0.063,-0.039
3.554,-0.029,-0.044,-0.015,0.039,-0.01,-0.029,0.044,0.015,-0.024,-0.054,-0.054,-0.034
3.556,-0.024,-0.049,-0.024,0.039,0.0,-0.039,0.054,0.029,-0.015,-0.039,-0.044,-0.029
3.558,-0.024,-0.059,-0.034,0.044,0.005,-0.049,0.054,0.024,-0.01,-0.034,-0.044,-0.024
3.56,-0.02,-0.039,-0.02,0.029,0.0,-0.029,0.044,0.024,-0.015,-0.034,-0.044,-0.034
3.562,-0.015,-0.044,-0.029,0.029,0.005,-0.039,0.044,0.029,-0.005,-0.034,-0.044,-0.039
3.564,-0.01,-0.034,-0.024,0.024,0.005,-0.029,0.049,0.024,0.0,-0.02,-0.034,-0.024
3.566,-0.02,-0.034,-0.015,0.029,-0.005,-0.024,0.049,0.024,0.005,-0.015,-0.034,-0.02
3.568,-0.024,-0.039,-0.015,0.034,-0.005,-0.029,0.034,0.015,-0.01,-0.024,-0.044,-0.029
3.57,-0.02,-0.044,-0.024,0.034,0.0,-0.034,0.034,0.01,-0.015,-0.024,-0.044,-0.024
3.572,-0.015,-0.034,-0.02,0.024,0.0,-0.029,0.034,0.015,-0.01,-0.005,-0.034,-0.015
3.574,-0.02,-0.044,-0.024,0.034,0.0,-0.034,0.034,0.024,-0.01,-0.005,-0.034,-0.015
3.576,-0.024,-0.044,-0.02,0.034,-0.005,-0.034,0.039,0.029,-0.005,0.0,-0.029,-0.005
3.578,-0.029,-0.054,-0.024,0.044,-0.005,-0.039,0.044,0.02,-0.005,-0.01,-0.029,0.0
3.58,-0.039,-0.054,-0.015,0.049,-0.015,-0.034,0.029,0.01,-0.02,-0.015,-0.02,0.0
3.582,-0.02,-0.039,-0.02,0.029,0.0,-0.029,0.034,0.005,-0.01,-0.015,-0.02,-0.005
3.584,-0.02,-0.039,-0.02,0.029,0.0,-0.029,0.029,-0.005,-0.015,-0.005,-0.034,-0.01
3.586,-0.02,-0.044,-0.024,0.034,0.0,-0.034,0.024,-0.005,-0.015,-0.01,-0.034,-0.015
3.588,-0.024,-0.044,-0.02,0.034,-0.005,-0.034,0.024,0.0,-0.015,0.0,-0.024,0.0
3.59,-0.029,-0.059,-0.029,0.044,0.0,-0.044,0.02,-0.01,-0.02,-0.005,-0.029,-0.005
3.592,-0.029,-0.068,-0.039,0.049,0.005,-0.054,0.015,-0.024,-0.024,-0.01,-0.024,-0.005
3.594,-0.015,-0.054,-0.039,0.034,0.01,-0.049,0.024,-0.005,-0.02,0.0,-0.015,0.005
3.596,-0.015,-0.054,-0.039,0.034,0.01,-0.049,0.015,-0.01,-0.024,-0.005,-0.02,0.0
3.598,-0.034,-0.059,-0.024,0.049,-0.005,-0.044,0.015,-0.015,-0.024,0.0,-0.024,0.0
3.6,-0.039,-0.059,-0.02,0.049,-0.01,-0.039,0.01,-0.02,-0.034,-0.005,-0.039,-0.01
3.602,-0.015,-0.049,-0.034,0.034,0.01,-0.044,0.015,-0.02,-0.029,-0.005,-0.029,-0.005
3.604,-0.015,-0.039,-0.024,0.029,0.005,-0.034,0.024,-0.02,-0.024,0.0,-0.024,0.0
3.606,-0.02,-0.039,-0.02,0.029,0.0,-0.029,0.02,-0.024,-0.024,0.0,-0.024,0.0
3.608,-0.01,-0.034,-0.024,0.024,0.005,-0.029,0.015,-0.029,-0.029,0.0,-0.02,0.005
3.61,-0.024,-0.049,-0.024,0.039,0.0,-0.039,0.015,-0.044,-0.034,-0.01,-0.024,0.005
3.612,-0.024,-0.049,-0.024,0.039,0.0,-0.039,0.01,-0.049,-0.049,-0.015,-0.024,0.005
3.614,-0.024,-0.054,-0.029,0.039,0.0,-0.044,0.01,-0.044,-0.044,-0.015,-0.024,0.0
3.616,-0.029,-0.054,-0.024,0.044,-0.005,-0.039,0.01,-0.049,-0.059,-0.02,-0.029,-0.005
3.618,-0.029,-0.063,-0.034,0.049,0.0,-0.049,0.0,-0.063,-0.068,-0.029,-0.034,-0.01
3.62,-0.02,-0.059,-0.039,0.039,0.01,-0.049,0.005,-0.054,-0.059,-0.02,-0.029,-0.005
3.622,-0.01,-0.034,-0.024,0.024,0.005,-0.029,0.0,-0.063,-0.063,-0.024,-0.034,-0.01
3.624,-0.015,-0.039,-0.024,0.029,0.005,-0.034,0.01,-0.063,-0.059,-0.015,-0.029,0.0
3.626,-0.029,-0.054,-0.024,0.044,-0.005,-0.039,0.005,-0.068,-0.063,-0.024,-0.034,-0.01
3.628,-0.044,-0.049,-0.005,0.049,-0.02,-0.029,0.01,-0.063,-0.063,-0.02,-0.029,0.0
3.63,-0.029,-0.039,-0.01,0.034,-0.01,-0.024,0.015,-0.059,-0.063,-0.015,-0.024,0.01
3.632,-0.029,-0.054,-0.024,0.044,-0.005,-0.039,0.005,-0.063,-0.068,-0.02,-0.024,0.005
3.634,-0.034,-0.054,-0.02,0.044,-0.01,-0.039,0.005,-0.068,-0.078,-0.034,-0.034,0.0
3.636,-0.029,-0.044,-0.015,0.039,-0.01,-0.029,0.005,-0.068,-0.073,-0.029,-0.034,0.0
3.638,-0.034,-0.068,-0.034,0.054,0.0,-0.054,0.0,-0.078,-0.083,-0.034,-0.044,-0.005
3.64,-0.029,-0.054,-0.024,0.044,-0.005,-0.039,0.0,-0.073,-0.083,-0.034,-0.044,-0.005
3.642,-0.024,-0.044,-0.02,0.034,-0.005,-0.034,0.005,-0.078,-0.083,-0.039,-0.044,-0.005
3.644,-0.024,-0.054,-0.029,0.039,0.0,-0.044,0.0,-0.088,-0.078,-0.039,-0.044,-0.005
3.646,-0.039,-0.049,-0.01,0.044,-0.015,-0.029,0.005,-0.088,-0.073,-0.039,-0.039,0.0
3.648,-0.02,-0.049,-0.029,0.034,0.005,-0.039,0.015,-0.088,-0.073,-0.034,-0.034,0.005
3.65,-0.01,-0.054,-0.044,0.034,0.015,-0.049,0.01,-0.088,-0.083,-0.039,-0.034,-0.005
3.652,-0.015,-0.044,-0.029,0.029,0.005,-0.039,0.005,-0.088,-0.088,-0.039,-0.034,-0.005
3.654,-0.034,-0.054,-0.02,0.044,-0.01,-0.039,0.01,-0.088,-0.088,-0.039,-0.039,-0.01
3.656,-0.024,-0.049,-0.024,0.039,0.0,-0.039,0.005,-0.093,-0.088,-0.049,-0.044,-0.01
3.658,-0.015,-0.049,-0.034,0.034,0.01,-0.044,0.0,-0.098,-0.088,-0.049,-0.049,-0.015
3.66,-0.01,-0.044,-0.034,0.029,0.01,-0.039,0.0,-0.098,-0.088,-0.049,-0.044,-0.015
3.662,-0.024,-0.044,-0.02,0.034,-0.005,-0.034,0.01,-0.098,-0.088,-0.054,-0.044,-0.01
3.664,-0.049,-0.063,-0.015,0.059,-0.02,-0.039,0.0,-0.117,-0.102,-0.068,-0.054,-0.015
3.666,-0.039,-0.063,-0.024,0.054,-0.01,-0.044,-0.005,-0.117,-0.102,-0.059,-0.054,-0.015
3.668,-0.024,-0.044,-0.02,0.034,-0.005,-0.034,0.0,-0.117,-0.102,-0.059,-0.054,-0.005
3.67,-0.034,-0.049,-0.015,0.044,-0.01,-0.034,-0.005,-0.122,-0.112,-0.063,-0.054,0.005
3.672,-0.029,-0.049,-0.02,0.039,-0.005,-0.034,0.0,-0.122,-0.107,-0.063,-0.044,0.0
3.674,-0.024,-0.044,-0.02,0.034,-0.005,-0.034,0.0,-0.107,-0.107,-0.059,-0.054,-0.005
3.676,-0.01,-0.039,-0.029,0.024,0.01,-0.034,-0.015,-0.122,-0.117,-0.073,-0.068,-0.02
3.678,-0.024,-0.059,-0.034,0.044,0.005,-0.049,-0.005,-0.122,-0.112,-0.063,-0.059,-0.015
3.68,-0.049,-0.073,-0.024,0.063,-0.015,-0.049,-0.01,-0.122,-0.122,-0.068,-0.063,-0.02
3.682,-0.049,-0.073,-0.024,0.063,-0.015,-0.049,-0.005,-0.117,-0.112,-0.063,-0.059,-0.02
3.684,-0.049,-0.068,-0.02,0.059,-0.015,-0.044,0.0,-0.117,-0.102,-0.054,-0.054,-0.01
3.686,-0.039,-0.063,-0.024,0.054,-0.01,-0.044,-0.01,-0.127,-0.107,-0.063,-0.059,-0.015
3.688,-0.034,-0.054,-0.02,0.044,-0.01,-0.039,-0.01,-0.127,-0.107,-0.059,-0.059,-0.01
3.69,-0.039,-0.059,-0.02,0.049,-0.01,-0.039,-0.015,-0.127,-0.112,-0.068,-0.059,-0.015
3.692,-0.044,-0.068,-0.024,0.059,-0.01,-0.049,-0.015,-0.132,-0.112,-0.073,-0.059,-0.015
3.694,-0.044,-0.068,-0.024,0.059,-0.01,-0.049,-0.005,-0.127,-0.102,-0.068,-0.054,-0.01
3.696,-0.029,-0.063,-0.034,0.049,0.0,-0.049,0.0,-0.122,-0.107,-0.068,-0.049,-0.01
3.698,-0.02,-0.054,-0.034,0.039,0.005,-0.044,0.0,-0.117,-0.107,-0.068,-0.054,-0.005
3.7,-0.02,-0.049,-0.029,0.034,0.005,-0.039,-0.01,-0.127,-0.112,-0.073,-0.059,-0.015
3.702,-0.029,-0.054,-0.024,0.044,-0.005,-0.039,-0.005,-0.127,-0.112,-0.073,-0.059,-0.02
3.704,-0.039,-0.063,-0.024,0.054,-0.01,-0.044,0.0,-0.127,-0.112,-0.068,-0.054,-0.01
3.706,-0.049,-0.063,-0.015,0.059,-0.02,-0.039,-0.005,-0.127,-0.112,-0.068,-0.054,-0.01
3.708,-0.039,-0.059,-0.02,0.049,-0.01,-0.039,-0.015,-0.137,-0.122,-0.078,-0.068,-0.02
3.71,-0.029,-0.059,-0.029,0.044,0.0,-0.044,-0.005,-0.137,-0.122,-0.068,-0.063,-0.015
3.712,-0.059,-0.068,-0.01,0.063,-0.024,-0.039,-0.005,-0.132,-0.112,-0.068,-0.059,-0.01
3.714,-0.044,-0.068,-0.024,0.059,-0.01,-0.049,-0.005,-0.137,-0.112,-0.068,-0.063,-0.015
3.716,-0.049,-0.068,-0.02,0.059,-0.015,-0.044,-0.015,-0.142,-0.127,-0.078,-0.073,-0.029
3.718,-0.059,-0.083,-0.024,0.073,-0.02,-0.054,-0.01,-0.142,-0.117,-0.073,-0.073,-0.024
3.72,-0.049,-0.059,-0.01,0.054,-0.02,-0.034,-0.005,-0.127,-0.112,-0.068,-0.063,-0.02
3.722,-0.059,-0.083,-0.024,0.073,-0.02,-0.054,-0.005,-0.132,-0.117,-0.073,-0.068,-0.024
3.724,-0.054,-0.088,-0.034,0.073,-0.01,-0.063,-0.005,-0.137,-0.117,-0.068,-0.063,-0.02
3.726,-0.049,-0.063,-0.015,0.059,-0.02,-0.039,-0.01,-0.127,-0.117,-0.068,-0.063,-0.02
3.728,-0.02,-0.039,-0.02,0.029,0.0,-0.029,-0.01,-0.137,-0.122,-0.073,-0.063,-0.02
3.73,-0.015,-0.039,-0.024,0.029,0.005,-0.034,-0.02,-0.142,-0.127,-0.083,-0.068,-0.024
3.732,-0.029,-0.054,-0.024,0.044,-0.005,-0.039,-0.005,-0.132,-0.112,-0.073,-0.059,-0.01
3.734,-0.024,-0.078,-0.054,0.054,0.015,-0.068,-0.005,-0.132,-0.117,-0.078,-0.063,-0.015
3.736,-0.029,-0.083,-0.054,0.059,0.01,-0.068,0.0,-0.127,-0.112,-0.073,-0.059,-0.015
3.738,-0.044,-0.068,-0.024,0.059,-0.01,-0.049,-0.01,-0.132,-0.117,-0.078,-0.063,-0.02
3.74,-0.034,-0.063,-0.029,0.049,-0.005,-0.049,0.0,-0.127,-0.107,-0.073,-0.059,-0.02
3.742,-0.02,-0.039,-0.02,0.029,0.0,-0.029,-0.005,-0.127,-0.117,-0.073,-0.068,-0.015
3.744,-0.024,-0.044,-0.02,0.034,-0.005,-0.034,-0.01,-0.132,-0.117,-0.078,-0.068,-0.02
3.746,-0.024,-0.044,-0.02,0.034,-0.005,-0.034,-0.01,-0.127,-0.117,-0.073,-0.068,-0.02
3.748,-0.044,-0.059,-0.015,0.054,-0.015,-0.039,-0.015,-0.142,-0.127,-0.083,-0.073,-0.024
3.75,-0.054,-0.068,-0.015,0.063,-0.02,-0.044,-0.02,-0.151,-0.132,-0.088,-0.078,-0.024
3.752,-0.034,-0.054,-0.02,0.044,-0.01,-0.039,-0.01,-0.137,-0.117,-0.078,-0.068,-0.02
3.754,-0.029,-0.049,-0.02,0.039,-0.005,-0.034,-0.015,-0.142,-0.127,-0.083,-0.073,-0.02
3.756,-0.039,-0.054,-0.015,0.049,-0.015,-0.034,-0.015,-0.146,-0.127,-0.088,-0.073,-0.024
3.758,-0.054,-0.054,0.0,0.054,-0.029,-0.029,-0.01,-0.142,-0.127,-0.088,-0.073,-0.024
3.76,-0.059,-0.068,-0.01,0.063,-0.024,-0.039,-0.015,-0.142,-0.127,-0.088,-0.073,-0.034
3.762,-0.049,-0.059,-0.01,0.054,-0.02,-0.034,-0.01,-0.137,-0.117,-0.078,-0.073,-0.034
3.764,-0.034,-0.049,-0.015,0.044,-0.01,-0.034,-0.01,-0.132,-0.117,-0.073,-0.068,-0.029
3.766,-0.029,-0.063,-0.034,0.049,0.0,-0.049,-0.015,-0.142,-0.122,-0.083,-0.073,-0.034
3.768,-0.049,-0.068,-0.02,0.059,-0.015,-0.044,-0.01,-0.142,-0.117,-0.078,-0.068,-0.024
3.77,-0.054,-0.068,-0.015,0.063,-0.02,-0.044,-0.015,-0.137,-0.122,-0.078,-0.068,-0.024
3.772,-0.054,-0.078,-0.024,0.068,-0.015,-0.054,-0.015,-0.142,-0.122,-0.078,-0.068,-0.034
3.774,-0.049,-0.068,-0.02,0.059,-0.015,-0.044,-0.02,-0.146,-0.127,-0.088,-0.073,-0.034
3.776,-0.054,-0.068,-0.015,0.063,-0.02,-0.044,-0.02,-0.146,-0.132,-0.093,-0.078,-0.034
3.778,-0.039,-0.059,-0.02,0.049,-0.01,-0.039,-0.015,-0.142,-0.122,-0.088,-0.073,-0.029
3.78,-0.034,-0.059,-0.024,0.049,-0.005,-0.044,-0.015,-0.137,-0.117,-0.083,-0.078,-0.029
3.782,-0.044,-0.059,-0.015,0.054,-0.015,-0.039,-0.01,-0.142,-0.127,-0.093,-0.088,-0.034
3.784,-0.059,-0.068,-0.01,0.063,-0.024,-0.039,-0.01,-0.142,-0.127,-0.088,-0.078,-0.024
3.786,-0.054,-0.059,-0.005,0.059,-0.024,-0.034,-0.01,-0.146,-0.122,-0.088,-0.073,-0.02
3.788,-0.039,-0.054,-0.015,0.049,-0.015,-0.034,-0.005,-0.142,-0.122,-0.088,-0.068,-0.02
3.79,-0.034,-0.049,-0.015,0.044,-0.01,-0.034,-0.005,-0.142,-0.117,-0.088,-0.068,-0.02
3.792,-0.029,-0.054,-0.024,0.044,-0.005,-0.039,-0.01,-0.142,-0.122,-0.088,-0.068,-0.02
3.794,-0.024,-0.059,-0.034,0.044,0.005,-0.049,-0.015,-0.142,-0.127,-0.088,-0.073,-0.024
3.796,-0.029,-0.059,-0.029,0.044,0.0,-0.044,-0.02,-0.146,-0.132,-0.093,-0.078,-0.029
3.798,-0.039,-0.049,-0.01,0.044,-0.015,-0.029,-0.02,-0.146,-0.132,-0.093,-0.078,-0.034
3.8,-0.034,-0.059,-0.024,0.049,-0.005,-0.044,-0.015,-0.142,-0.122,-0.093,-0.073,-0.034
3.802,-0.034,-0.059,-0.024,0.049,-0.005,-0.044,-0.015,-0.146,-0.122,-0.088,-0.078,-0.029
3.804,-0.063,-0.078,-0.015,0.073,-0.024,-0.049,-0.02,-0.151,-0.132,-0.093,-0.078,-0.034
3.806,-0.054,-0.078,-0.024,0.068,-0.015,-0.054,-0.02,-0.146,-0.127,-0.093,-0.083,-0.039
3.808,-0.049,-0.073,-0.024,0.063,-0.015,-0.049,-0.02,-0.146,-0.132,-0.098,-0.083,-0.034
3.81,-0.034,-0.049,-0.015,0.044,-0.01,-0.034,-0.005,-0.137,-0.122,-0.083,-0.068,-0.02
3.812,-0.049,-0.059,-0.01,0.054,-0.02,-0.034,-0.005,-0.137,-0.117,-0.088,-0.068,-0.024
3.814,-0.063,-0.078,-0.015,0.073,-0.024,-0.049,-0.02,-0.146,-0.132,-0.102,-0.083,-0.034
3.816,-0.059,-0.083,-0.024,0.073,-0.02,-0.054,-0.02,-0.142,-0.132,-0.102,-0.083,-0.034
3.818,-0.044,-0.083,-0.039,0.063,-0.005,-0.063,-0.015,-0.137,-0.122,-0.093,-0.078,-0.029
3.82,-0.02,-0.054,-0.034,0.039,0.005,-0.044,-0.01,-0.142,-0.122,-0.098,-0.078,-0.034
3.822,-0.029,-0.049,-0.02,0.039,-0.005,-0.034,-0.01,-0.142,-0.127,-0.093,-0.083,-0.034
3.824,-0.039,-0.068,-0.029,0.054,-0.005,-0.049,-0.01,-0.137,-0.127,-0.093,-0.078,-0.034
3.826,-0.029,-0.054,-0.024,0.044,-0.005,-0.039,-0.005,-0.132,-0.117,-0.083,-0.063,-0.024
3.828,-0.034,-0.049,-0.015,0.044,-0.01,-0.034,-0.005,-0.132,-0.122,-0.083,-0.068,-0.029
3.83,-0.054,-0.049,0.005,0.054,-0.029,-0.024,-0.01,-0.132,-0.127,-0.083,-0.073,-0.029
3.832,-0.044,-0.049,-0.005,0.049,-0.02,-0.029,-0.005,-0.132,-0.132,-0.088,-0.083,-0.029
3.834,-0.034,-0.054,-0.02,0.044,-0.01,-0.039,-0.005,-0.137,-0.132,-0.093,-0.088,-0.024
3.836,-0.02,-0.044,-0.024,0.034,0.0,-0.034,-0.005,-0.127,-0.127,-0.093,-0.088,-0.024
3.838,-0.034,-0.044,-0.01,0.039,-0.015,-0.029,-0.005,-0.132,-0.127,-0.093,-0.083,-0.024
3.84,-0.044,-0.059,-0.015,0.054,-0.015,-0.039,-0.005,-0.132,-0.132,-0.098,-0.083,-0.029
3.842,-0.039,-0.054,-0.015,0.049,-0.015,-0.034,-0.005,-0.137,-0.127,-0.098,-0.083,-0.029
3.844,-0.044,-0.054,-0.01,0.049,-0.02,-0.034,-0.015,-0.142,-0.132,-0.102,-0.093,-0.044
3.846,-0.039,-0.039,0.0,0.039,-0.02,-0.02,-0.015,-0.146,-0.137,-0.102,-0.093,-0.044
3.848,-0.029,-0.044,-0.015,0.039,-0.01,-0.029,-0.01,-0.137,-0.132,-0.098,-0.083,-0.039
3.85,-0.044,-0.063,-0.02,0.054,-0.015,-0.044,-0.005,-0.127,-0.127,-0.088,-0.078,-0.029
3.852,-0.054,-0.083,-0.029,0.068,-0.015,-0.059,0.0,-0.122,-0.122,-0.088,-0.078,-0.034
3.854,-0.049,-0.063,-0.015,0.059,-0.02,-0.039,-0.005,-0.122,-0.122,-0.088,-0.083,-0.034
3.856,-0.039,-0.049,-0.01,0.044,-0.015,-0.029,-0.01,-0.122,-0.127,-0.093,-0.088,-0.044
3.858,-0.034,-0.034,0.0,0.034,-0.02,-0.02,-0.005,-0.127,-0.122,-0.093,-0.083,-0.039
3.86,-0.044,-0.059,-0.015,0.054,-0.015,-0.039,0.005,-0.122,-0.112,-0.093,-0.078,-0.034
3.862,-0.039,-0.073,-0.034,0.059,-0.005,-0.054,0.005,-0.127,-0.127,-0.093,-0.083,-0.034
3.864,-0.029,-0.059,-0.029,0.044,0.0,-0.044,-0.005,-0.132,-0.127,-0.093,-0.083,-0.039
3.866,-0.034,-0.068,-0.034,0.054,0.0,-0.054,-0.015,-0.146,-0.132,-0.098,-0.088,-0.044
3.868,-0.044,-0.073,-0.029,0.059,-0.01,-0.054,-0.01,-0.132,-0.127,-0.098,-0.083,-0.039
3.87,-0.054,-0.068,-0.015,0.063,-0.02,-0.044,-0.005,-0.132,-0.127,-0.093,-0.078,-0.039
3.872,-0.068,-0.083,-0.015,0.078,-0.029,-0.049,-0.01,-0.137,-0.132,-0.102,-0.083,-0.044
3.874,-0.063,-0.078,-0.015,0.073,-0.024,-0.049,-0.01,-0.137,-0.132,-0.107,-0.093,-0.039
3.876,-0.039,-0.059,-0.02,0.049,-0.01,-0.039,0.0,-0.132,-0.122,-0.098,-0.083,-0.029
3.878,-0.029,-0.054,-0.024,0.044,-0.005,-0.039,0.0,-0.132,-0.122,-0.098,-0.083,-0.034
3.88,-0.029,-0.054,-0.024,0.044,-0.005,-0.039,0.0,-0.122,-0.117,-0.098,-0.083,-0.034
3.882,-0.034,-0.054,-0.02,0.044,-0.01,-0.039,-0.005,-0.127,-0.127,-0.098,-0.083,-0.039
3.884,-0.029,-0.049,-0.02,0.039,-0.005,-0.034,0.0,-0.132,-0.122,-0.093,-0.083,-0.044
3.886,-0.034,-0.054,-0.02,0.044,-0.01,-0.039,-0.005,-0.127,-0.132,-0.098,-0.093,-0.044
3.888,-0.029,-0.063,-0.034,0.049,0.0,-0.049,-0.005,-0.122,-0.127,-0.093,-0.083,-0.039
3.89,-0.034,-0.068,-0.034,0.054,0.0,-0.054,-0.005,-0.127,-0.127,-0.093,-0.093,-0.039
3.892,-0.054,-0.073,-0.02,0.063,-0.02,-0.049,-0.015,-0.132,-0.132,-0.098,-0.098,-0.049
3.894,-0.068,-0.073,-0.005,0.073,-0.034,-0.039,-0.015,-0.127,-0.132,-0.098,-0.098,-0.044
3.896,-0.044,-0.059,-0.015,0.054,-0.015,-0.039,0.0,-0.117,-0.117,-0.088,-0.083,-0.034
3.898,-0.049,-0.068,-0.02,0.059,-0.015,-0.044,0.005,-0.122,-0.117,-0.098,-0.088,-0.034
3.9,-0.039,-0.049,-0.01,0.044,-0.015,-0.029,-0.005,-0.132,-0.127,-0.107,-0.088,-0.034
3.902,-0.054,-0.063,-0.01,0.059,-0.024,-0.039,0.0,-0.132,-0.127,-0.102,-0.083,-0.034
3.904,-0.049,-0.059,-0.01,0.054,-0.02,-0.034,0.0,-0.132,-0.127,-0.107,-0.088,-0.039
3.906,-0.044,-0.039,0.005,0.044,-0.024,-0.02,0.0,-0.122,-0.127,-0.102,-0.093,-0.034
3.908,-0.049,-0.044,0.005,0.049,-0.029,-0.02,-0.005,-0.127,-0.127,-0.102,-0.093,-0.044
3.91,-0.039,-0.059,-0.02,0.049,-0.01,-0.039,-0.005,-0.127,-0.127,-0.107,-0.093,-0.049
3.912,-0.024,-0.049,-0.024,0.039,0.0,-0.039,0.0,-0.122,-0.122,-0.102,-0.088,-0.039
3.914,-0.039,-0.059,-0.02,0.049,-0.01,-0.039,-0.01,-0.122,-0.127,-0.102,-0.088,-0.044
3.916,-0.044,-0.059,-0.015,0.054,-0.015,-0.039,-0.005,-0.132,-0.127,-0.107,-0.088,-0.044
3.918,-0.039,-0.054,-0.015,0.049,-0.015,-0.034,-0.005,-0.132,-0.127,-0.112,-0.088,-0.049
3.92,-0.02,-0.029,-0.01,0.024,-0.005,-0.02,-0.005,-0.122,-0.117,-0.107,-0.093,-0.044
3.922,-0.024,-0.034,-0.01,0.029,-0.01,-0.024,0.0,-0.117,-0.122,-0.102,-0.093,-0.044
3.924,-0.034,-0.039,-0.005,0.039,-0.015,-0.024,0.0,-0.122,-0.122,-0.107,-0.088,-0.044
3.926,-0.029,-0.034,-0.005,0.034,-0.015,-0.02,0.0,-0.122,-0.122,-0.102,-0.088,-0.044
3.928,-0.029,-0.039,-0.01,0.034,-0.01,-0.024,-0.005,-0.122,-0.127,-0.107,-0.088,-0.044
3.93,-0.044,-0.054,-0.01,0.049,-0.02,-0.034,-0.005,-0.127,-0.127,-0.107,-0.093,-0.044
3.932,-0.039,-0.054,-0.015,0.049,-0.015,-0.034,-0.005,-0.122,-0.122,-0.107,-0.093,-0.044
3.934,-0.044,-0.059,-0.015,0.054,-0.015,-0.039,-0.01,-0.122,-0.127,-0.107,-0.098,-0.049
3.936,-0.049,-0.049,0.0,0.049,-0.024,-0.024,-0.015,-0.137,-0.137,-0.122,-0.102,-0.054
3.938,-0.049,-0.034,0.015,0.044,-0.034,-0.01,-0.015,-0.142,-0.132,-0.117,-0.107,-0.059
3.94,-0.054,-0.073,-0.02,0.063,-0.02,-0.049,-0.005,-0.122,-0.122,-0.107,-0.093,-0.044
3.942,-0.049,-0.073,-0.024,0.063,-0.015,-0.049,-0.005,-0.127,-0.132,-0.112,-0.093,-0.044
3.944,-0.059,-0.063,-0.005,0.063,-0.029,-0.034,-0.01,-0.132,-0.132,-0.117,-0.093,-0.049
3.946,-0.049,-0.059,-0.01,0.054,-0.02,-0.034,-0.005,-0.132,-0.132,-0.117,-0.093,-0.049
3.948,-0.034,-0.039,-0.005,0.039,-0.015,-0.024,-0.005,-0.132,-0.132,-0.117,-0.098,-0.044
3.95,-0.034,-0.044,-0.01,0.039,-0.015,-0.029,-0.005,-0.132,-0.132,-0.122,-0.102,-0.049
3.952,-0.029,-0.054,-0.024,0.044,-0.005,-0.039,-0.01,-0.132,-0.137,-0.122,-0.102,-0.054
3.954,-0.029,-0.063,-0.034,0.049,0.0,-0.049,0.0,-0.122,-0.127,-0.112,-0.098,-0.049
3.956,-0.034,-0.068,-0.034,0.054,0.0,-0.054,-0.01,-0.132,-0.132,-0.117,-0.107,-0.054
3.958,-0.039,-0.063,-0.024,0.054,-0.01,-0.044,-0.01,-0.132,-0.132,-0.117,-0.102,-0.054
3.96,-0.054,-0.063,-0.01,0.059,-0.024,-0.039,-0.005,-0.127,-0.132,-0.112,-0.107,-0.054
3.962,-0.044,-0.044,0.0,0.044,-0.024,-0.024,-0.01,-0.132,-0.137,-0.112,-0.107,-0.054
3.964,-0.02,-0.039,-0.02,0.029,0.0,-0.029,-0.005,-0.127,-0.132,-0.117,-0.098,-0.054
3.966,-0.029,-0.049,-0.02,0.039,-0.005,-0.034,-0.005,-0.127,-0.132,-0.112,-0.102,-0.054
3.968,-0.044,-0.049,-0.005,0.049,-0.02,-0.029,0.0,-0.127,-0.132,-0.112,-0.102,-0.054
3.97,-0.039,-0.039,0.0,0.039,-0.02,-0.02,0.005,-0.122,-0.122,-0.107,-0.098,-0.044
3.972,-0.044,-0.054,-0.01,0.049,-0.02,-0.034,-0.005,-0.122,-0.122,-0.112,-0.098,-0.044
3.974,-0.044,-0.059,-0.015,0.054,-0.015,-0.039,0.01,-0.117,-0.127,-0.107,-0.088,-0.039
3.976,-0.029,-0.049,-0.02,0.039,-0.005,-0.034,0.005,-0.117,-0.117,-0.112,-0.088,-0.039
3.978,-0.034,-0.063,-0.029,0.049,-0.005,-0.049,0.0,-0.122,-0.127,-0.117,-0.107,-0.054
3.98,-0.039,-0.054,-0.015,0.049,-0.015,-0.034,0.0,-0.117,-0.132,-0.117,-0.107,-0.054
3.982,-0.049,-0.044,0.005,0.049,-0.029,-0.02,0.0,-0.117,-0.127,-0.112,-0.102,-0.049
3.984,-0.054,-0.049,0.005,0.054,-0.029,-0.024,-0.005,-0.122,-0.127,-0.117,-0.102,-0.049
3.986,-0.044,-0.039,0.005,0.044,-0.024,-0.02,-0.005,-0.127,-0.127,-0.122,-0.107,-0.054
3.988,-0.044,-0.039,0.005,0.044,-0.024,-0.02,-0.01,-0.137,-0.132,-0.127,-0.112,-0.063
3.99,-0.039,-0.049,-0.01,0.044,-0.015,-0.029,0.0,-0.122,-0.122,-0.117,-0.102,-0.054
3.992,-0.039,-0.044,-0.005,0.044,-0.02,-0.024,0.0,-0.117,-0.117,-0.107,-0.102,-0.049
3.994,-0.049,-0.063,-0.015,0.059,-0.02,-0.039,-0.005,-0.117,-0.127,-0.117,-0.107,-0.063
3.996,-0.029,-0.054,-0.024,0.044,-0.005,-0.039,0.005,-0.117,-0.117,-0.112,-0.098,-0.054
3.998,-0.02,-0.039,-0.02,0.029,0.0,-0.029,0.005,-0.117,-0.117,-0.112,-0.102,-0.059
4.0,-0.015,-0.029,-0.015,0.024,0.0,-0.024,-0.005,-0.122,-0.132,-0.117,-0.112,-0.068
4.002,-0.024,-0.044,-0.02,0.034,-0.005,-0.034,0.005,-0.117,-0.127,-0.112,-0.107,-0.063
4.004,-0.039,-0.059,-0.02,0.049,-0.01,-0.039,0.005,-0.122,-0.122,-0.112,-0.102,-0.054
4.006,-0.039,-0.054,-0.015,0.049,-0.015,-0.034,0.01,-0.117,-0.122,-0.117,-0.107,-0.049
4.008,-0.039,-0.049,-0.01,0.044,-0.015,-0.029,0.0,-0.122,-0.132,-0.127,-0.117,-0.049
4.01,-0.034,-0.044,-0.01,0.039,-0.015,-0.029,-0.005,-0.137,-0.132,-0.132,-0.112,-0.054
4.012,-0.034,-0.034,0.0,0.034,-0.02,-0.02,-0.015,-0.137,-0.137,-0.132,-0.112,-0.059
4.014,-0.034,-0.034,0.0,0.034,-0.02,-0.02,-0.01,-0.127,-0.137,-0.132,-0.117,-0.063
4.016,-0.044,-0.044,0.0,0.044,-0.024,-0.024,-0.005,-0.127,-0.132,-0.132,-0.117,-0.063
4.018,-0.034,-0.034,0.0,0.034,-0.02,-0.02,0.005,-0.117,-0.122,-0.122,-0.107,-0.059
4.02,-0.039,-0.049,-0.01,0.044,-0.015,-0.029,0.0,-0.112,-0.127,-0.127,-0.112,-0.063
4.022,-0.049,-0.063,-0.015,0.059,-0.02,-0.039,-0.01,-0.122,-0.132,-0.127,-0.112,-0.068
4.024,-0.039,-0.044,-0.005,0.044,-0.02,-0.024,-0.02,-0.132,-0.137,-0.137,-0.122,-0.073
4.026,-0.034,-0.059,-0.024,0.049,-0.005,-0.044,-0.015,-0.122,-0.132,-0.137,-0.122,-0.068
4.028,-0.034,-0.054,-0.02,0.044,-0.01,-0.039,0.0,-0.107,-0.122,-0.122,-0.112,-0.054
4.03,-0.044,-0.073,-0.029,0.059,-0.01,-0.054,0.005,-0.112,-0.117,-0.122,-0.107,-0.044
4.032,-0.059,-0.098,-0.039,0.078,-0.01,-0.068,0.01,-0.107,-0.117,-0.117,-0.098,-0.044
4.034,-0.059,-0.107,-0.049,0.083,-0.005,-0.078,0.01,-0.107,-0.122,-0.122,-0.102,-0.044
4.036,-0.049,-0.098,-0.049,0.073,0.0,-0.073,0.024,-0.102,-0.117,-0.117,-0.098,-0.039
4.038,-0.049,-0.083,-0.034,0.068,-0.01,-0.059,0.024,-0.102,-0.112,-0.112,-0.098,-0.044
4.04,-0.044,-0.083,-0.039,0.063,-0.005,-0.063,0.024,-0.098,-0.117,-0.112,-0.102,-0.044
4.042,-0.049,-0.059,-0.01,0.054,-0.02,-0.034,0.0,-0.117,-0.132,-0.127,-0.117,-0.054
4.044,-0.039,-0.01,0.029,0.024,-0.034,0.01,-0.01,-0.132,-0.137,-0.142,-0.127,-0.068
4.046,-0.039,-0.024,0.015,0.034,-0.029,-0.005,0.005,-0.122,-0.132,-0.132,-0.122,-0.063
4.048,-0.049,-0.044,0.005,0.049,-0.029,-0.02,0.005,-0.117,-0.127,-0.137,-0.122,-0.063
4.05,-0.044,-0.034,0.01,0.039,-0.029,-0.015,0.005,-0.122,-0.127,-0.137,-0.127,-0.063
4.052,-0.054,-0.059,-0.005,0.059,-0.024,-0.034,-0.005,-0.122,-0.132,-0.137,-0.127,-0.073
4.054,-0.034,-0.049,-0.015,0.044,-0.01,-0.034,0.0,-0.122,-0.137,-0.137,-0.132,-0.078
4.056,-0.034,-0.024,0.01,0.029,-0.024,-0.01,0.0,-0.117,-0.137,-0.142,-0.132,-0.078
4.058,-0.044,-0.034,0.01,0.039,-0.029,-0.015,0.005,-0.117,-0.122,-0.132,-0.122,-0.068
4.06,-0.015,-0.01,0.005,0.015,-0.01,-0.005,0.01,-0.112,-0.127,-0.132,-0.117,-0.068
4.062,-0.034,-0.034,0.0,0.034,-0.02,-0.02,0.005,-0.117,-0.127,-0.137,-0.122,-0.073
4.064,-0.024,-0.044,-0.02,0.034,-0.005,-0.034,0.0,-0.122,-0.127,-0.146,-0.122,-0.078
4.066,-0.024,-0.034,-0.01,0.029,-0.01,-0.024,0.02,-0.107,-0.117,-0.132,-0.117,-0.068
4.068,-0.039,-0.039,0.0,0.039,-0.02,-0.02,0.015,-0.102,-0.117,-0.132,-0.112,-0.063
4.07,-0.029,-0.034,-0.005,0.034,-0.015,-0.02,0.015,-0.107,-0.122,-0.132,-0.127,-0.068
4.072,-0.02,-0.034,-0.015,0.029,-0.005,-0.024,0.005,-0.112,-0.127,-0.137,-0.137,-0.073
4.074,-0.029,-0.034,-0.005,0.034,-0.015,-0.02,0.005,-0.112,-0.132,-0.142,-0.137,-0.073
4.076,-0.039,-0.034,0.005,0.039,-0.024,-0.015,0.01,-0.112,-0.132,-0.142,-0.132,-0.068
4.078,-0.054,-0.039,0.015,0.049,-0.034,-0.015,0.01,-0.117,-0.132,-0.142,-0.127,-0.068
4.08,-0.059,-0.049,0.01,0.054,-0.034,-0.02,0.005,-0.117,-0.142,-0.142,-0.127,-0.068
4.082,-0.044,-0.054,-0.01,0.049,-0.02,-0.034,0.0,-0.127,-0.142,-0.151,-0.137,-0.073
4.084,-0.029,-0.044,-0.015,0.039,-0.01,-0.029,0.0,-0.117,-0.132,-0.151,-0.132,-0.068
4.086,-0.015,-0.039,-0.024,0.029,0.005,-0.034,0.02,-0.107,-0.117,-0.137,-0.122,-0.059
4.088,-0.034,-0.044,-0.01,0.039,-0.015,-0.029,0.02,-0.098,-0.112,-0.127,-0.117,-0.063
4.09,-0.02,-0.024,-0.005,0.024,-0.01,-0.015,0.01,-0.112,-0.122,-0.137,-0.132,-0.073
4.092,-0.024,-0.024,0.0,0.024,-0.015,-0.015,0.02,-0.102,-0.117,-0.137,-0.127,-0.073
4.094,-0.034,-0.044,-0.01,0.039,-0.015,-0.029,0.01,-0.112,-0.132,-0.142,-0.132,-0.073
4.096,-0.044,-0.039,0.005,0.044,-0.024,-0.02,0.01,-0.107,-0.127,-0.137,-0.127,-0.073
4.098,-0.029,-0.044,-0.015,0.039,-0.01,-0.029,0.01,-0.107,-0.127,-0.142,-0.127,-0.073
4.1,-0.034,-0.034,0.0,0.034,-0.02,-0.02,0.01,-0.102,-0.137,-0.146,-0.127,-0.073
4.102,-0.034,-0.039,-0.005,0.039,-0.015,-0.024,0.015,-0.102,-0.132,-0.146,-0.127,-0.068
4.104,-0.034,-0.044,-0.01,0.039,-0.015,-0.029,0.015,-0.107,-0.122,-0.146,-0.132,-0.073
4.106,-0.024,-0.059,-0.034,0.044,0.005,-0.049,0.034,-0.093,-0.107,-0.132,-0.117,-0.059
4.108,-0.029,-0.078,-0.049,0.054,0.01,-0.063,0.039,-0.088,-0.098,-0.122,-0.117,-0.054
4.11,-0.024,-0.044,-0.02,0.034,-0.005,-0.034,0.034,-0.083,-0.102,-0.117,-0.117,-0.049
4.112,-0.005,-0.01,-0.005,0.01,0.0,-0.01,0.029,-0.083,-0.102,-0.122,-0.112,-0.054
4.114,0.0,0.024,0.024,-0.01,-0.015,0.024,0.039,-0.073,-0.102,-0.122,-0.117,-0.059
4.116,-0.01,0.029,0.039,-0.01,-0.024,0.034,0.029,-0.078,-0.107,-0.132,-0.127,-0.063
4.118,-0.005,0.029,0.034,-0.01,-0.02,0.029,0.039,-0.068,-0.102,-0.127,-0.117,-0.059
4.12,-0.015,0.024,0.039,-0.005,-0.029,0.029,0.059,-0.054,-0.083,-0.117,-0.102,-0.054
4.122,-0.005,0.029,0.034,-0.01,-0.02,0.029,0.073,-0.039,-0.063,-0.098,-0.088,-0.039
4.124,0.005,0.049,0.044,-0.024,-0.02,0.044,0.073,-0.029,-0.059,-0.088,-0.083,-0.034
4.126,0.0,0.054,0.054,-0.024,-0.029,0.054,0.073,-0.034,-0.063,-0.098,-0.093,-0.044
4.128,-0.005,0.049,0.054,-0.02,-0.029,0.049,0.083,-0.02,-0.049,-0.083,-0.078,-0.034
4.13,-0.01,0.015,0.024,0.0,-0.02,0.02,0.102,0.005,-0.024,-0.059,-0.063,-0.02
4.132,-0.005,0.029,0.034,-0.01,-0.02,0.029,0.102,0.01,-0.024,-0.063,-0.063,-0.024
4.134,0.01,0.049,0.039,-0.029,-0.015,0.044,0.098,0.02,-0.029,-0.054,-0.063,-0.034
4.136,0.0,0.029,0.029,-0.015,-0.015,0.029,0.093,0.024,-0.024,-0.054,-0.068,-0.034
4.138,-0.015,0.029,0.044,-0.005,-0.029,0.034,0.088,0.02,-0.024,-0.059,-0.073,-0.039
4.14,0.0,0.044,0.044,-0.02,-0.024,0.044,0.088,0.024,-0.02,-0.059,-0.073,-0.034
4.142,0.034,0.054,0.02,-0.044,0.005,0.034,0.083,0.024,-0.02,-0.059,-0.073,-0.034
4.144,0.01,0.059,0.049,-0.034,-0.02,0.054,0.093,0.034,-0.01,-0.049,-0.068,-0.024
4.146,-0.005,0.044,0.049,-0.02,-0.029,0.044,0.107,0.034,0.0,-0.049,-0.063,-0.02
4.148,0.02,0.068,0.049,-0.044,-0.015,0.059,0.098,0.039,-0.005,-0.044,-0.059,-0.015
4.15,0.029,0.078,0.049,-0.054,-0.01,0.063,0.098,0.044,0.0,-0.039,-0.044,0.0
4.152,0.024,0.073,0.049,-0.049,-0.015,0.059,0.083,0.039,-0.005,-0.049,-0.044,-0.005
4.154,0.034,0.088,0.054,-0.059,-0.01,0.068,0.063,0.029,-0.015,-0.054,-0.054,-0.015
4.156,0.044,0.078,0.034,-0.059,0.005,0.054,0.063,0.034,-0.005,-0.044,-0.049,-0.01
4.158,0.039,0.078,0.039,-0.059,0.0,0.059,0.049,0.024,-0.015,-0.059,-0.054,-0.015
4.16,0.024,0.068,0.044,-0.044,-0.01,0.054,0.049,0.02,-0.015,-0.063,-0.059,-0.015
4.162,0.02,0.059,0.039,-0.039,-0.01,0.049,0.024,-0.005,-0.034,-0.078,-0.073,-0.02
4.164,0.02,0.059,0.039,-0.039,-0.01,0.049,0.005,-0.029,-0.054,-0.093,-0.083,-0.02
4.166,0.02,0.068,0.049,-0.044,-0.015,0.059,-0.005,-0.039,-0.054,-0.098,-0.078,-0.015
4.168,0.015,0.054,0.039,-0.034,-0.015,0.044,-0.01,-0.054,-0.059,-0.098,-0.078,-0.015
4.17,0.015,0.059,0.044,-0.034,-0.015,0.049,-0.02,-0.059,-0.068,-0.098,-0.078,-0.015
4.172,0.015,0.073,0.059,-0.044,-0.024,0.063,-0.01,-0.054,-0.068,-0.102,-0.078,-0.015
4.174,0.01,0.063,0.054,-0.034,-0.024,0.059,-0.02,-0.068,-0.083,-0.117,-0.088,-0.015
4.176,0.005,0.054,0.049,-0.029,-0.024,0.049,-0.02,-0.073,-0.088,-0.122,-0.088,-0.02
4.178,-0.01,0.049,0.059,-0.02,-0.034,0.054,-0.015,-0.078,-0.088,-0.122,-0.098,-0.024
4.18,0.01,0.049,0.039,-0.029,-0.015,0.044,-0.024,-0.088,-0.093,-0.127,-0.102,-0.024
4.182,0.015,0.039,0.024,-0.024,-0.005,0.029,-0.015,-0.083,-0.098,-0.127,-0.102,-0.024
4.184,0.0,0.024,0.024,-0.01,-0.015,0.024,-0.01,-0.083,-0.107,-0.137,-0.112,-0.029
4.186,0.0,0.005,0.005,0.0,-0.005,0.005,-0.01,-0.093,-0.112,-0.146,-0.112,-0.034
4.188,0.005,0.02,0.015,-0.01,-0.005,0.015,-0.02,-0.107,-0.117,-0.146,-0.112,-0.034
4.19,-0.01,0.02,0.029,-0.005,-0.02,0.024,-0.024,-0.112,-0.127,-0.151,-0.117,-0.039
4.192,-0.01,0.005,0.015,0.005,-0.015,0.01,-0.015,-0.107,-0.122,-0.151,-0.117,-0.044
4.194,-0.005,0.0,0.005,0.005,-0.005,0.0,-0.01,-0.098,-0.117,-0.151,-0.112,-0.039
4.196,-0.005,-0.01,-0.005,0.01,0.0,-0.01,-0.005,-0.093,-0.112,-0.146,-0.122,-0.039
4.198,0.01,-0.02,-0.029,0.005,0.02,-0.024,-0.005,-0.088,-0.107,-0.146,-0.117,-0.039
4.2,0.005,-0.015,-0.02,0.005,0.01,-0.02,-0.01,-0.093,-0.107,-0.156,-0.122,-0.044
4.202,0.0,0.0,0.0,0.0,0.0,0.0,-0.01,-0.083,-0.107,-0.146,-0.112,-0.039
4.204,0.005,0.015,0.01,-0.01,-0.005,0.01,-0.005,-0.078,-0.098,-0.142,-0.112,-0.039
4.206,0.005,0.024,0.02,-0.015,-0.01,0.02,-0.005,-0.068,-0.093,-0.127,-0.102,-0.034
4.208,-0.005,0.024,0.029,-0.01,-0.02,0.024,-0.005,-0.063,-0.093,-0.127,-0.093,-0.029
4.21,-0.005,0.02,0.024,-0.005,-0.015,0.02,-0.005,-0.059,-0.098,-0.132,-0.098,-0.034
4.212,-0.005,0.015,0.02,-0.005,-0.015,0.015,0.005,-0.063,-0.102,-0.137,-0.107,-0.044
4.214,0.0,0.024,0.024,-0.01,-0.015,0.024,0.01,-0.068,-0.102,-0.142,-0.117,-0.044
4.216,-0.034,0.0,0.034,0.02,-0.034,0.015,0.005,-0.083,-0.122,-0.161,-0.146,-0.078
4.218,-0.059,-0.039,0.02,0.049,-0.039,-0.01,0.005,-0.098,-0.142,-0.19,-0.176,-0.107
4.22,-0.039,-0.034,0.005,0.039,-0.024,-0.015,0.02,-0.088,-0.137,-0.195,-0.176,-0.107
4.222,-0.039,-0.049,-0.01,0.044,-0.015,-0.029,0.015,-0.098,-0.142,-0.2,-0.181,-0.102
4.224,-0.044,-0.039,0.005,0.044,-0.024,-0.02,0.01,-0.107,-0.146,-0.205,-0.185,-0.112
4.226,-0.049,-0.029,0.02,0.039,-0.034,-0.005,0.015,-0.102,-0.151,-0.205,-0.181,-0.107
4.228,-0.059,-0.039,0.02,0.049,-0.039,-0.01,0.015,-0.098,-0.146,-0.19,-0.171,-0.102
4.23,-0.078,-0.068,0.01,0.073,-0.044,-0.029,0.015,-0.102,-0.146,-0.2,-0.171,-0.102
4.232,-0.068,-0.063,0.005,0.068,-0.039,-0.029,0.015,-0.107,-0.156,-0.21,-0.19,-0.107
4.234,-0.034,-0.005,0.029,0.02,-0.034,0.01,0.02,-0.107,-0.156,-0.21,-0.185,-0.107
4.236,-0.049,-0.024,0.024,0.039,-0.039,0.0,0.02,-0.112,-0.156,-0.215,-0.195,-0.112
4.238,-0.068,-0.063,0.005,0.068,-0.039,-0.029,0.015,-0.107,-0.156,-0.215,-0.195,-0.112
4.24,-0.059,-0.054,0.005,0.059,-0.034,-0.024,0.015,-0.102,-0.156,-0.215,-0.195,-0.117
4.242,-0.063,-0.039,0.024,0.054,-0.044,-0.01,0.02,-0.107,-0.156,-0.22,-0.195,-0.122
4.244,-0.063,-0.044,0.02,0.054,-0.044,-0.015,0.024,-0.102,-0.156,-0.215,-0.195,-0.122
4.246,-0.054,-0.039,0.015,0.049,-0.034,-0.015,0.034,-0.098,-0.151,-0.215,-0.195,-0.117
4.248,-0.054,-0.044,0.01,0.049,-0.034,-0.02,0.034,-0.102,-0.151,-0.205,-0.195,-0.117
4.25,-0.049,-0.044,0.005,0.049,-0.029,-0.02,0.039,-0.093,-0.146,-0.195,-0.181,-0.107
4.252,-0.039,-0.029,0.01,0.034,-0.024,-0.01,0.044,-0.088,-0.142,-0.2,-0.181,-0.107
4.254,-0.044,-0.034,0.01,0.039,-0.029,-0.015,0.034,-0.102,-0.156,-0.22,-0.195,-0.122
4.256,-0.039,-0.029,0.01,0.034,-0.024,-0.01,0.029,-0.093,-0.156,-0.22,-0.195,-0.122
4.258,-0.044,-0.034,0.01,0.039,-0.029,-0.015,0.024,-0.098,-0.161,-0.224,-0.21,-0.132
4.26,-0.049,-0.024,0.024,0.039,-0.039,0.0,0.039,-0.098,-0.156,-0.22,-0.2,-0.122
4.262,-0.054,-0.02,0.034,0.039,-0.044,0.005,0.039,-0.093,-0.156,-0.215,-0.19,-0.117
4.264,-0.054,-0.02,0.034,0.039,-0.044,0.005,0.039,-0.093,-0.151,-0.215,-0.195,-0.122
4.266,-0.044,-0.015,0.029,0.029,-0.039,0.005,0.049,-0.088,-0.146,-0.21,-0.19,-0.117
4.268,-0.063,-0.029,0.034,0.049,-0.049,0.0,0.044,-0.098,-0.142,-0.21,-0.195,-0.122
4.27,-0.078,-0.039,0.039,0.059,-0.059,0.0,0.039,-0.098,-0.151,-0.215,-0.21,-0.127
4.272,-0.059,-0.059,0.0,0.059,-0.029,-0.029,0.054,-0.083,-0.137,-0.21,-0.205,-0.127
4.274,-0.034,-0.02,0.015,0.029,-0.024,-0.005,0.049,-0.083,-0.142,-0.22,-0.22,-0.137
4.276,-0.044,-0.034,0.01,0.039,-0.029,-0.015,0.063,-0.068,-0.156,-0.229,-0.224,-0.142
4.278,-0.059,-0.063,-0.005,0.063,-0.029,-0.034,0.083,-0.063,-0.171,-0.273,-0.259,-0.166
4.28,-0.083,-0.083,0.0,0.083,-0.044,-0.044,0.107,-0.054,-0.185,-0.317,-0.312,-0.215
4.282,-0.098,-0.112,-0.015,0.107,-0.044,-0.063,0.142,-0.034,-0.205,-0.366,-0.376,-0.259
4.284,-0.102,-0.122,-0.02,0.112,-0.044,-0.073,0.181,-0.005,-0.205,-0.4,-0.42,-0.293
4.286,-0.127,-0.132,-0.005,0.132,-0.063,-0.068,0.21,0.024,-0.2,-0.434,-0.468,-0.327
4.288,-0.142,-0.122,0.02,0.132,-0.083,-0.054,0.249,0.063,-0.181,-0.444,-0.488,-0.346
4.29,-0.137,-0.093,0.044,0.117,-0.093,-0.024,0.278,0.117,-0.166,-0.454,-0.508,-0.356
4.292,-0.122,-0.073,0.049,0.098,-0.088,-0.015,0.317,0.244,-0.088,-0.429,-0.512,-0.356
4.294,-0.112,-0.029,0.083,0.073,-0.098,0.024,0.361,0.41,0.015,-0.381,-0.498,-0.337
4.296,-0.107,0.02,0.127,0.044,-0.117,0.073,0.395,0.508,0.073,-0.366,-0.473,-0.312
4.298,-0.073,0.098,0.171,-0.01,-0.122,0.132,0.386,0.512,0.127,-0.322,-0.41,-0.239
4.3,-0.054,0.176,0.229,-0.059,-0.142,0.2,0.332,0.454,0.185,-0.224,-0.283,-0.127
4.302,0.0,0.273,0.273,-0.137,-0.137,0.273,0.234,0.381,0.259,-0.073,-0.102,0.015
4.304,0.078,0.4,0.322,-0.239,-0.122,0.361,0.122,0.327,0.395,0.166,0.151,0.21
4.306,0.166,0.542,0.376,-0.351,-0.107,0.459,-0.029,0.234,0.561,0.483,0.483,0.459
4.308,0.264,0.669,0.405,-0.464,-0.073,0.537,-0.224,0.112,0.722,0.844,0.849,0.717
4.31,0.366,0.815,0.449,-0.59,-0.044,0.63,-0.41,-0.02,0.883,1.24,1.225,0.971
4.312,0.464,0.937,0.473,-0.698,-0.005,0.703,-0.581,-0.176,1.049,1.669,1.62,1.244
4.314,0.522,1.035,0.512,-0.776,0.005,0.771,-0.737,-0.351,1.2,2.089,1.991,1.488
4.316,0.556,1.127,0.571,-0.839,-0.01,0.849,-0.908,-0.517,1.327,2.464,2.303,1.703
4.318,0.571,1.152,0.581,-0.859,-0.005,0.864,-1.025,-0.6,1.474,2.806,2.557,1.845
4.32,0.634,1.049,0.415,-0.839,0.107,0.732,-1.088,-0.571,1.615,3.055,2.694,1.864
4.322,0.669,0.883,0.215,-0.776,0.224,0.547,-1.108,-0.659,1.484,2.962,2.625,1.762
4.324,0.595,0.688,0.093,-0.639,0.249,0.39,-1.059,-0.756,1.249,2.713,2.416,1.586
4.326,0.498,0.527,0.029,-0.512,0.234,0.278,-0.981,-0.805,1.054,2.503,2.22,1.43
4.328,0.434,0.42,-0.015,-0.425,0.224,0.2,-0.942,-0.898,0.786,2.225,1.976,1.274
4.33,0.361,0.342,-0.02,-0.351,0.19,0.161,-0.874,-1.103,0.307,1.728,1.664,1.098
4.332,0.303,0.229,-0.073,-0.264,0.185,0.078,-0.786,-1.264,-0.273,1.03,1.279,0.888
4.334,0.224,0.107,-0.117,-0.166,0.171,-0.005,-0.649,-1.303,-0.722,0.356,0.82,0.615
4.336,0.142,0.005,-0.137,-0.073,0.137,-0.068,-0.508,-1.2,-0.888,-0.122,0.381,0.337
4.338,0.068,-0.073,-0.142,0.005,0.102,-0.107,-0.4,-1.093,-0.932,-0.429,0.054,0.137
4.34,0.039,-0.117,-0.156,0.039,0.098,-0.137,-0.342,-0.996,-0.908,-0.561,-0.171,-0.01
4.342,0.0,-0.142,-0.142,0.073,0.068,-0.142,-0.303,-0.908,-0.859,-0.595,-0.303,-0.122
4.344,-0.029,-0.146,-0.117,0.088,0.044,-0.132,-0.268,-0.8,-0.761,-0.551,-0.327,-0.161
4.346,-0.029,-0.132,-0.102,0.083,0.034,-0.117,-0.224,-0.683,-0.654,-0.473,-0.293,-0.156
4.348,-0.034,-0.102,-0.068,0.068,0.015,-0.088,-0.181,-0.576,-0.571,-0.4,-0.259,-0.151
4.35,-0.02,-0.068,-0.049,0.044,0.015,-0.059,-0.142,-0.483,-0.488,-0.342,-0.224,-0.132
4.352,0.0,-0.054,-0.054,0.029,0.024,-0.054,-0.098,-0.381,-0.415,-0.293,-0.19,-0.107
4.354,-0.02,-0.029,-0.01,0.024,-0.005,-0.02,-0.068,-0.303,-0.356,-0.264,-0.176,-0.102
4.356,-0.044,-0.02,0.024,0.034,-0.034,0.0,-0.054,-0.254,-0.327,-0.249,-0.185,-0.117
4.358,-0.073,-0.024,0.049,0.049,-0.063,0.01,-0.029,-0.21,-0.298,-0.244,-0.181,-0.117
4.36,-0.073,-0.024,0.049,0.049,-0.063,0.01,-0.005,-0.166,-0.259,-0.224,-0.176,-0.107
4.362,-0.034,0.024,0.059,0.005,-0.049,0.039,0.024,-0.137,-0.224,-0.21,-0.161,-0.098
4.364,-0.044,0.034,0.078,0.005,-0.063,0.054,0.029,-0.117,-0.215,-0.215,-0.176,-0.098
4.366,-0.063,0.01,0.073,0.029,-0.068,0.039,0.049,-0.107,-0.205,-0.224,-0.171,-0.102
4.368,-0.063,-0.005,0.059,0.034,-0.063,0.024,0.059,-0.102,-0.205,-0.22,-0.176,-0.112
4.37,-0.044,0.0,0.044,0.024,-0.044,0.02,0.054,-0.093,-0.21,-0.224,-0.181,-0.122
4.372,-0.02,0.01,0.029,0.005,-0.024,0.02,0.068,-0.063,-0.195,-0.229,-0.181,-0.112
4.374,-0.039,-0.015,0.024,0.029,-0.034,0.005,0.068,-0.054,-0.195,-0.229,-0.185,-0.117
4.376,-0.049,-0.039,0.01,0.044,-0.029,-0.015,0.063,-0.049,-0.2,-0.244,-0.205,-0.137
4.378,-0.049,-0.029,0.02,0.039,-0.034,-0.005,0.068,-0.044,-0.19,-0.249,-0.22,-0.137
4.38,-0.054,-0.02,0.034,0.039,-0.044,0.005,0.078,-0.039,-0.181,-0.249,-0.22,-0.142
4.382,-0.054,-0.015,0.039,0.034,-0.049,0.01,0.083,-0.029,-0.171,-0.229,-0.205,-0.132
4.384,-0.049,0.005,0.054,0.024,-0.054,0.029,0.088,-0.034,-0.171,-0.229,-0.205,-0.132
4.386,-0.059,-0.02,0.039,0.039,-0.049,0.01,0.088,-0.034,-0.166,-0.239,-0.195,-0.122
4.388,-0.063,-0.024,0.039,0.044,-0.054,0.005,0.083,-0.034,-0.171,-0.234,-0.195,-0.127
4.39,-0.054,-0.01,0.044,0.034,-0.049,0.015,0.088,-0.024,-0.166,-0.229,-0.195,-0.127
4.392,-0.059,-0.029,0.029,0.044,-0.044,0.0,0.093,-0.015,-0.166,-0.234,-0.2,-0.127
4.394,-0.044,-0.024,0.02,0.034,-0.034,-0.005,0.093,-0.01,-0.161,-0.234,-0.2,-0.127
4.396,-0.034,0.0,0.034,0.02,-0.034,0.015,0.078,-0.015,-0.166,-0.244,-0.21,-0.142
4.398,-0.034,-0.015,0.02,0.024,-0.029,0.0,0.083,-0.01,-0.166,-0.249,-0.21,-0.137
4.4,-0.059,-0.044,0.015,0.054,-0.039,-0.015,0.093,0.0,-0.146,-0.239,-0.205,-0.132
4.402,-0.073,-0.034,0.039,0.054,-0.059,0.0,0.093,-0.005,-0.146,-0.234,-0.215,-0.137
4.404,-0.063,-0.015,0.049,0.039,-0.059,0.015,0.102,-0.005,-0.137,-0.22,-0.205,-0.127
4.406,-0.059,-0.015,0.044,0.039,-0.054,0.015,0.102,-0.01,-0.132,-0.224,-0.2,-0.132
4.408,-0.044,-0.02,0.024,0.034,-0.034,0.0,0.098,-0.01,-0.132,-0.22,-0.2,-0.132
4.41,-0.059,-0.02,0.039,0.039,-0.049,0.01,0.102,-0.005,-0.127,-0.215,-0.195,-0.127
4.412,-0.073,-0.039,0.034,0.059,-0.054,-0.005,0.098,-0.005,-0.142,-0.234,-0.21,-0.137
4.414,-0.088,-0.044,0.044,0.068,-0.068,0.0,0.093,0.0,-0.146,-0.229,-0.21,-0.137
4.416,-0.059,-0.024,0.034,0.044,-0.049,0.005,0.093,0.005,-0.142,-0.22,-0.21,-0.137
4.418,-0.044,-0.015,0.029,0.029,-0.039,0.005,0.088,0.005,-0.137,-0.229,-0.205,-0.137
4.42,-0.044,-0.015,0.029,0.029,-0.039,0.005,0.093,0.01,-0.127,-0.229,-0.21,-0.137
4.422,-0.049,-0.02,0.029,0.034,-0.039,0.005,0.088,0.005,-0.127,-0.224,-0.21,-0.142
4.424,-0.044,-0.024,0.02,0.034,-0.034,-0.005,0.088,-0.005,-0.127,-0.22,-0.205,-0.142
4.426,-0.049,-0.015,0.034,0.034,-0.044,0.01,0.093,0.0,-0.117,-0.215,-0.2,-0.132
4.428,-0.054,-0.024,0.029,0.039,-0.044,0.0,0.098,0.0,-0.117,-0.205,-0.195,-0.132
4.43,-0.054,-0.024,0.029,0.039,-0.044,0.0,0.093,0.0,-0.122,-0.21,-0.195,-0.137
4.432,-0.049,-0.034,0.015,0.044,-0.034,-0.01,0.102,0.015,-0.112,-0.21,-0.19,-0.127
4.434,-0.054,-0.039,0.015,0.049,-0.034,-0.015,0.098,0.02,-0.122,-0.21,-0.19,-0.127
4.436,-0.068,-0.044,0.024,0.059,-0.049,-0.01,0.083,0.015,-0.132,-0.215,-0.205,-0.146
4.438,-0.073,-0.039,0.034,0.059,-0.054,-0.005,0.088,0.015,-0.127,-0.22,-0.205,-0.142
4.44,-0.054,-0.02,0.034,0.039,-0.044,0.005,0.093,0.02,-0.117,-0.215,-0.21,-0.132
4.442,-0.049,-0.005,0.044,0.029,-0.049,0.02,0.098,0.029,-0.102,-0.205,-0.195,-0.127
4.444,-0.063,-0.015,0.049,0.039,-0.059,0.015,0.093,0.02,-0.102,-0.21,-0.2,-0.137
4.446,-0.073,-0.039,0.034,0.059,-0.054,-0.005,0.102,0.024,-0.093,-0.2,-0.19,-0.122
4.448,-0.063,-0.034,0.029,0.049,-0.049,-0.005,0.098,0.024,-0.098,-0.185,-0.181,-0.127
4.45,-0.068,-0.034,0.034,0.054,-0.054,0.0,0.088,0.02,-0.107,-0.185,-0.176,-0.127
4.452,-0.054,-0.024,0.029,0.039,-0.044,0.0,0.093,0.024,-0.098,-0.195,-0.181,-0.127
4.454,-0.044,-0.029,0.015,0.039,-0.029,-0.01,0.088,0.039,-0.107,-0.2,-0.185,-0.127
4.456,-0.063,-0.039,0.024,0.054,-0.044,-0.01,0.088,0.044,-0.107,-0.195,-0.19,-0.137
4.458,-0.034,-0.01,0.024,0.024,-0.029,0.005,0.093,0.054,-0.093,-0.19,-0.185,-0.132
4.46,-0.039,-0.015,0.024,0.029,-0.034,0.005,0.098,0.054,-0.088,-0.195,-0.195,-0.132
4.462,-0.059,-0.029,0.029,0.044,-0.044,0.0,0.098,0.054,-0.088,-0.185,-0.185,-0.132
4.464,-0.049,-0.02,0.029,0.034,-0.039,0.005,0.098,0.039,-0.088,-0.185,-0.185,-0.132
4.466,-0.054,-0.029,0.024,0.044,-0.039,-0.005,0.093,0.029,-0.093,-0.2,-0.19,-0.127
4.468,-0.039,-0.015,0.024,0.029,-0.034,0.005,0.098,0.034,-0.093,-0.185,-0.181,-0.117
4.47,-0.034,0.0,0.034,0.02,-0.034,0.015,0.098,0.039,-0.083,-0.181,-0.171,-0.117
4.472,-0.039,-0.015,0.024,0.029,-0.034,0.005,0.102,0.049,-0.078,-0.181,-0.166,-0.107
4.474,-0.034,-0.029,0.005,0.034,-0.02,-0.015,0.093,0.059,-0.083,-0.185,-0.166,-0.112
4.476,-0.039,-0.02,0.02,0.029,-0.029,0.0,0.088,0.059,-0.083,-0.181,-0.176,-0.122
4.478,-0.039,-0.015,0.024,0.029,-0.034,0.005,0.093,0.063,-0.078,-0.185,-0.171,-0.122
4.48,-0.049,-0.029,0.02,0.039,-0.034,-0.005,0.088,0.059,-0.073,-0.185,-0.185,-0.122
4.482,-0.063,-0.034,0.029,0.049,-0.049,-0.005,0.083,0.049,-0.073,-0.19,-0.185,-0.122
4.484,-0.044,-0.024,0.02,0.034,-0.034,-0.005,0.088,0.049,-0.063,-0.176,-0.176,-0.122
4.486,-0.049,-0.029,0.02,0.039,-0.034,-0.005,0.088,0.044,-0.063,-0.185,-0.171,-0.122
4.488,-0.049,-0.034,0.015,0.044,-0.034,-0.01,0.088,0.044,-0.078,-0.181,-0.166,-0.117
4.49,-0.039,-0.02,0.02,0.029,-0.029,0.0,0.093,0.054,-0.073,-0.166,-0.146,-0.107
4.492,-0.034,-0.02,0.015,0.029,-0.024,-0.005,0.098,0.059,-0.073,-0.166,-0.151,-0.107
4.494,-0.039,-0.034,0.005,0.039,-0.024,-0.015,0.093,0.063,-0.073,-0.171,-0.151,-0.112
4.496,-0.044,-0.044,0.0,0.044,-0.024,-0.024,0.088,0.068,-0.073,-0.171,-0.166,-0.112
4.498,-0.034,-0.029,0.005,0.034,-0.02,-0.015,0.083,0.068,-0.068,-0.181,-0.166,-0.107
4.5,-0.024,-0.029,-0.005,0.029,-0.01,-0.02,0.088,0.068,-0.059,-0.171,-0.171,-0.107
4.502,-0.024,-0.034,-0.01,0.029,-0.01,-0.024,0.088,0.073,-0.054,-0.166,-0.166,-0.107
4.504,-0.034,-0.049,-0.015,0.044,-0.01,-0.034,0.083,0.063,-0.054,-0.166,-0.166,-0.112
4.506,-0.049,-0.049,0.0,0.049,-0.024,-0.024,0.088,0.068,-0.044,-0.156,-0.151,-0.112
4.508,-0.044,-0.039,0.005,0.044,-0.024,-0.02,0.083,0.068,-0.054,-0.146,-0.156,-0.112
4.51,-0.029,-0.02,0.01,0.024,-0.02,-0.005,0.093,0.078,-0.054,-0.146,-0.142,-0.102
4.512,-0.034,-0.034,0.0,0.034,-0.02,-0.02,0.093,0.078,-0.054,-0.151,-0.146,-0.107
4.514,-0.044,-0.054,-0.01,0.049,-0.02,-0.034,0.083,0.083,-0.059,-0.151,-0.146,-0.112
4.516,-0.044,-0.049,-0.005,0.049,-0.02,-0.029,0.083,0.088,-0.054,-0.146,-0.151,-0.112
4.518,-0.039,-0.044,-0.005,0.044,-0.02,-0.024,0.083,0.093,-0.044,-0.142,-0.151,-0.107
4.52,-0.024,-0.034,-0.01,0.029,-0.01,-0.024,0.078,0.088,-0.044,-0.146,-0.151,-0.112
4.522,-0.029,-0.034,-0.005,0.034,-0.015,-0.02,0.083,0.093,-0.029,-0.137,-0.146,-0.102
4.524,-0.034,-0.029,0.005,0.034,-0.02,-0.015,0.078,0.088,-0.024,-0.132,-0.146,-0.102
4.526,-0.02,-0.02,0.0,0.02,-0.01,-0.01,0.083,0.088,-0.015,-0.132,-0.137,-0.098
4.528,-0.02,-0.029,-0.01,0.024,-0.005,-0.02,0.088,0.098,-0.005,-0.112,-0.127,-0.088
4.53,-0.029,-0.034,-0.005,0.034,-0.015,-0.02,0.088,0.098,-0.01,-0.117,-0.122,-0.093
4.532,-0.015,-0.02,-0.005,0.02,-0.005,-0.015,0.078,0.107,-0.005,-0.117,-0.122,-0.093
4.534,-0.029,-0.034,-0.005,0.034,-0.015,-0.02,0.078,0.117,-0.01,-0.112,-0.122,-0.093
4.536,-0.044,-0.049,-0.005,0.049,-0.02,-0.029,0.068,0.112,-0.015,-0.117,-0.127,-0.098
4.538,-0.024,-0.024,0.0,0.024,-0.015,-0.015,0.068,0.122,-0.005,-0.107,-0.127,-0.098
4.54,-0.005,-0.024,-0.02,0.015,0.005,-0.024,0.083,0.132,0.005,-0.098,-0.112,-0.088
4.542,-0.02,-0.034,-0.015,0.029,-0.005,-0.024,0.078,0.132,0.015,-0.093,-0.107,-0.088
4.544,-0.015,-0.029,-0.015,0.024,0.0,-0.024,0.068,0.127,0.01,-0.098,-0.117,-0.088
4.546,-0.015,-0.02,-0.005,0.02,-0.005,-0.015,0.068,0.137,0.024,-0.093,-0.102,-0.078
4.548,-0.01,-0.005,0.005,0.01,-0.01,0.0,0.073,0.137,0.024,-0.078,-0.093,-0.078
4.55,-0.005,-0.02,-0.015,0.015,0.005,-0.02,0.078,0.156,0.029,-0.063,-0.083,-0.063
4.552,0.0,-0.02,-0.02,0.01,0.01,-0.02,0.068,0.156,0.029,-0.063,-0.088,-0.068
4.554,-0.005,-0.02,-0.015,0.015,0.005,-0.02,0.068,0.166,0.034,-0.059,-0.078,-0.068
4.556,-0.015,-0.029,-0.015,0.024,0.0,-0.024,0.059,0.161,0.024,-0.068,-0.088,-0.078
4.558,-0.01,-0.029,-0.02,0.02,0.005,-0.024,0.059,0.171,0.039,-0.063,-0.083,-0.068
4.56,-0.005,-0.015,-0.01,0.01,0.0,-0.015,0.073,0.19,0.059,-0.044,-0.063,-0.054
4.562,-0.015,-0.02,-0.005,0.02,-0.005,-0.015,0.063,0.181,0.054,-0.044,-0.068,-0.059
4.564,-0.01,-0.015,-0.005,0.015,-0.005,-0.01,0.054,0.176,0.063,-0.034,-0.063,-0.059
4.566,0.005,0.005,0.0,-0.005,0.0,0.0,0.063,0.195,0.078,-0.015,-0.044,-0.039
4.568,0.005,0.0,-0.005,0.0,0.005,-0.005,0.063,0.195,0.078,-0.005,-0.034,-0.039
4.57,0.005,0.01,0.005,-0.005,0.0,0.005,0.063,0.2,0.083,0.005,-0.029,-0.034
4.572,0.0,-0.005,-0.005,0.005,0.0,-0.005,0.059,0.21,0.088,0.015,-0.024,-0.029
4.574,0.01,-0.005,-0.015,0.0,0.01,-0.01,0.059,0.22,0.093,0.015,-0.015,-0.034
4.576,0.015,0.005,-0.01,-0.01,0.01,-0.005,0.059,0.224,0.098,0.024,-0.01,-0.029
4.578,0.015,0.0,-0.015,-0.005,0.015,-0.01,0.059,0.234,0.102,0.029,-0.01,-0.024
4.58,0.015,-0.01,-0.024,0.0,0.02,-0.02,0.068,0.249,0.132,0.044,0.005,-0.02
4.582,0.015,0.005,-0.01,-0.01,0.01,-0.005,0.059,0.239,0.132,0.049,0.01,-0.02
4.584,0.015,0.005,-0.01,-0.01,0.01,-0.005,0.054,0.239,0.146,0.063,0.024,-0.01
4.586,0.024,0.02,-0.005,-0.02,0.015,0.005,0.054,0.249,0.156,0.083,0.034,0.0
4.588,0.049,0.02,-0.029,-0.034,0.039,-0.005,0.063,0.268,0.171,0.107,0.059,0.015
4.59,0.049,0.02,-0.029,-0.034,0.039,-0.005,0.059,0.268,0.171,0.122,0.063,0.02
4.592,0.039,0.029,-0.01,-0.034,0.024,0.01,0.049,0.273,0.176,0.132,0.068,0.015
4.594,0.024,0.01,-0.015,-0.015,0.02,-0.005,0.054,0.293,0.19,0.156,0.098,0.029
4.596,0.039,0.034,-0.005,-0.034,0.02,0.015,0.049,0.298,0.195,0.161,0.098,0.024
4.598,0.049,0.029,-0.02,-0.039,0.034,0.005,0.044,0.312,0.215,0.176,0.102,0.039
4.6,0.059,0.024,-0.034,-0.039,0.044,-0.005,0.039,0.317,0.224,0.19,0.112,0.049
4.602,0.054,0.039,-0.015,-0.044,0.034,0.01,0.034,0.322,0.239,0.21,0.132,0.059
4.604,0.049,0.039,-0.01,-0.044,0.029,0.015,0.029,0.322,0.249,0.224,0.142,0.063
4.606,0.068,0.044,-0.024,-0.054,0.044,0.01,0.034,0.337,0.268,0.249,0.166,0.093
4.608,0.083,0.054,-0.029,-0.068,0.054,0.01,0.029,0.332,0.268,0.259,0.181,0.098
4.61,0.088,0.063,-0.024,-0.073,0.054,0.02,0.015,0.327,0.264,0.264,0.195,0.102
4.612,0.112,0.059,-0.054,-0.083,0.083,0.0,0.015,0.351,0.288,0.293,0.21,0.112
4.614,0.098,0.049,-0.049,-0.073,0.073,0.0,0.02,0.366,0.307,0.322,0.234,0.122
4.616,0.093,0.059,-0.034,-0.073,0.063,0.01,0.015,0.366,0.312,0.337,0.244,0.127
4.618,0.093,0.049,-0.044,-0.068,0.068,0.0,0.005,0.381,0.322,0.346,0.254,0.132
4.62,0.098,0.054,-0.044,-0.073,0.068,0.005,-0.01,0.376,0.327,0.356,0.259,0.127
4.622,0.112,0.107,-0.005,-0.107,0.059,0.049,-0.02,0.366,0.337,0.366,0.273,0.132
4.624,0.112,0.068,-0.044,-0.088,0.078,0.01,-0.01,0.371,0.356,0.395,0.307,0.161
4.626,0.137,0.073,-0.063,-0.102,0.098,0.005,-0.01,0.386,0.371,0.42,0.332,0.185
4.628,0.122,0.078,-0.044,-0.098,0.083,0.015,-0.015,0.386,0.386,0.439,0.337,0.185
4.63,0.117,0.088,-0.029,-0.102,0.073,0.029,-0.029,0.386,0.386,0.444,0.346,0.195
4.632,0.122,0.078,-0.044,-0.098,0.083,0.015,-0.029,0.395,0.395,0.464,0.366,0.2
4.634,0.146,0.088,-0.059,-0.117,0.102,0.015,-0.034,0.405,0.4,0.478,0.381,0.215
4.636,0.142,0.088,-0.054,-0.112,0.098,0.015,-0.034,0.405,0.41,0.483,0.386,0.22
4.638,0.146,0.098,-0.049,-0.122,0.098,0.024,-0.039,0.42,0.42,0.503,0.405,0.239
4.64,0.161,0.093,-0.068,-0.127,0.112,0.01,-0.039,0.415,0.429,0.508,0.415,0.244
4.642,0.176,0.098,-0.078,-0.137,0.127,0.01,-0.044,0.41,0.434,0.527,0.425,0.254
4.644,0.171,0.122,-0.049,-0.146,0.107,0.034,-0.054,0.405,0.439,0.537,0.434,0.254
4.646,0.146,0.093,-0.054,-0.117,0.098,0.02,-0.059,0.4,0.439,0.547,0.444,0.259
4.648,0.146,0.088,-0.059,-0.117,0.102,0.015,-0.059,0.39,0.439,0.551,0.459,0.268
4.65,0.171,0.127,-0.044,-0.146,0.107,0.039,-0.063,0.395,0.439,0.561,0.468,0.278
4.652,0.176,0.098,-0.078,-0.137,0.127,0.01,-0.068,0.395,0.444,0.571,0.473,0.283
4.654,0.181,0.068,-0.112,-0.122,0.146,-0.024,-0.063,0.41,0.459,0.581,0.493,0.298
4.656,0.161,0.059,-0.102,-0.107,0.132,-0.024,-0.063,0.41,0.454,0.59,0.503,0.303
4.658,0.161,0.059,-0.102,-0.107,0.132,-0.024,-0.073,0.41,0.459,0.59,0.503,0.303
4.66,0.176,0.073,-0.102,-0.122,0.137,-0.015,-0.063,0.41,0.473,0.6,0.512,0.307
4.662,0.185,0.078,-0.107,-0.132,0.146,-0.015,-0.073,0.4,0.468,0.595,0.512,0.307
4.664,0.166,0.093,-0.073,-0.127,0.117,0.01,-0.073,0.386,0.464,0.6,0.512,0.312
4.666,0.176,0.132,-0.044,-0.151,0.107,0.044,-0.083,0.376,0.459,0.595,0.508,0.307
4.668,0.181,0.146,-0.034,-0.161,0.107,0.054,-0.083,0.366,0.449,0.595,0.508,0.307
4.67,0.205,0.151,-0.054,-0.176,0.127,0.049,-0.083,0.366,0.449,0.595,0.517,0.312
4.672,0.195,0.142,-0.054,-0.166,0.122,0.044,-0.093,0.351,0.439,0.586,0.503,0.303
4.674,0.176,0.122,-0.054,-0.146,0.112,0.034,-0.093,0.356,0.439,0.576,0.503,0.307
4.676,0.171,0.117,-0.054,-0.142,0.112,0.029,-0.083,0.356,0.434,0.576,0.503,0.307
4.678,0.181,0.132,-0.049,-0.156,0.112,0.039,-0.093,0.351,0.425,0.561,0.488,0.298
4.68,0.2,0.112,-0.088,-0.156,0.142,0.01,-0.078,0.351,0.439,0.566,0.493,0.307
4.682,0.195,0.132,-0.063,-0.161,0.127,0.034,-0.083,0.337,0.42,0.551,0.483,0.298
4.684,0.181,0.137,-0.044,-0.156,0.112,0.044,-0.078,0.322,0.41,0.532,0.464,0.293
4.686,0.181,0.127,-0.054,-0.151,0.117,0.034,-0.073,0.312,0.41,0.527,0.459,0.298
4.688,0.185,0.127,-0.059,-0.156,0.122,0.034,-0.068,0.303,0.4,0.512,0.454,0.293
4.69,0.176,0.122,-0.054,-0.146,0.112,0.034,-0.078,0.288,0.376,0.503,0.439,0.283
4.692,0.176,0.117,-0.059,-0.146,0.117,0.029,-0.078,0.283,0.361,0.483,0.42,0.268
4.694,0.166,0.112,-0.054,-0.137,0.107,0.029,-0.088,0.273,0.346,0.454,0.405,0.259
4.696,0.151,0.112,-0.039,-0.132,0.093,0.034,-0.088,0.254,0.327,0.434,0.39,0.244
4.698,0.132,0.102,-0.029,-0.117,0.078,0.034,-0.088,0.239,0.307,0.41,0.361,0.229
4.7,0.132,0.078,-0.054,-0.102,0.093,0.01,-0.078,0.224,0.298,0.39,0.346,0.224
4.702,0.137,0.093,-0.044,-0.112,0.088,0.024,-0.078,0.215,0.288,0.381,0.332,0.22
4.704,0.132,0.088,-0.044,-0.107,0.088,0.02,-0.073,0.205,0.278,0.361,0.317,0.215
4.706,0.112,0.083,-0.029,-0.098,0.068,0.024,-0.068,0.19,0.268,0.346,0.307,0.2
4.708,0.122,0.107,-0.015,-0.112,0.068,0.044,-0.059,0.176,0.244,0.327,0.288,0.195
4.71,0.112,0.078,-0.034,-0.093,0.073,0.02,-0.054,0.171,0.239,0.312,0.273,0.185
4.712,0.107,0.073,-0.034,-0.088,0.068,0.02,-0.054,0.161,0.22,0.293,0.259,0.181
4.714,0.112,0.078,-0.034,-0.093,0.073,0.02,-0.059,0.151,0.195,0.264,0.234,0.161
4.716,0.112,0.078,-0.034,-0.093,0.073,0.02,-0.054,0.142,0.181,0.244,0.22,0.146
4.718,0.088,0.054,-0.034,-0.068,0.059,0.01,-0.054,0.137,0.166,0.229,0.205,0.137
4.72,0.073,0.054,-0.02,-0.063,0.044,0.015,-0.044,0.122,0.161,0.205,0.185,0.127
4.722,0.068,0.059,-0.01,-0.063,0.039,0.024,-0.034,0.102,0.146,0.19,0.176,0.122
4.724,0.083,0.078,-0.005,-0.078,0.044,0.034,-0.029,0.093,0.142,0.176,0.161,0.117
4.726,0.083,0.068,-0.015,-0.073,0.049,0.024,-0.02,0.088,0.142,0.166,0.156,0.112
4.728,0.073,0.063,-0.01,-0.068,0.039,0.024,-0.015,0.078,0.122,0.151,0.146,0.107
4.73,0.078,0.059,-0.02,-0.068,0.049,0.02,-0.02,0.068,0.107,0.137,0.132,0.093
4.732,0.059,0.049,-0.01,-0.054,0.034,0.02,-0.02,0.063,0.093,0.122,0.117,0.093
4.734,0.054,0.049,-0.005,-0.049,0.029,0.02,-0.015,0.063,0.083,0.102,0.093,0.078
4.736,0.049,0.049,0.0,-0.049,0.024,0.024,-0.01,0.059,0.073,0.093,0.078,0.068
4.738,0.039,0.039,0.0,-0.039,0.02,0.02,-0.015,0.049,0.054,0.073,0.059,0.054
4.74,0.029,0.024,-0.005,-0.024,0.015,0.01,-0.01,0.044,0.049,0.054,0.049,0.044
4.742,0.024,0.015,-0.01,-0.02,0.015,0.0,-0.015,0.02,0.02,0.029,0.029,0.029
4.744,0.01,0.024,0.015,-0.015,-0.005,0.02,-0.01,0.015,0.02,0.024,0.024,0.034
4.746,0.024,0.039,0.015,-0.029,0.005,0.024,0.005,0.02,0.024,0.024,0.024,0.034
4.748,0.034,0.044,0.01,-0.039,0.01,0.024,0.005,0.015,0.015,0.015,0.02,0.029
4.75,0.039,0.044,0.005,-0.039,0.015,0.024,0.005,0.01,0.005,0.01,0.01,0.024
4.752,0.034,0.024,-0.01,-0.029,0.02,0.005,0.005,0.01,-0.01,-0.01,-0.005,0.02
4.754,0.034,0.02,-0.015,-0.024,0.024,0.0,0.01,0.0,-0.02,-0.034,-0.024,0.0
4.756,0.029,0.034,0.005,-0.029,0.01,0.02,0.02,0.01,-0.02,-0.034,-0.02,0.005
4.758,0.024,0.015,-0.01,-0.02,0.015,0.0,0.024,0.01,-0.024,-0.039,-0.029,0.0
4.76,0.01,0.024,0.015,-0.015,-0.005,0.02,0.02,-0.005,-0.039,-0.059,-0.049,-0.015
4.762,-0.01,0.01,0.02,0.0,-0.015,0.015,0.024,-0.01,-0.034,-0.063,-0.049,-0.024
4.764,-0.015,0.005,0.02,0.005,-0.02,0.01,0.02,-0.024,-0.044,-0.073,-0.063,-0.034
4.766,-0.005,0.005,0.01,0.0,-0.01,0.005,0.029,-0.015,-0.034,-0.078,-0.059,-0.029
4.768,-0.005,0.0,0.005,0.005,-0.005,0.0,0.034,-0.015,-0.049,-0.078,-0.059,-0.039
4.77,-0.005,0.005,0.01,0.0,-0.01,0.005,0.029,-0.02,-0.049,-0.088,-0.068,-0.044
4.772,-0.005,0.005,0.01,0.0,-0.01,0.005,0.034,-0.005,-0.049,-0.098,-0.073,-0.044
4.774,0.0,-0.01,-0.01,0.005,0.005,-0.01,0.039,-0.01,-0.059,-0.107,-0.083,-0.054
4.776,-0.01,0.0,0.01,0.005,-0.01,0.005,0.039,-0.005,-0.063,-0.112,-0.093,-0.063
4.778,0.0,0.0,0.0,0.0,0.0,0.0,0.034,-0.005,-0.059,-0.117,-0.102,-0.063
4.78,-0.005,0.0,0.005,0.005,-0.005,0.0,0.039,-0.01,-0.068,-0.127,-0.102,-0.059
4.782,-0.015,-0.01,0.005,0.015,-0.01,-0.005,0.044,-0.01,-0.068,-0.127,-0.107,-0.063
4.784,-0.034,-0.01,0.024,0.024,-0.029,0.005,0.044,-0.015,-0.073,-0.132,-0.112,-0.068
4.786,-0.024,-0.01,0.015,0.02,-0.02,0.0,0.044,-0.024,-0.078,-0.142,-0.122,-0.068
4.788,-0.024,0.01,0.034,0.01,-0.029,0.02,0.049,-0.024,-0.083,-0.146,-0.112,-0.063
4.79,-0.02,0.0,0.02,0.01,-0.02,0.01,0.039,-0.024,-0.088,-0.146,-0.117,-0.068
4.792,-0.02,-0.02,0.0,0.02,-0.01,-0.01,0.044,-0.015,-0.083,-0.146,-0.117,-0.063
4.794,-0.024,-0.044,-0.02,0.034,-0.005,-0.034,0.054,-0.005,-0.078,-0.146,-0.112,-0.059
4.796,-0.024,-0.024,0.0,0.024,-0.015,-0.015,0.054,0.0,-0.083,-0.151,-0.117,-0.068
4.798,-0.024,-0.024,0.0,0.024,-0.015,-0.015,0.049,0.01,-0.073,-0.151,-0.122,-0.073
4.8,-0.039,-0.039,0.0,0.039,-0.02,-0.02,0.054,0.01,-0.068,-0.151,-0.127,-0.073
4.802,-0.024,-0.015,0.01,0.02,-0.02,-0.005,0.054,0.01,-0.059,-0.146,-0.132,-0.078
4.804,-0.02,0.0,0.02,0.01,-0.02,0.01,0.054,0.02,-0.054,-0.137,-0.127,-0.073
4.806,-0.034,-0.02,0.015,0.029,-0.024,-0.005,0.054,0.015,-0.049,-0.142,-0.122,-0.068
4.808,-0.034,-0.015,0.02,0.024,-0.029,0.0,0.063,0.02,-0.044,-0.132,-0.112,-0.068
4.81,-0.02,-0.005,0.015,0.015,-0.02,0.005,0.059,0.02,-0.044,-0.127,-0.107,-0.073
4.812,-0.015,-0.01,0.005,0.015,-0.01,-0.005,0.049,0.02,-0.049,-0.132,-0.112,-0.068
4.814,-0.005,-0.01,-0.005,0.01,0.0,-0.01,0.049,0.02,-0.049,-0.137,-0.117,-0.078
4.816,-0.024,-0.02,0.005,0.024,-0.015,-0.01,0.059,0.039,-0.039,-0.127,-0.112,-0.083
4.818,-0.02,-0.01,0.01,0.015,-0.015,0.0,0.059,0.044,-0.034,-0.122,-0.112,-0.073
4.82,-0.01,-0.005,0.005,0.01,-0.01,0.0,0.068,0.054,-0.015,-0.112,-0.107,-0.068
4.822,-0.024,-0.005,0.02,0.015,-0.024,0.005,0.063,0.054,-0.015,-0.107,-0.107,-0.073
4.824,-0.024,0.0,0.024,0.015,-0.024,0.01,0.063,0.059,-0.015,-0.098,-0.107,-0.073
4.826,-0.02,-0.02,0.0,0.02,-0.01,-0.01,0.063,0.059,0.0,-0.098,-0.107,-0.073
4.828,-0.02,-0.02,0.0,0.02,-0.01,-0.01,0.059,0.054,0.0,-0.093,-0.098,-0.073
4.83,-0.005,-0.01,-0.005,0.01,0.0,-0.01,0.054,0.059,0.0,-0.088,-0.093,-0.078
4.832,-0.01,-0.015,-0.005,0.015,-0.005,-0.01,0.059,0.063,-0.005,-0.088,-0.098,-0.073
4.834,-0.015,-0.005,0.01,0.01,-0.015,0.0,0.068,0.078,0.01,-0.073,-0.083,-0.063
4.836,-0.024,-0.005,0.02,0.015,-0.024,0.005,0.063,0.078,0.005,-0.078,-0.088,-0.068
4.838,-0.039,-0.034,0.005,0.039,-0.024,-0.015,0.054,0.073,0.005,-0.083,-0.098,-0.078
4.84,-0.024,-0.034,-0.01,0.029,-0.01,-0.024,0.049,0.073,0.005,-0.083,-0.102,-0.078
4.842,0.0,-0.015,-0.015,0.01,0.005,-0.015,0.049,0.068,0.015,-0.078,-0.098,-0.078
4.844,-0.015,-0.015,0.0,0.015,-0.01,-0.01,0.049,0.078,0.02,-0.063,-0.088,-0.068
4.846,-0.02,-0.02,0.0,0.02,-0.01,-0.01,0.059,0.083,0.039,-0.049,-0.078,-0.054
4.848,-0.02,-0.029,-0.01,0.024,-0.005,-0.02,0.059,0.088,0.039,-0.039,-0.059,-0.054
4.85,-0.005,-0.015,-0.01,0.01,0.0,-0.015,0.054,0.078,0.034,-0.049,-0.063,-0.059
4.852,-0.01,-0.015,-0.005,0.015,-0.005,-0.01,0.049,0.078,0.029,-0.044,-0.073,-0.054
4.854,-0.005,-0.024,-0.02,0.015,0.005,-0.024,0.049,0.078,0.029,-0.044,-0.068,-0.054
4.856,-0.015,-0.02,-0.005,0.02,-0.005,-0.015,0.049,0.083,0.029,-0.044,-0.068,-0.059
4.858,-0.034,-0.024,0.01,0.029,-0.024,-0.01,0.049,0.088,0.029,-0.049,-0.068,-0.059
4.86,-0.034,-0.029,0.005,0.034,-0.02,-0.015,0.054,0.083,0.024,-0.044,-0.073,-0.054
4.862,-0.015,-0.01,0.005,0.015,-0.01,-0.005,0.049,0.073,0.024,-0.039,-0.073,-0.059
4.864,-0.02,-0.024,-0.005,0.024,-0.01,-0.015,0.044,0.068,0.02,-0.044,-0.073,-0.063
4.866,-0.024,-0.02,0.005,0.024,-0.015,-0.01,0.049,0.063,0.029,-0.044,-0.068,-0.054
4.868,-0.024,-0.01,0.015,0.02,-0.02,0.0,0.044,0.063,0.024,-0.039,-0.068,-0.059
4.87,-0.02,-0.01,0.01,0.015,-0.015,0.0,0.044,0.059,0.02,-0.044,-0.068,-0.059
4.872,-0.005,-0.005,0.0,0.005,-0.005,-0.005,0.044,0.068,0.024,-0.039,-0.054,-0.049
4.874,-0.029,-0.015,0.015,0.024,-0.024,0.0,0.044,0.068,0.024,-0.039,-0.059,-0.054
4.876,-0.024,-0.01,0.015,0.02,-0.02,0.0,0.039,0.063,0.01,-0.044,-0.063,-0.063
4.878,-0.015,-0.015,0.0,0.015,-0.01,-0.01,0.044,0.063,0.02,-0.044,-0.063,-0.054
4.88,-0.02,-0.024,-0.005,0.024,-0.01,-0.015,0.039,0.049,0.01,-0.044,-0.073,-0.063
4.882,-0.02,-0.029,-0.01,0.024,-0.005,-0.02,0.039,0.044,0.01,-0.044,-0.068,-0.063
4.884,-0.02,-0.024,-0.005,0.024,-0.01,-0.015,0.024,0.034,0.0,-0.054,-0.073,-0.068
4.886,-0.034,-0.024,0.01,0.029,-0.024,-0.01,0.034,0.034,0.01,-0.049,-0.063,-0.054
4.888,-0.015,0.005,0.02,0.005,-0.02,0.01,0.039,0.039,0.015,-0.034,-0.049,-0.044
4.89,0.0,0.005,0.005,0.0,-0.005,0.005,0.039,0.039,0.015,-0.039,-0.054,-0.044
4.892,0.0,-0.01,-0.01,0.005,0.005,-0.01,0.044,0.044,0.015,-0.034,-0.044,-0.034
4.894,-0.015,-0.005,0.01,0.01,-0.015,0.0,0.044,0.044,0.005,-0.039,-0.049,-0.034
4.896,-0.029,-0.024,0.005,0.029,-0.02,-0.01,0.039,0.039,-0.005,-0.049,-0.059,-0.049
4.898,0.0,-0.015,-0.015,0.01,0.005,-0.015,0.029,0.029,-0.01,-0.059,-0.068,-0.049
4.9,-0.005,-0.015,-0.01,0.01,0.0,-0.015,0.024,0.024,-0.01,-0.054,-0.068,-0.054
4.902,-0.034,-0.005,0.029,0.02,-0.034,0.01,0.024,0.015,-0.015,-0.054,-0.073,-0.059
4.904,-0.029,-0.02,0.01,0.024,-0.02,-0.005,0.024,0.015,-0.01,-0.054,-0.068,-0.054
4.906,-0.024,-0.029,-0.005,0.029,-0.01,-0.02,0.02,0.005,-0.015,-0.054,-0.073,-0.054
4.908,-0.024,-0.015,0.01,0.02,-0.02,-0.005,0.015,-0.005,-0.024,-0.054,-0.068,-0.054
4.91,-0.029,-0.01,0.02,0.02,-0.024,0.005,0.029,0.005,-0.015,-0.054,-0.054,-0.044
4.912,-0.024,-0.01,0.015,0.02,-0.02,0.0,0.024,0.005,-0.024,-0.059,-0.059,-0.044
4.914,-0.02,-0.02,0.0,0.02,-0.01,-0.01,0.029,0.005,-0.024,-0.059,-0.054,-0.039
4.916,-0.034,-0.029,0.005,0.034,-0.02,-0.015,0.029,0.005,-0.02,-0.059,-0.059,-0.049
4.918,-0.024,-0.024,0.0,0.024,-0.015,-0.015,0.02,0.0,-0.015,-0.063,-0.059,-0.049
4.92,0.0,-0.015,-0.015,0.01,0.005,-0.015,0.02,0.0,-0.024,-0.063,-0.059,-0.049
4.922,-0.024,-0.024,0.0,0.024,-0.015,-0.015,0.024,-0.005,-0.024,-0.063,-0.063,-0.054
4.924,-0.044,-0.039,0.005,0.044,-0.024,-0.02,0.02,-0.015,-0.024,-0.073,-0.068,-0.059
4.926,-0.044,-0.044,0.0,0.044,-0.024,-0.024,0.024,-0.02,-0.024,-0.073,-0.068,-0.054
4.928,-0.029,-0.024,0.005,0.029,-0.02,-0.01,0.02,-0.024,-0.034,-0.068,-0.068,-0.059
4.93,-0.029,-0.034,-0.005,0.034,-0.015,-0.02,0.024,-0.024,-0.034,-0.073,-0.063,-0.054
4.932,-0.029,-0.049,-0.02,0.039,-0.005,-0.034,0.02,-0.02,-0.034,-0.073,-0.073,-0.049
4.934,-0.039,-0.015,0.024,0.029,-0.034,0.005,0.01,-0.029,-0.049,-0.083,-0.083,-0.054
4.936,-0.034,-0.02,0.015,0.029,-0.024,-0.005,0.029,-0.01,-0.034,-0.068,-0.063,-0.039
4.938,-0.005,-0.015,-0.01,0.01,0.0,-0.015,0.029,-0.015,-0.029,-0.068,-0.063,-0.029
4.94,-0.02,-0.02,0.0,0.02,-0.01,-0.01,0.015,-0.024,-0.044,-0.078,-0.068,-0.044
4.942,-0.034,-0.024,0.01,0.029,-0.024,-0.01,0.015,-0.029,-0.044,-0.078,-0.073,-0.049
4.944,-0.039,-0.024,0.015,0.034,-0.029,-0.005,0.005,-0.034,-0.044,-0.078,-0.078,-0.059
4.946,-0.039,-0.024,0.015,0.034,-0.029,-0.005,0.015,-0.034,-0.039,-0.078,-0.063,-0.049
4.948,-0.024,-0.02,0.005,0.024,-0.015,-0.01,0.01,-0.029,-0.044,-0.068,-0.059,-0.044
4.95,-0.029,-0.024,0.005,0.029,-0.02,-0.01,0.005,-0.039,-0.049,-0.073,-0.063,-0.054
4.952,-0.024,-0.029,-0.005,0.029,-0.01,-0.02,0.005,-0.034,-0.049,-0.078,-0.059,-0.049
4.954,-0.039,-0.044,-0.005,0.044,-0.02,-0.024,0.005,-0.029,-0.049,-0.073,-0.063,-0.044
4.956,-0.02,-0.034,-0.015,0.029,-0.005,-0.024,0.005,-0.024,-0.049,-0.068,-0.068,-0.054
4.958,-0.024,-0.034,-0.01,0.029,-0.01,-0.024,0.01,-0.029,-0.044,-0.073,-0.068,-0.049
4.96,-0.049,-0.054,-0.005,0.054,-0.024,-0.029,0.02,-0.034,-0.044,-0.073,-0.063,-0.044
4.962,-0.034,-0.029,0.005,0.034,-0.02,-0.015,0.024,-0.024,-0.039,-0.068,-0.059,-0.039
4.964,-0.044,-0.029,0.015,0.039,-0.029,-0.01,0.005,-0.044,-0.049,-0.083,-0.073,-0.059
4.966,-0.024,-0.024,0.0,0.024,-0.015,-0.015,0.015,-0.044,-0.044,-0.073,-0.059,-0.044
4.968,-0.01,-0.015,-0.005,0.015,-0.005,-0.01,0.015,-0.044,-0.054,-0.068,-0.059,-0.039
4.97,-0.034,-0.029,0.005,0.034,-0.02,-0.015,0.015,-0.049,-0.054,-0.078,-0.063,-0.044
4.972,-0.034,-0.034,0.0,0.034,-0.02,-0.02,0.01,-0.044,-0.049,-0.073,-0.054,-0.034
4.974,-0.034,-0.039,-0.005,0.039,-0.015,-0.024,0.015,-0.039,-0.054,-0.068,-0.054,-0.039
4.976,-0.029,-0.049,-0.02,0.039,-0.005,-0.034,0.0,-0.044,-0.068,-0.078,-0.073,-0.059
4.978,-0.029,-0.039,-0.01,0.034,-0.01,-0.024,0.0,-0.049,-0.063,-0.083,-0.073,-0.054
4.98,-0.029,-0.039,-0.01,0.034,-0.01,-0.024,0.0,-0.044,-0.054,-0.078,-0.068,-0.059
4.982,-0.039,-0.029,0.01,0.034,-0.024,-0.01,0.005,-0.039,-0.054,-0.073,-0.068,-0.059
4.984,-0.039,-0.034,0.005,0.039,-0.024,-0.015,0.0,-0.039,-0.049,-0.073,-0.063,-0.054
4.986,-0.044,-0.044,0.0,0.044,-0.024,-0.024,0.0,-0.044,-0.044,-0.078,-0.063,-0.054
4.988,-0.039,-0.039,0.0,0.039,-0.02,-0.02,0.0,-0.039,-0.039,-0.068,-0.059,-0.044
4.99,-0.044,-0.039,0.005,0.044,-0.024,-0.02,0.0,-0.044,-0.044,-0.073,-0.059,-0.044
4.992,-0.039,-0.054,-0.015,0.049,-0.015,-0.034,0.0,-0.034,-0.044,-0.068,-0.049,-0.034
4.994,-0.039,-0.049,-0.01,0.044,-0.015,-0.029,0.01,-0.034,-0.044,-0.059,-0.044,-0.034
4.996,-0.039,-0.029,0.01,0.034,-0.024,-0.01,0.0,-0.039,-0.054,-0.068,-0.059,-0.049
4.998,-0.024,-0.024,0.0,0.024,-0.015,-0.015,-0.005,-0.049,-0.059,-0.078,-0.063,-0.049
5.0,-0.044,-0.054,-0.01,0.049,-0.02,-0.034,0.0,-0.039,-0.049,-0.068,-0.054,-0.044
5.002,-0.044,-0.059,-0.015,0.054,-0.015,-0.039,0.005,-0.034,-0.044,-0.059,-0.049,-0.044
5.004,-0.024,-0.029,-0.005,0.029,-0.01,-0.02,0.0,-0.034,-0.044,-0.063,-0.049,-0.049
5.006,-0.029,-0.029,0.0,0.029,-0.015,-0.015,-0.005,-0.044,-0.044,-0.063,-0.044,-0.049
5.008,-0.039,-0.039,0.0,0.039,-0.02,-0.02,0.0,-0.039,-0.049,-0.063,-0.049,-0.049
5.01,-0.039,-0.029,0.01,0.034,-0.024,-0.01,-0.005,-0.039,-0.044,-0.054,-0.049,-0.049
5.012,-0.059,-0.054,0.005,0.059,-0.034,-0.024,-0.005,-0.039,-0.049,-0.059,-0.054,-0.054
5.014,-0.063,-0.068,-0.005,0.068,-0.029,-0.039,-0.005,-0.039,-0.049,-0.054,-0.049,-0.044
5.016,-0.063,-0.054,0.01,0.059,-0.039,-0.024,-0.01,-0.039,-0.059,-0.059,-0.059,-0.059
5.018,-0.059,-0.044,0.015,0.054,-0.039,-0.015,-0.015,-0.049,-0.063,-0.073,-0.059,-0.059
5.02,-0.034,-0.024,0.01,0.029,-0.024,-0.01,-0.005,-0.034,-0.044,-0.054,-0.044,-0.039
5.022,-0.02,-0.02,0.0,0.02,-0.01,-0.01,0.01,-0.024,-0.034,-0.044,-0.039,-0.029
5.024,-0.029,-0.029,0.0,0.029,-0.015,-0.015,-0.005,-0.034,-0.044,-0.054,-0.049,-0.039
5.026,-0.044,-0.039,0.005,0.044,-0.024,-0.02,0.0,-0.034,-0.029,-0.049,-0.044,-0.034
5.028,-0.049,-0.054,-0.005,0.054,-0.024,-0.029,0.0,-0.029,-0.039,-0.049,-0.039,-0.034
5.03,-0.044,-0.044,0.0,0.044,-0.024,-0.024,-0.005,-0.034,-0.039,-0.054,-0.044,-0.039
5.032,-0.034,-0.039,-0.005,0.039,-0.015,-0.024,-0.005,-0.029,-0.034,-0.049,-0.034,-0.029
5.034,-0.049,-0.049,0.0,0.049,-0.024,-0.024,-0.005,-0.029,-0.039,-0.044,-0.034,-0.034
5.036,-0.039,-0.049,-0.01,0.044,-0.015,-0.029,-0.015,-0.029,-0.049,-0.049,-0.039,-0.044
5.038,-0.039,-0.054,-0.015,0.049,-0.015,-0.034,-0.02,-0.034,-0.044,-0.049,-0.044,-0.049
5.04,-0.049,-0.059,-0.01,0.054,-0.02,-0.034,-0.02,-0.039,-0.044,-0.054,-0.044,-0.049
5.042,-0.054,-0.059,-0.005,0.059,-0.024,-0.034,-0.015,-0.034,-0.039,-0.044,-0.044,-0.049
5.044,-0.059,-0.059,0.0,0.059,-0.029,-0.029,-0.015,-0.039,-0.039,-0.044,-0.044,-0.049
5.046,-0.059,-0.073,-0.015,0.068,-0.024,-0.044,-0.015,-0.044,-0.039,-0.049,-0.049,-0.049
5.048,-0.034,-0.049,-0.015,0.044,-0.01,-0.034,-0.01,-0.029,-0.034,-0.034,-0.034,-0.034
5.05,-0.039,-0.039,0.0,0.039,-0.02,-0.02,-0.01,-0.034,-0.034,-0.034,-0.039,-0.039
5.052,-0.044,-0.063,-0.02,0.054,-0.015,-0.044,-0.005,-0.029,-0.034,-0.034,-0.029,-0.024
5.054,-0.039,-0.049,-0.01,0.044,-0.015,-0.029,0.0,-0.029,-0.029,-0.034,-0.02,-0.015
5.056,-0.024,-0.024,0.0,0.024,-0.015,-0.015,-0.015,-0.039,-0.054,-0.054,-0.024,-0.029
5.058,-0.029,-0.044,-0.015,0.039,-0.01,-0.029,-0.015,-0.039,-0.044,-0.049,-0.029,-0.034
5.06,-0.054,-0.059,-0.005,0.059,-0.024,-0.034,-0.02,-0.039,-0.049,-0.044,-0.029,-0.034
5.062,-0.049,-0.054,-0.005,0.054,-0.024,-0.029,-0.02,-0.039,-0.044,-0.039,-0.029,-0.029
5.064,-0.044,-0.044,0.0,0.044,-0.024,-0.024,-0.029,-0.039,-0.044,-0.039,-0.029,-0.044
5.066,-0.054,-0.054,0.0,0.054,-0.029,-0.029,-0.029,-0.049,-0.039,-0.039,-0.024,-0.039
5.068,-0.049,-0.049,0.0,0.049,-0.024,-0.024,-0.034,-0.049,-0.049,-0.044,-0.029,-0.049
5.07,-0.049,-0.049,0.0,0.049,-0.024,-0.024,-0.034,-0.054,-0.054,-0.049,-0.034,-0.049
5.072,-0.044,-0.044,0.0,0.044,-0.024,-0.024,-0.029,-0.044,-0.044,-0.039,-0.024,-0.044
5.074,-0.034,-0.029,0.005,0.034,-0.02,-0.015,-0.02,-0.034,-0.039,-0.029,-0.024,-0.039
5.076,-0.044,-0.034,0.01,0.039,-0.029,-0.015,-0.024,-0.034,-0.044,-0.029,-0.029,-0.039
5.078,-0.049,-0.049,0.0,0.049,-0.024,-0.024,-0.015,-0.039,-0.039,-0.029,-0.029,-0.039
5.08,-0.039,-0.039,0.0,0.039,-0.02,-0.02,-0.015,-0.029,-0.039,-0.029,-0.034,-0.034
5.082,-0.034,-0.049,-0.015,0.044,-0.01,-0.034,-0.02,-0.039,-0.044,-0.034,-0.039,-0.034
5.084,-0.034,-0.049,-0.015,0.044,-0.01,-0.034,-0.024,-0.039,-0.044,-0.039,-0.034,-0.034
5.086,-0.044,-0.054,-0.01,0.049,-0.02,-0.034,-0.02,-0.039,-0.039,-0.049,-0.029,-0.029
5.088,-0.054,-0.059,-0.005,0.059,-0.024,-0.034,-0.024,-0.044,-0.049,-0.049,-0.034,-0.029
5.09,-0.029,-0.049,-0.02,0.039,-0.005,-0.034,-0.024,-0.039,-0.044,-0.049,-0.034,-0.029
5.092,-0.039,-0.054,-0.015,0.049,-0.015,-0.034,-0.034,-0.044,-0.049,-0.054,-0.034,-0.034
5.094,-0.044,-0.054,-0.01,0.049,-0.02,-0.034,-0.024,-0.039,-0.044,-0.044,-0.034,-0.034
5.096,-0.044,-0.049,-0.005,0.049,-0.02,-0.029,-0.024,-0.029,-0.039,-0.039,-0.034,-0.039
5.098,-0.054,-0.054,0.0,0.054,-0.029,-0.029,-0.024,-0.034,-0.039,-0.044,-0.029,-0.034
5.1,-0.039,-0.044,-0.005,0.044,-0.02,-0.024,-0.02,-0.034,-0.039,-0.044,-0.029,-0.039
5.102,-0.02,-0.039,-0.02,0.029,0.0,-0.029,-0.024,-0.034,-0.044,-0.049,-0.039,-0.049
5.104,-0.039,-0.049,-0.01,0.044,-0.015,-0.029,-0.029,-0.039,-0.049,-0.054,-0.044,-0.049
5.106,-0.059,-0.054,0.005,0.059,-0.034,-0.024,-0.024,-0.034,-0.039,-0.049,-0.034,-0.039
5.108,-0.068,-0.063,0.005,0.068,-0.039,-0.029,-0.024,-0.039,-0.049,-0.054,-0.039,-0.044
5.11,-0.049,-0.054,-0.005,0.054,-0.024,-0.029,-0.029,-0.039,-0.049,-0.054,-0.039,-0.044
5.112,-0.039,-0.039,0.0,0.039,-0.02,-0.02,-0.024,-0.044,-0.049,-0.049,-0.029,-0.034
5.114,-0.063,-0.059,0.005,0.063,-0.034,-0.029,-0.029,-0.049,-0.054,-0.054,-0.039,-0.039
5.116,-0.054,-0.054,0.0,0.054,-0.029,-0.029,-0.034,-0.049,-0.068,-0.054,-0.044,-0.049
5.118,-0.029,-0.029,0.0,0.029,-0.015,-0.015,-0.029,-0.044,-0.054,-0.054,-0.034,-0.044
5.12,-0.039,-0.034,0.005,0.039,-0.024,-0.015,-0.015,-0.034,-0.044,-0.044,-0.029,-0.034
5.122,-0.059,-0.073,-0.015,0.068,-0.024,-0.044,-0.01,-0.029,-0.039,-0.039,-0.039,-0.039
5.124,-0.063,-0.059,0.005,0.063,-0.034,-0.029,-0.015,-0.034,-0.044,-0.044,-0.044,-0.044
5.126,-0.039,-0.015,0.024,0.029,-0.034,0.005,-0.01,-0.039,-0.034,-0.044,-0.039,-0.039
5.128,-0.029,-0.024,0.005,0.029,-0.02,-0.01,-0.01,-0.034,-0.039,-0.034,-0.034,-0.044
5.13,-0.039,-0.039,0.0,0.039,-0.02,-0.02,-0.02,-0.044,-0.054,-0.044,-0.039,-0.044
5.132,-0.034,-0.054,-0.02,0.044,-0.01,-0.039,-0.02,-0.044,-0.054,-0.054,-0.039,-0.039
5.134,-0.049,-0.073,-0.024,0.063,-0.015,-0.049,-0.024,-0.049,-0.059,-0.059,-0.044,-0.049
5.136,-0.054,-0.068,-0.015,0.063,-0.02,-0.044,-0.024,-0.059,-0.063,-0.063,-0.049,-0.054
5.138,-0.049,-0.059,-0.01,0.054,-0.02,-0.034,-0.015,-0.044,-0.054,-0.054,-0.044,-0.044
5.14,-0.059,-0.073,-0.015,0.068,-0.024,-0.044,-0.01,-0.039,-0.049,-0.049,-0.044,-0.044
5.142,-0.059,-0.059,0.0,0.059,-0.029,-0.029,-0.005,-0.039,-0.044,-0.044,-0.044,-0.044
5.144,-0.049,-0.054,-0.005,0.054,-0.024,-0.029,0.0,-0.034,-0.044,-0.049,-0.039,-0.039
5.146,-0.034,-0.039,-0.005,0.039,-0.015,-0.024,-0.01,-0.054,-0.054,-0.063,-0.059,-0.049
5.148,-0.029,-0.029,0.0,0.029,-0.015,-0.015,-0.01,-0.049,-0.059,-0.063,-0.054,-0.049
5.15,-0.044,-0.039,0.005,0.044,-0.024,-0.02,-0.005,-0.044,-0.044,-0.054,-0.049,-0.039
5.152,-0.044,-0.049,-0.005,0.049,-0.02,-0.029,0.0,-0.044,-0.039,-0.049,-0.039,-0.034
5.154,-0.044,-0.039,0.005,0.044,-0.024,-0.02,-0.005,-0.049,-0.044,-0.059,-0.049,-0.039
5.156,-0.063,-0.054,0.01,0.059,-0.039,-0.024,-0.01,-0.044,-0.049,-0.059,-0.049,-0.039
5.158,-0.054,-0.044,0.01,0.049,-0.034,-0.02,-0.015,-0.054,-0.059,-0.059,-0.054,-0.044
5.16,-0.034,-0.049,-0.015,0.044,-0.01,-0.034,-0.015,-0.049,-0.059,-0.059,-0.049,-0.039
5.162,-0.034,-0.034,0.0,0.034,-0.02,-0.02,-0.015,-0.049,-0.059,-0.063,-0.054,-0.039
5.164,-0.044,-0.034,0.01,0.039,-0.029,-0.015,-0.01,-0.044,-0.049,-0.059,-0.044,-0.039
5.166,-0.049,-0.054,-0.005,0.054,-0.024,-0.029,-0.005,-0.044,-0.049,-0.054,-0.044,-0.039
5.168,-0.034,-0.054,-0.02,0.044,-0.01,-0.039,-0.005,-0.039,-0.049,-0.054,-0.044,-0.039
5.17,-0.015,-0.034,-0.02,0.024,0.0,-0.029,-0.005,-0.039,-0.049,-0.054,-0.049,-0.044
5.172,-0.02,-0.024,-0.005,0.024,-0.01,-0.015,-0.01,-0.049,-0.054,-0.063,-0.059,-0.054
5.174,-0.039,-0.039,0.0,0.039,-0.02,-0.02,-0.005,-0.049,-0.054,-0.059,-0.063,-0.049
5.176,-0.063,-0.063,0.0,0.063,-0.034,-0.034,0.0,-0.039,-0.054,-0.063,-0.063,-0.049
5.178,-0.068,-0.059,0.01,0.063,-0.039,-0.024,0.0,-0.044,-0.059,-0.063,-0.059,-0.044
5.18,-0.063,-0.059,0.005,0.063,-0.034,-0.029,0.0,-0.029,-0.044,-0.054,-0.049,-0.039
5.182,-0.039,-0.078,-0.039,0.059,0.0,-0.059,0.0,-0.029,-0.049,-0.059,-0.049,-0.034
5.184,-0.049,-0.093,-0.044,0.073,-0.005,-0.068,0.0,-0.044,-0.054,-0.059,-0.044,-0.029
5.186,-0.044,-0.073,-0.029,0.059,-0.01,-0.054,0.0,-0.049,-0.054,-0.059,-0.044,-0.029
5.188,-0.044,-0.054,-0.01,0.049,-0.02,-0.034,-0.005,-0.054,-0.059,-0.068,-0.049,-0.039
5.19,-0.054,-0.044,0.01,0.049,-0.034,-0.02,-0.015,-0.059,-0.063,-0.073,-0.059,-0.049
5.192,-0.049,-0.039,0.01,0.044,-0.029,-0.015,-0.02,-0.059,-0.068,-0.078,-0.059,-0.054
5.194,-0.039,-0.049,-0.01,0.044,-0.015,-0.029,-0.005,-0.049,-0.054,-0.063,-0.059,-0.039
5.196,-0.059,-0.054,0.005,0.059,-0.034,-0.024,0.0,-0.044,-0.054,-0.063,-0.054,-0.039
5.198,-0.068,-0.068,0.0,0.068,-0.034,-0.034,-0.005,-0.049,-0.068,-0.073,-0.068,-0.049
5.2,-0.044,-0.054,-0.01,0.049,-0.02,-0.034,-0.005,-0.049,-0.068,-0.073,-0.063,-0.049
5.202,-0.059,-0.059,0.0,0.059,-0.029,-0.029,-0.005,-0.059,-0.063,-0.078,-0.068,-0.054
5.204,-0.054,-0.049,0.005,0.054,-0.029,-0.024,-0.015,-0.059,-0.068,-0.083,-0.073,-0.059
5.206,-0.063,-0.059,0.005,0.063,-0.034,-0.029,-0.01,-0.063,-0.063,-0.078,-0.068,-0.054
5.208,-0.034,-0.029,0.005,0.034,-0.02,-0.015,-0.005,-0.054,-0.054,-0.068,-0.059,-0.044
5.21,-0.024,-0.015,0.01,0.02,-0.02,-0.005,0.005,-0.054,-0.063,-0.068,-0.054,-0.039
5.212,-0.034,-0.039,-0.005,0.039,-0.015,-0.024,0.0,-0.049,-0.063,-0.068,-0.059,-0.039
5.214,-0.039,-0.059,-0.02,0.049,-0.01,-0.039,0.0,-0.049,-0.068,-0.068,-0.059,-0.039
5.216,-0.024,-0.039,-0.015,0.034,-0.005,-0.029,-0.01,-0.054,-0.068,-0.078,-0.063,-0.044
5.218,-0.029,-0.034,-0.005,0.034,-0.015,-0.02,-0.005,-0.049,-0.063,-0.078,-0.063,-0.049
5.22,-0.044,-0.044,0.0,0.044,-0.024,-0.024,0.0,-0.049,-0.059,-0.073,-0.063,-0.049
5.222,-0.054,-0.059,-0.005,0.059,-0.024,-0.034,0.0,-0.044,-0.054,-0.068,-0.054,-0.049
5.224,-0.044,-0.044,0.0,0.044,-0.024,-0.024,-0.01,-0.059,-0.073,-0.088,-0.073,-0.063
5.226,-0.044,-0.044,0.0,0.044,-0.024,-0.024,-0.005,-0.059,-0.073,-0.083,-0.068,-0.059
5.228,-0.034,-0.054,-0.02,0.044,-0.01,-0.039,-0.005,-0.059,-0.068,-0.078,-0.073,-0.054
5.23,-0.044,-0.054,-0.01,0.049,-0.02,-0.034,-0.005,-0.063,-0.073,-0.088,-0.073,-0.054
5.232,-0.039,-0.039,0.0,0.039,-0.02,-0.02,0.0,-0.054,-0.063,-0.078,-0.068,-0.049
5.234,-0.034,-0.034,0.0,0.034,-0.02,-0.02,0.015,-0.044,-0.049,-0.068,-0.054,-0.029
5.236,-0.034,-0.029,0.005,0.034,-0.02,-0.015,0.0,-0.059,-0.073,-0.083,-0.068,-0.039
5.238,-0.024,-0.029,-0.005,0.029,-0.01,-0.02,0.005,-0.049,-0.063,-0.078,-0.063,-0.039
5.24,-0.015,-0.02,-0.005,0.02,-0.005,-0.015,0.0,-0.054,-0.073,-0.083,-0.073,-0.049
5.242,-0.034,-0.044,-0.01,0.039,-0.015,-0.029,-0.005,-0.059,-0.073,-0.093,-0.073,-0.059
5.244,-0.029,-0.044,-0.015,0.039,-0.01,-0.029,0.005,-0.054,-0.063,-0.083,-0.073,-0.049
5.246,-0.039,-0.044,-0.005,0.044,-0.02,-0.024,0.0,-0.054,-0.068,-0.083,-0.073,-0.049
5.248,-0.054,-0.049,0.005,0.054,-0.029,-0.024,0.005,-0.054,-0.068,-0.088,-0.073,-0.044
5.25,-0.054,-0.054,0.0,0.054,-0.029,-0.029,0.01,-0.054,-0.068,-0.088,-0.068,-0.044
5.252,-0.059,-0.068,-0.01,0.063,-0.024,-0.039,0.0,-0.063,-0.078,-0.093,-0.073,-0.044
5.254,-0.044,-0.068,-0.024,0.059,-0.01,-0.049,0.005,-0.063,-0.083,-0.088,-0.068,-0.044
5.256,-0.034,-0.054,-0.02,0.044,-0.01,-0.039,0.0,-0.063,-0.083,-0.098,-0.073,-0.054
5.258,-0.039,-0.054,-0.015,0.049,-0.015,-0.034,0.005,-0.059,-0.078,-0.093,-0.073,-0.044
5.26,-0.039,-0.039,0.0,0.039,-0.02,-0.02,0.0,-0.059,-0.078,-0.098,-0.078,-0.054
5.262,-0.054,-0.039,0.015,0.049,-0.034,-0.015,0.0,-0.063,-0.088,-0.102,-0.083,-0.063
5.264,-0.054,-0.044,0.01,0.049,-0.034,-0.02,0.005,-0.059,-0.083,-0.098,-0.083,-0.059
5.266,-0.059,-0.059,0.0,0.059,-0.029,-0.029,0.01,-0.049,-0.068,-0.088,-0.073,-0.049
5.268,-0.044,-0.063,-0.02,0.054,-0.015,-0.044,0.02,-0.049,-0.063,-0.088,-0.073,-0.044
5.27,-0.034,-0.049,-0.015,0.044,-0.01,-0.034,0.02,-0.044,-0.068,-0.088,-0.073,-0.044
5.272,-0.049,-0.044,0.005,0.049,-0.029,-0.02,0.01,-0.054,-0.068,-0.088,-0.083,-0.054
5.274,-0.054,-0.044,0.01,0.049,-0.034,-0.02,0.005,-0.059,-0.073,-0.093,-0.083,-0.059
5.276,-0.044,-0.054,-0.01,0.049,-0.02,-0.034,-0.005,-0.068,-0.083,-0.107,-0.088,-0.063
5.278,-0.044,-0.044,0.0,0.044,-0.024,-0.024,-0.005,-0.068,-0.083,-0.112,-0.093,-0.063
5.28,-0.034,-0.029,0.005,0.034,-0.02,-0.015,0.005,-0.063,-0.078,-0.102,-0.088,-0.059
5.282,-0.039,-0.015,0.024,0.029,-0.034,0.005,0.005,-0.068,-0.083,-0.112,-0.083,-0.054
5.284,-0.029,-0.034,-0.005,0.034,-0.015,-0.02,0.0,-0.073,-0.088,-0.112,-0.088,-0.059
5.286,-0.015,-0.029,-0.015,0.024,0.0,-0.024,0.015,-0.054,-0.073,-0.093,-0.078,-0.044
5.288,-0.02,-0.024,-0.005,0.024,-0.01,-0.015,0.015,-0.059,-0.078,-0.098,-0.083,-0.049
5.29,-0.039,-0.034,0.005,0.039,-0.024,-0.015,0.015,-0.063,-0.083,-0.098,-0.083,-0.054
5.292,-0.044,-0.063,-0.02,0.054,-0.015,-0.044,0.015,-0.068,-0.088,-0.102,-0.088,-0.059
5.294,-0.049,-0.073,-0.024,0.063,-0.015,-0.049,0.01,-0.068,-0.088,-0.102,-0.083,-0.054
5.296,-0.044,-0.059,-0.015,0.054,-0.015,-0.039,0.0,-0.073,-0.098,-0.112,-0.093,-0.063
5.298,-0.054,-0.049,0.005,0.054,-0.029,-0.024,0.015,-0.073,-0.088,-0.112,-0.098,-0.063
5.3,-0.039,-0.049,-0.01,0.044,-0.015,-0.029,0.01,-0.068,-0.083,-0.112,-0.093,-0.059
5.302,-0.034,-0.039,-0.005,0.039,-0.015,-0.024,0.01,-0.063,-0.083,-0.107,-0.098,-0.059
5.304,-0.044,-0.049,-0.005,0.049,-0.02,-0.029,0.02,-0.059,-0.078,-0.107,-0.093,-0.054
5.306,-0.039,-0.054,-0.015,0.049,-0.015,-0.034,0.029,-0.063,-0.078,-0.107,-0.093,-0.049
5.308,-0.044,-0.063,-0.02,0.054,-0.015,-0.044,0.029,-0.063,-0.078,-0.107,-0.088,-0.049
5.31,-0.039,-0.039,0.0,0.039,-0.02,-0.02,0.01,-0.073,-0.093,-0.117,-0.098,-0.063
5.312,-0.029,-0.034,-0.005,0.034,-0.015,-0.02,0.02,-0.073,-0.093,-0.112,-0.088,-0.059
5.314,-0.034,-0.034,0.0,0.034,-0.02,-0.02,0.015,-0.078,-0.093,-0.112,-0.093,-0.059
5.316,-0.059,-0.044,0.015,0.054,-0.039,-0.015,0.005,-0.078,-0.102,-0.122,-0.098,-0.068
5.318,-0.059,-0.049,0.01,0.054,-0.034,-0.02,0.01,-0.078,-0.093,-0.117,-0.098,-0.063
5.32,-0.068,-0.063,0.005,0.068,-0.039,-0.029,0.01,-0.078,-0.093,-0.122,-0.102,-0.063
5.322,-0.049,-0.049,0.0,0.049,-0.024,-0.024,0.0,-0.088,-0.098,-0.127,-0.107,-0.068
5.324,-0.049,-0.044,0.005,0.049,-0.029,-0.02,0.005,-0.078,-0.093,-0.127,-0.117,-0.068
5.326,-0.034,-0.034,0.0,0.034,-0.02,-0.02,0.015,-0.083,-0.098,-0.127,-0.112,-0.059
5.328,-0.024,-0.029,-0.005,0.029,-0.01,-0.02,0.015,-0.083,-0.098,-0.132,-0.107,-0.054
5.33,-0.034,-0.039,-0.005,0.039,-0.015,-0.024,0.015,-0.083,-0.093,-0.127,-0.107,-0.059
5.332,-0.024,-0.039,-0.015,0.034,-0.005,-0.029,0.02,-0.073,-0.088,-0.122,-0.102,-0.054
5.334,-0.024,-0.034,-0.01,0.029,-0.01,-0.024,0.02,-0.073,-0.093,-0.122,-0.098,-0.054
5.336,-0.044,-0.049,-0.005,0.049,-0.02,-0.029,0.015,-0.073,-0.098,-0.127,-0.102,-0.059
5.338,-0.044,-0.039,0.005,0.044,-0.024,-0.02,0.01,-0.078,-0.102,-0.137,-0.107,-0.063
5.34,-0.034,-0.044,-0.01,0.039,-0.015,-0.029,0.01,-0.068,-0.098,-0.132,-0.102,-0.059
5.342,-0.049,-0.039,0.01,0.044,-0.029,-0.015,0.01,-0.073,-0.107,-0.137,-0.107,-0.063
5.344,-0.029,-0.049,-0.02,0.039,-0.005,-0.034,0.005,-0.078,-0.107,-0.132,-0.107,-0.068
5.346,-0.02,-0.049,-0.029,0.034,0.005,-0.039,0.01,-0.078,-0.098,-0.127,-0.102,-0.063
5.348,-0.049,-0.039,0.01,0.044,-0.029,-0.015,0.01,-0.078,-0.098,-0.127,-0.107,-0.063
5.35,-0.063,-0.054,0.01,0.059,-0.039,-0.024,0.01,-0.073,-0.098,-0.127,-0.107,-0.068
5.352,-0.049,-0.063,-0.015,0.059,-0.02,-0.039,0.005,-0.078,-0.102,-0.137,-0.117,-0.073
5.354,-0.039,-0.044,-0.005,0.044,-0.02,-0.024,0.005,-0.078,-0.102,-0.137,-0.117,-0.068
5.356,-0.029,-0.039,-0.01,0.034,-0.01,-0.024,0.0,-0.078,-0.102,-0.137,-0.117,-0.073
5.358,-0.034,-0.034,0.0,0.034,-0.02,-0.02,0.0,-0.083,-0.107,-0.142,-0.127,-0.078
5.36,-0.049,-0.039,0.01,0.044,-0.029,-0.015,0.005,-0.088,-0.102,-0.146,-0.122,-0.068
5.362,-0.059,-0.039,0.02,0.049,-0.039,-0.01,0.005,-0.088,-0.107,-0.142,-0.122,-0.073
5.364,-0.049,-0.034,0.015,0.044,-0.034,-0.01,0.0,-0.088,-0.107,-0.142,-0.122,-0.078
5.366,-0.034,-0.034,0.0,0.034,-0.02,-0.02,0.0,-0.083,-0.102,-0.142,-0.117,-0.073
5.368,-0.034,-0.039,-0.005,0.039,-0.015,-0.024,0.005,-0.078,-0.093,-0.137,-0.112,-0.073
5.37,-0.029,-0.034,-0.005,0.034,-0.015,-0.02,0.01,-0.073,-0.093,-0.132,-0.122,-0.073
5.372,-0.044,-0.054,-0.01,0.049,-0.02,-0.034,0.005,-0.078,-0.102,-0.142,-0.132,-0.083
5.374,-0.059,-0.068,-0.01,0.063,-0.024,-0.039,0.01,-0.073,-0.107,-0.137,-0.122,-0.068
5.376,-0.02,-0.02,0.0,0.02,-0.01,-0.01,0.02,-0.059,-0.093,-0.127,-0.107,-0.059
5.378,-0.015,-0.015,0.0,0.015,-0.01,-0.01,0.02,-0.063,-0.093,-0.132,-0.102,-0.049
5.38,-0.034,-0.039,-0.005,0.039,-0.015,-0.024,0.01,-0.073,-0.098,-0.142,-0.107,-0.059
5.382,-0.029,-0.044,-0.015,0.039,-0.01,-0.029,0.01,-0.078,-0.098,-0.146,-0.112,-0.063
5.384,-0.044,-0.059,-0.015,0.054,-0.015,-0.039,0.015,-0.078,-0.102,-0.146,-0.117,-0.068
5.386,-0.054,-0.044,0.01,0.049,-0.034,-0.02,0.015,-0.078,-0.112,-0.151,-0.122,-0.073
5.388,-0.044,-0.034,0.01,0.039,-0.029,-0.015,0.015,-0.078,-0.107,-0.146,-0.117,-0.068
5.39,-0.024,-0.015,0.01,0.02,-0.02,-0.005,0.015,-0.083,-0.107,-0.146,-0.127,-0.073
5.392,-0.015,-0.005,0.01,0.01,-0.015,0.0,0.024,-0.073,-0.098,-0.142,-0.122,-0.068
5.394,-0.024,0.0,0.024,0.015,-0.024,0.01,0.029,-0.063,-0.093,-0.137,-0.117,-0.063
5.396,-0.02,0.0,0.02,0.01,-0.02,0.01,0.049,-0.049,-0.078,-0.122,-0.107,-0.054
5.398,0.005,0.029,0.024,-0.015,-0.01,0.024,0.063,-0.029,-0.063,-0.112,-0.093,-0.039
5.4,-0.005,0.049,0.054,-0.02,-0.029,0.049,0.063,-0.024,-0.054,-0.107,-0.093,-0.044
5.402,-0.005,0.044,0.049,-0.02,-0.029,0.044,0.068,-0.024,-0.049,-0.102,-0.088,-0.039
5.404,0.0,0.029,0.029,-0.015,-0.015,0.029,0.068,-0.015,-0.044,-0.093,-0.083,-0.034
5.406,0.0,0.029,0.029,-0.015,-0.015,0.029,0.078,-0.005,-0.034,-0.083,-0.063,-0.024
5.408,0.01,0.039,0.029,-0.024,-0.01,0.034,0.088,-0.01,-0.039,-0.088,-0.078,-0.029
5.41,0.0,0.039,0.039,-0.02,-0.02,0.039,0.098,-0.005,-0.034,-0.093,-0.083,-0.034
5.412,0.0,0.039,0.039,-0.02,-0.02,0.039,0.102,0.01,-0.024,-0.078,-0.068,-0.024
5.414,0.005,0.044,0.039,-0.024,-0.02,0.039,0.102,0.02,-0.015,-0.078,-0.063,-0.02
5.416,0.005,0.039,0.034,-0.02,-0.015,0.034,0.098,0.024,-0.02,-0.078,-0.068,-0.029
5.418,0.015,0.039,0.024,-0.024,-0.005,0.029,0.098,0.02,-0.015,-0.073,-0.073,-0.034
5.42,0.005,0.039,0.034,-0.02,-0.015,0.034,0.102,0.034,0.0,-0.063,-0.068,-0.029
5.422,0.005,0.054,0.049,-0.029,-0.024,0.049,0.102,0.044,0.01,-0.059,-0.059,-0.02
5.424,0.02,0.073,0.054,-0.044,-0.02,0.063,0.112,0.049,0.015,-0.059,-0.059,-0.015
5.426,0.02,0.068,0.049,-0.044,-0.015,0.059,0.127,0.059,0.015,-0.049,-0.059,-0.01
5.428,0.005,0.059,0.054,-0.029,-0.024,0.054,0.117,0.049,0.01,-0.059,-0.059,-0.015
5.43,0.015,0.059,0.044,-0.034,-0.015,0.049,0.107,0.044,0.005,-0.063,-0.054,-0.005
5.432,0.029,0.063,0.034,-0.044,-0.005,0.049,0.093,0.029,-0.01,-0.078,-0.054,-0.01
5.434,0.02,0.068,0.049,-0.044,-0.015,0.059,0.078,0.029,-0.005,-0.073,-0.054,-0.005
5.436,0.005,0.073,0.068,-0.039,-0.034,0.068,0.073,0.024,-0.01,-0.078,-0.059,-0.01
5.438,0.024,0.068,0.044,-0.044,-0.01,0.054,0.068,0.024,-0.005,-0.073,-0.054,-0.01
5.44,0.039,0.073,0.034,-0.054,0.0,0.054,0.059,0.02,-0.01,-0.073,-0.059,-0.01
5.442,0.024,0.078,0.054,-0.049,-0.015,0.063,0.044,0.005,-0.024,-0.083,-0.063,-0.01
5.444,0.02,0.068,0.049,-0.044,-0.015,0.059,0.024,-0.02,-0.044,-0.098,-0.073,-0.02
5.446,0.024,0.083,0.059,-0.054,-0.02,0.068,0.015,-0.029,-0.044,-0.093,-0.068,-0.01
5.448,0.024,0.088,0.063,-0.054,-0.02,0.073,0.0,-0.039,-0.059,-0.107,-0.073,-0.01
5.45,0.02,0.078,0.059,-0.049,-0.02,0.068,-0.005,-0.044,-0.059,-0.117,-0.073,-0.01
5.452,0.0,0.059,0.059,-0.029,-0.029,0.059,-0.005,-0.054,-0.063,-0.117,-0.073,-0.015
5.454,-0.005,0.049,0.054,-0.02,-0.029,0.049,-0.01,-0.059,-0.073,-0.122,-0.078,-0.015
5.456,0.015,0.068,0.054,-0.039,-0.02,0.059,-0.02,-0.073,-0.088,-0.132,-0.088,-0.015
5.458,0.005,0.049,0.044,-0.024,-0.02,0.044,-0.015,-0.073,-0.098,-0.132,-0.093,-0.01
5.46,-0.01,0.029,0.039,-0.01,-0.024,0.034,-0.015,-0.088,-0.107,-0.142,-0.098,-0.015
5.462,-0.005,0.02,0.024,-0.005,-0.015,0.02,-0.02,-0.093,-0.112,-0.156,-0.112,-0.029
5.464,0.005,0.005,0.0,-0.005,0.0,0.0,-0.02,-0.098,-0.122,-0.166,-0.122,-0.044
5.466,0.015,0.029,0.015,-0.02,0.0,0.02,0.0,-0.098,-0.107,-0.151,-0.112,-0.039
5.468,0.01,0.029,0.02,-0.02,-0.005,0.024,-0.01,-0.098,-0.117,-0.161,-0.117,-0.054
5.47,-0.005,0.0,0.005,0.005,-0.005,0.0,-0.005,-0.098,-0.117,-0.161,-0.122,-0.059
5.472,0.02,0.01,-0.01,-0.015,0.015,0.0,0.0,-0.093,-0.112,-0.161,-0.117,-0.054
5.474,0.01,0.0,-0.01,-0.005,0.01,-0.005,-0.005,-0.093,-0.117,-0.161,-0.122,-0.054
5.476,-0.015,-0.034,-0.02,0.024,0.0,-0.029,-0.02,-0.102,-0.122,-0.171,-0.127,-0.059
5.478,-0.005,-0.034,-0.029,0.02,0.01,-0.034,-0.015,-0.098,-0.117,-0.161,-0.122,-0.039
5.48,0.01,-0.005,-0.015,0.0,0.01,-0.01,-0.01,-0.098,-0.117,-0.156,-0.112,-0.034
5.482,0.005,0.005,0.0,-0.005,0.0,0.0,-0.015,-0.102,-0.122,-0.161,-0.112,-0.029
5.484,0.005,0.015,0.01,-0.01,-0.005,0.01,-0.005,-0.088,-0.107,-0.146,-0.088,-0.015
5.486,0.01,0.029,0.02,-0.02,-0.005,0.024,0.005,-0.083,-0.098,-0.137,-0.083,-0.01
5.488,0.024,0.034,0.01,-0.029,0.005,0.02,0.005,-0.068,-0.083,-0.132,-0.078,-0.005
5.49,0.015,0.015,0.0,-0.015,0.005,0.005,0.0,-0.073,-0.098,-0.137,-0.093,-0.02
5.492,-0.005,0.0,0.005,0.005,-0.005,0.0,0.005,-0.083,-0.112,-0.146,-0.107,-0.034
5.494,-0.02,-0.01,0.01,0.015,-0.015,0.0,0.02,-0.078,-0.112,-0.156,-0.117,-0.049
5.496,-0.02,-0.024,-0.005,0.024,-0.01,-0.015,0.015,-0.093,-0.137,-0.185,-0.151,-0.078
5.498,-0.02,-0.034,-0.015,0.029,-0.005,-0.024,0.02,-0.107,-0.146,-0.205,-0.166,-0.098
5.5,-0.044,-0.044,0.0,0.044,-0.024,-0.024,0.02,-0.117,-0.156,-0.21,-0.185,-0.107
5.502,-0.039,-0.044,-0.005,0.044,-0.02,-0.024,0.02,-0.117,-0.156,-0.215,-0.181,-0.117
5.504,-0.024,-0.034,-0.01,0.029,-0.01,-0.024,0.024,-0.117,-0.156,-0.21,-0.176,-0.107
5.506,-0.039,-0.029,0.01,0.034,-0.024,-0.01,0.024,-0.122,-0.156,-0.21,-0.176,-0.107
5.508,-0.034,-0.024,0.01,0.029,-0.024,-0.01,0.029,-0.127,-0.156,-0.205,-0.171,-0.102
5.51,-0.039,-0.034,0.005,0.039,-0.024,-0.015,0.029,-0.127,-0.161,-0.21,-0.171,-0.102
5.512,-0.039,-0.034,0.005,0.039,-0.024,-0.015,0.034,-0.127,-0.161,-0.215,-0.176,-0.107
5.514,-0.044,-0.029,0.015,0.039,-0.029,-0.01,0.039,-0.127,-0.171,-0.22,-0.181,-0.112
5.516,-0.044,-0.02,0.024,0.034,-0.034,0.0,0.029,-0.127,-0.171,-0.224,-0.185,-0.117
5.518,-0.039,-0.02,0.02,0.029,-0.029,0.0,0.024,-0.137,-0.176,-0.229,-0.19,-0.117
5.52,-0.049,-0.034,0.015,0.044,-0.034,-0.01,0.024,-0.137,-0.171,-0.229,-0.19,-0.122
5.522,-0.049,-0.034,0.015,0.044,-0.034,-0.01,0.024,-0.142,-0.171,-0.229,-0.19,-0.117
5.524,-0.024,-0.029,-0.005,0.029,-0.01,-0.02,0.02,-0.137,-0.171,-0.229,-0.19,-0.122
5.526,-0.029,-0.024,0.005,0.029,-0.02,-0.01,0.029,-0.137,-0.161,-0.229,-0.185,-0.122
5.528,-0.044,-0.029,0.015,0.039,-0.029,-0.01,0.024,-0.142,-0.171,-0.234,-0.195,-0.127
5.53,-0.049,-0.034,0.015,0.044,-0.034,-0.01,0.029,-0.142,-0.181,-0.234,-0.2,-0.127
5.532,-0.039,-0.029,0.01,0.034,-0.024,-0.01,0.024,-0.137,-0.176,-0.234,-0.2,-0.127
5.534,-0.034,-0.029,0.005,0.034,-0.02,-0.015,0.024,-0.132,-0.176,-0.234,-0.2,-0.122
5.536,-0.049,-0.034,0.015,0.044,-0.034,-0.01,0.029,-0.127,-0.166,-0.234,-0.195,-0.112
5.538,-0.049,-0.044,0.005,0.049,-0.029,-0.02,0.034,-0.127,-0.171,-0.239,-0.2,-0.112
5.54,-0.049,-0.049,0.0,0.049,-0.024,-0.024,0.034,-0.122,-0.161,-0.234,-0.195,-0.107
5.542,-0.059,-0.054,0.005,0.059,-0.034,-0.024,0.024,-0.137,-0.171,-0.239,-0.195,-0.107
5.544,-0.044,-0.024,0.02,0.034,-0.034,-0.005,0.024,-0.127,-0.166,-0.229,-0.181,-0.098
5.546,-0.039,-0.024,0.015,0.034,-0.029,-0.005,0.034,-0.122,-0.156,-0.229,-0.181,-0.102
5.548,-0.039,-0.039,0.0,0.039,-0.02,-0.02,0.029,-0.122,-0.161,-0.234,-0.185,-0.112
5.55,-0.049,-0.049,0.0,0.049,-0.024,-0.024,0.034,-0.117,-0.171,-0.234,-0.195,-0.117
5.552,-0.054,-0.063,-0.01,0.059,-0.024,-0.039,0.034,-0.107,-0.166,-0.244,-0.21,-0.132
5.554,-0.059,-0.078,-0.02,0.068,-0.02,-0.049,0.039,-0.102,-0.176,-0.264,-0.224,-0.142
5.556,-0.049,-0.073,-0.024,0.063,-0.015,-0.049,0.063,-0.083,-0.181,-0.283,-0.249,-0.156
5.558,-0.059,-0.093,-0.034,0.078,-0.015,-0.063,0.107,-0.068,-0.195,-0.322,-0.293,-0.195
5.56,-0.068,-0.117,-0.049,0.093,-0.01,-0.083,0.137,-0.049,-0.21,-0.371,-0.361,-0.259
5.562,-0.078,-0.107,-0.029,0.093,-0.024,-0.068,0.181,-0.015,-0.2,-0.4,-0.4,-0.288
5.564,-0.122,-0.132,-0.01,0.127,-0.059,-0.073,0.205,0.01,-0.19,-0.429,-0.449,-0.322
5.566,-0.137,-0.132,0.005,0.137,-0.073,-0.063,0.229,0.044,-0.181,-0.454,-0.488,-0.351
5.568,-0.112,-0.093,0.02,0.102,-0.068,-0.039,0.259,0.117,-0.146,-0.454,-0.498,-0.351
5.57,-0.112,-0.063,0.049,0.088,-0.083,-0.01,0.293,0.22,-0.093,-0.439,-0.508,-0.351
5.572,-0.102,-0.024,0.078,0.063,-0.093,0.024,0.332,0.371,0.01,-0.4,-0.503,-0.332
5.574,-0.102,0.01,0.112,0.049,-0.107,0.059,0.356,0.468,0.068,-0.395,-0.488,-0.307
5.576,-0.078,0.088,0.166,-0.005,-0.122,0.127,0.361,0.488,0.112,-0.361,-0.425,-0.234
5.578,-0.02,0.2,0.22,-0.088,-0.122,0.21,0.327,0.449,0.185,-0.254,-0.288,-0.117
5.58,0.034,0.293,0.259,-0.161,-0.112,0.273,0.249,0.371,0.254,-0.117,-0.122,0.015
5.582,0.088,0.415,0.327,-0.249,-0.122,0.371,0.117,0.298,0.376,0.112,0.122,0.21
5.584,0.176,0.571,0.395,-0.371,-0.112,0.483,-0.039,0.185,0.527,0.425,0.454,0.454
5.586,0.268,0.717,0.449,-0.493,-0.093,0.581,-0.224,0.049,0.673,0.776,0.815,0.717
5.588,0.366,0.844,0.478,-0.605,-0.059,0.659,-0.41,-0.078,0.834,1.181,1.205,0.986
5.59,0.434,0.947,0.512,-0.688,-0.039,0.727,-0.586,-0.234,0.991,1.606,1.61,1.244
5.592,0.493,1.035,0.542,-0.761,-0.024,0.786,-0.771,-0.439,1.113,2.02,1.972,1.479
5.594,0.551,1.132,0.581,-0.839,-0.015,0.854,-0.917,-0.586,1.254,2.435,2.333,1.713
5.596,0.571,1.171,0.6,-0.869,-0.015,0.883,-1.035,-0.683,1.396,2.806,2.616,1.869
5.598,0.6,1.035,0.434,-0.815,0.083,0.732,-1.098,-0.664,1.552,3.104,2.777,1.893
5.6,0.615,0.849,0.234,-0.732,0.19,0.542,-1.137,-0.756,1.449,3.05,2.728,1.796
5.602,0.566,0.659,0.093,-0.61,0.234,0.376,-1.098,-0.864,1.21,2.811,2.538,1.64
5.604,0.517,0.512,-0.005,-0.512,0.259,0.254,-1.015,-0.888,1.025,2.625,2.352,1.498
5.606,0.459,0.395,-0.063,-0.425,0.259,0.166,-0.947,-0.947,0.791,2.377,2.128,1.352
5.608,0.395,0.288,-0.107,-0.342,0.249,0.088,-0.893,-1.118,0.337,1.918,1.835,1.176
5.61,0.332,0.171,-0.161,-0.249,0.244,0.005,-0.805,-1.254,-0.224,1.2,1.435,0.971
5.612,0.234,0.063,-0.171,-0.146,0.2,-0.054,-0.678,-1.298,-0.708,0.434,0.956,0.698
5.614,0.146,-0.015,-0.161,-0.063,0.151,-0.088,-0.542,-1.22,-0.908,-0.098,0.493,0.415
5.616,0.083,-0.068,-0.151,-0.005,0.117,-0.112,-0.434,-1.113,-0.947,-0.4,0.146,0.205
5.618,0.034,-0.102,-0.137,0.034,0.083,-0.122,-0.371,-1.02,-0.927,-0.551,-0.098,0.049
5.62,0.029,-0.107,-0.137,0.039,0.083,-0.122,-0.332,-0.932,-0.888,-0.59,-0.244,-0.059
5.622,-0.005,-0.132,-0.127,0.068,0.059,-0.132,-0.307,-0.854,-0.81,-0.576,-0.298,-0.122
5.624,-0.015,-0.127,-0.112,0.073,0.049,-0.122,-0.264,-0.742,-0.712,-0.512,-0.278,-0.137
5.626,-0.02,-0.098,-0.078,0.059,0.029,-0.088,-0.22,-0.63,-0.61,-0.439,-0.249,-0.137
5.628,-0.029,-0.073,-0.044,0.054,0.005,-0.059,-0.185,-0.542,-0.542,-0.381,-0.22,-0.122
5.63,-0.029,-0.073,-0.044,0.054,0.005,-0.059,-0.146,-0.434,-0.459,-0.327,-0.19,-0.107
5.632,-0.015,-0.054,-0.039,0.034,0.01,-0.049,-0.093,-0.332,-0.381,-0.273,-0.156,-0.088
5.634,-0.024,-0.034,-0.01,0.029,-0.01,-0.024,-0.078,-0.278,-0.351,-0.259,-0.156,-0.098
5.636,-0.024,-0.015,0.01,0.02,-0.02,-0.005,-0.063,-0.239,-0.317,-0.259,-0.171,-0.107
5.638,-0.02,0.0,0.02,0.01,-0.02,0.01,-0.039,-0.21,-0.293,-0.259,-0.176,-0.112
5.64,-0.039,0.01,0.049,0.015,-0.044,0.029,-0.02,-0.185,-0.268,-0.249,-0.176,-0.107
5.642,-0.034,0.029,0.063,0.005,-0.049,0.044,-0.01,-0.171,-0.264,-0.249,-0.176,-0.102
5.644,-0.054,0.01,0.063,0.024,-0.059,0.034,0.005,-0.156,-0.239,-0.259,-0.176,-0.102
5.646,-0.039,-0.015,0.024,0.029,-0.034,0.005,0.024,-0.137,-0.229,-0.244,-0.166,-0.098
5.648,-0.034,-0.015,0.02,0.024,-0.029,0.0,0.034,-0.122,-0.224,-0.244,-0.171,-0.112
5.65,-0.039,-0.015,0.024,0.029,-0.034,0.005,0.039,-0.107,-0.224,-0.249,-0.185,-0.122
5.652,-0.02,-0.005,0.015,0.015,-0.02,0.005,0.049,-0.078,-0.215,-0.244,-0.181,-0.112
5.654,-0.015,-0.005,0.01,0.01,-0.015,0.0,0.044,-0.068,-0.21,-0.244,-0.181,-0.122
5.656,-0.044,-0.044,0.0,0.044,-0.024,-0.024,0.044,-0.063,-0.205,-0.249,-0.195,-0.127
5.658,-0.049,-0.034,0.015,0.044,-0.034,-0.01,0.044,-0.063,-0.2,-0.259,-0.2,-0.137
5.66,-0.044,-0.02,0.024,0.034,-0.034,0.0,0.044,-0.073,-0.2,-0.264,-0.21,-0.142
5.662,-0.049,-0.02,0.029,0.034,-0.039,0.005,0.034,-0.078,-0.195,-0.264,-0.215,-0.146
5.664,-0.054,-0.02,0.034,0.039,-0.044,0.005,0.054,-0.068,-0.181,-0.264,-0.215,-0.137
5.666,-0.063,-0.02,0.044,0.044,-0.054,0.01,0.063,-0.068,-0.19,-0.264,-0.205,-0.132
5.668,-0.044,-0.01,0.034,0.029,-0.039,0.01,0.063,-0.068,-0.195,-0.264,-0.21,-0.142
5.67,-0.039,-0.015,0.024,0.029,-0.034,0.005,0.068,-0.054,-0.185,-0.264,-0.205,-0.142
5.672,-0.039,-0.015,0.024,0.029,-0.034,0.005,0.078,-0.029,-0.176,-0.254,-0.195,-0.132
5.674,-0.029,0.0,0.029,0.015,-0.029,0.015,0.073,-0.024,-0.171,-0.254,-0.205,-0.137
5.676,-0.044,-0.02,0.024,0.034,-0.034,0.0,0.068,-0.024,-0.166,-0.264,-0.215,-0.146
5.678,-0.054,-0.024,0.029,0.039,-0.044,0.0,0.068,-0.024,-0.171,-0.268,-0.22,-0.142
5.68,-0.063,-0.02,0.044,0.044,-0.054,0.01,0.068,-0.034,-0.171,-0.268,-0.22,-0.142
5.682,-0.044,-0.01,0.034,0.029,-0.039,0.01,0.063,-0.044,-0.171,-0.259,-0.215,-0.142
5.684,-0.034,0.0,0.034,0.02,-0.034,0.015,0.068,-0.044,-0.156,-0.254,-0.195,-0.122
5.686,-0.054,-0.015,0.039,0.034,-0.049,0.01,0.073,-0.034,-0.156,-0.244,-0.185,-0.122
5.688,-0.054,-0.024,0.029,0.039,-0.044,0.0,0.073,-0.034,-0.156,-0.239,-0.19,-0.122
5.69,-0.044,-0.029,0.015,0.039,-0.029,-0.01,0.083,-0.02,-0.146,-0.229,-0.181,-0.117
5.692,-0.068,-0.044,0.024,0.059,-0.049,-0.01,0.078,-0.02,-0.161,-0.244,-0.195,-0.137
5.694,-0.049,-0.02,0.029,0.034,-0.039,0.005,0.078,-0.015,-0.161,-0.239,-0.185,-0.132
5.696,-0.049,-0.02,0.029,0.034,-0.039,0.005,0.083,-0.01,-0.151,-0.244,-0.195,-0.132
5.698,-0.054,-0.024,0.029,0.039,-0.044,0.0,0.083,-0.01,-0.151,-0.244,-0.2,-0.137
5.7,-0.049,-0.02,0.029,0.034,-0.039,0.005,0.083,-0.01,-0.142,-0.234,-0.2,-0.132
5.702,-0.039,-0.015,0.024,0.029,-0.034,0.005,0.078,-0.005,-0.127,-0.224,-0.195,-0.132
5.704,-0.029,-0.015,0.015,0.024,-0.024,0.0,0.073,-0.01,-0.127,-0.234,-0.195,-0.137
5.706,-0.029,-0.01,0.02,0.02,-0.024,0.005,0.078,-0.005,-0.127,-0.22,-0.19,-0.132
5.708,-0.034,-0.015,0.02,0.024,-0.029,0.0,0.073,-0.01,-0.122,-0.215,-0.19,-0.127
5.71,-0.034,-0.024,0.01,0.029,-0.024,-0.01,0.063,-0.01,-0.132,-0.224,-0.19,-0.132
5.712,-0.044,-0.039,0.005,0.044,-0.024,-0.02,0.073,0.0,-0.137,-0.22,-0.185,-0.122
5.714,-0.044,-0.039,0.005,0.044,-0.024,-0.02,0.068,0.005,-0.142,-0.22,-0.2,-0.137
5.716,-0.044,-0.039,0.005,0.044,-0.024,-0.02,0.068,0.005,-0.137,-0.229,-0.205,-0.137
5.718,-0.044,-0.024,0.02,0.034,-0.034,-0.005,0.083,0.02,-0.122,-0.22,-0.195,-0.132
5.72,-0.039,-0.015,0.024,0.029,-0.034,0.005,0.083,0.005,-0.127,-0.224,-0.195,-0.132
5.722,-0.049,-0.02,0.029,0.034,-0.039,0.005,0.083,0.01,-0.117,-0.215,-0.181,-0.132
5.724,-0.059,-0.024,0.034,0.044,-0.049,0.005,0.083,0.005,-0.107,-0.215,-0.181,-0.127
5.726,-0.039,-0.01,0.029,0.024,-0.034,0.01,0.088,0.01,-0.107,-0.21,-0.166,-0.127
5.728,-0.029,-0.01,0.02,0.02,-0.024,0.005,0.083,0.01,-0.112,-0.205,-0.171,-0.127
5.73,-0.044,-0.034,0.01,0.039,-0.029,-0.015,0.073,0.01,-0.122,-0.21,-0.181,-0.132
5.732,-0.029,-0.024,0.005,0.029,-0.02,-0.01,0.083,0.02,-0.122,-0.21,-0.176,-0.127
5.734,-0.039,-0.024,0.015,0.034,-0.029,-0.005,0.078,0.024,-0.127,-0.21,-0.181,-0.132
5.736,-0.049,-0.024,0.024,0.039,-0.039,0.0,0.078,0.029,-0.117,-0.215,-0.181,-0.132
5.738,-0.039,-0.01,0.029,0.024,-0.034,0.01,0.083,0.034,-0.107,-0.215,-0.176,-0.127
5.74,-0.034,-0.015,0.02,0.024,-0.029,0.0,0.078,0.02,-0.112,-0.22,-0.185,-0.132
5.742,-0.049,-0.024,0.024,0.039,-0.039,0.0,0.078,0.015,-0.112,-0.215,-0.195,-0.146
5.744,-0.059,-0.029,0.029,0.044,-0.044,0.0,0.083,0.015,-0.107,-0.215,-0.195,-0.142
5.746,-0.039,-0.015,0.024,0.029,-0.034,0.005,0.083,0.015,-0.102,-0.2,-0.185,-0.132
5.748,-0.034,-0.015,0.02,0.024,-0.029,0.0,0.078,0.02,-0.098,-0.19,-0.171,-0.127
5.75,-0.049,-0.029,0.02,0.039,-0.034,-0.005,0.073,0.024,-0.102,-0.2,-0.171,-0.122
5.752,-0.034,-0.029,0.005,0.034,-0.02,-0.015,0.078,0.034,-0.102,-0.2,-0.166,-0.117
5.754,-0.034,-0.034,0.0,0.034,-0.02,-0.02,0.068,0.034,-0.107,-0.2,-0.176,-0.127
5.756,-0.049,-0.054,-0.005,0.054,-0.024,-0.029,0.059,0.034,-0.112,-0.205,-0.185,-0.132
5.758,-0.034,-0.034,0.0,0.034,-0.02,-0.02,0.059,0.034,-0.107,-0.21,-0.181,-0.132
5.76,-0.024,-0.024,0.0,0.024,-0.015,-0.015,0.068,0.039,-0.098,-0.2,-0.176,-0.132
5.762,-0.034,-0.024,0.01,0.029,-0.024,-0.01,0.078,0.044,-0.078,-0.185,-0.166,-0.127
5.764,-0.02,-0.02,0.0,0.02,-0.01,-0.01,0.078,0.044,-0.073,-0.19,-0.156,-0.122
5.766,-0.02,-0.024,-0.005,0.024,-0.01,-0.015,0.088,0.049,-0.073,-0.181,-0.151,-0.117
5.768,-0.01,-0.024,-0.015,0.02,0.0,-0.02,0.083,0.044,-0.078,-0.176,-0.151,-0.117
5.77,-0.005,-0.029,-0.024,0.02,0.01,-0.029,0.078,0.054,-0.073,-0.171,-0.151,-0.112
5.772,-0.029,-0.034,-0.005,0.034,-0.015,-0.02,0.073,0.054,-0.083,-0.181,-0.146,-0.112
5.774,-0.039,-0.039,0.0,0.039,-0.02,-0.02,0.073,0.054,-0.088,-0.176,-0.146,-0.117
5.776,-0.034,-0.049,-0.015,0.044,-0.01,-0.034,0.068,0.059,-0.078,-0.171,-0.151,-0.122
5.778,-0.02,-0.015,0.005,0.02,-0.015,-0.005,0.059,0.054,-0.073,-0.181,-0.156,-0.127
5.78,-0.034,-0.02,0.015,0.029,-0.024,-0.005,0.059,0.044,-0.078,-0.185,-0.166,-0.137
5.782,-0.044,-0.039,0.005,0.044,-0.024,-0.02,0.063,0.049,-0.059,-0.171,-0.161,-0.132
5.784,-0.024,-0.029,-0.005,0.029,-0.01,-0.02,0.063,0.049,-0.054,-0.171,-0.166,-0.132
5.786,-0.02,-0.034,-0.015,0.029,-0.005,-0.024,0.073,0.068,-0.049,-0.156,-0.156,-0.117
5.788,-0.034,-0.024,0.01,0.029,-0.024,-0.01,0.068,0.063,-0.059,-0.156,-0.151,-0.117
5.79,-0.024,-0.024,0.0,0.024,-0.015,-0.015,0.063,0.068,-0.059,-0.161,-0.142,-0.107
5.792,-0.024,-0.029,-0.005,0.029,-0.01,-0.02,0.059,0.068,-0.073,-0.176,-0.137,-0.107
5.794,-0.02,-0.029,-0.01,0.024,-0.005,-0.02,0.054,0.073,-0.073,-0.166,-0.142,-0.112
5.796,-0.01,-0.034,-0.024,0.024,0.005,-0.029,0.044,0.073,-0.063,-0.161,-0.142,-0.112
5.798,-0.02,-0.039,-0.02,0.029,0.0,-0.029,0.039,0.078,-0.059,-0.161,-0.137,-0.107
5.8,-0.024,-0.024,0.0,0.024,-0.015,-0.015,0.044,0.083,-0.049,-0.146,-0.127,-0.102
5.802,-0.034,-0.029,0.005,0.034,-0.02,-0.015,0.039,0.078,-0.044,-0.142,-0.132,-0.102
5.804,-0.034,-0.044,-0.01,0.039,-0.015,-0.029,0.034,0.068,-0.039,-0.146,-0.132,-0.112
5.806,-0.02,-0.029,-0.01,0.024,-0.005,-0.02,0.044,0.083,-0.034,-0.132,-0.127,-0.107
5.808,-0.01,-0.015,-0.005,0.015,-0.005,-0.01,0.054,0.088,-0.024,-0.117,-0.107,-0.093
5.81,-0.024,-0.024,0.0,0.024,-0.015,-0.015,0.054,0.098,-0.02,-0.122,-0.112,-0.098
5.812,-0.024,-0.029,-0.005,0.029,-0.01,-0.02,0.054,0.107,-0.024,-0.127,-0.117,-0.102
5.814,-0.029,-0.039,-0.01,0.034,-0.01,-0.024,0.049,0.117,-0.024,-0.117,-0.117,-0.107
5.816,-0.01,-0.024,-0.015,0.02,0.0,-0.02,0.054,0.122,-0.015,-0.117,-0.112,-0.107
5.818,-0.01,-0.02,-0.01,0.015,0.0,-0.015,0.054,0.127,0.0,-0.112,-0.107,-0.107
5.82,-0.01,-0.02,-0.01,0.015,0.0,-0.015,0.049,0.122,0.0,-0.107,-0.107,-0.107
5.822,-0.005,-0.01,-0.005,0.01,0.0,-0.01,0.054,0.132,0.015,-0.078,-0.098,-0.093
5.824,-0.005,-0.015,-0.01,0.01,0.0,-0.015,0.054,0.137,0.02,-0.078,-0.088,-0.083
5.826,-0.024,-0.039,-0.015,0.034,-0.005,-0.029,0.044,0.127,0.015,-0.078,-0.083,-0.083
5.828,-0.015,-0.029,-0.015,0.024,0.0,-0.024,0.034,0.122,0.005,-0.073,-0.083,-0.083
5.83,0.0,-0.029,-0.029,0.015,0.015,-0.029,0.034,0.142,0.015,-0.063,-0.063,-0.073
5.832,0.005,-0.024,-0.029,0.01,0.015,-0.029,0.044,0.161,0.034,-0.049,-0.054,-0.063
5.834,0.01,-0.01,-0.02,0.0,0.015,-0.015,0.049,0.181,0.039,-0.029,-0.039,-0.063
5.836,0.015,-0.015,-0.029,0.0,0.02,-0.024,0.034,0.176,0.039,-0.039,-0.054,-0.073
5.838,0.005,-0.015,-0.02,0.005,0.01,-0.02,0.039,0.185,0.054,-0.039,-0.054,-0.073
5.84,-0.005,-0.015,-0.01,0.01,0.0,-0.015,0.039,0.185,0.059,-0.029,-0.049,-0.073
5.842,0.005,-0.015,-0.02,0.005,0.01,-0.02,0.039,0.19,0.068,-0.015,-0.044,-0.063
5.844,0.015,-0.015,-0.029,0.0,0.02,-0.024,0.039,0.185,0.073,-0.01,-0.034,-0.059
5.846,0.0,-0.02,-0.02,0.01,0.01,-0.02,0.039,0.19,0.078,0.005,-0.024,-0.054
5.848,0.015,-0.015,-0.029,0.0,0.02,-0.024,0.049,0.21,0.098,0.029,-0.005,-0.034
5.85,0.015,-0.015,-0.029,0.0,0.02,-0.024,0.054,0.229,0.117,0.049,0.015,-0.024
5.852,0.015,-0.015,-0.029,0.0,0.02,-0.024,0.049,0.234,0.117,0.044,0.01,-0.029
5.854,0.015,-0.015,-0.029,0.0,0.02,-0.024,0.034,0.244,0.117,0.059,0.01,-0.034
5.856,-0.005,-0.029,-0.024,0.02,0.01,-0.029,0.02,0.234,0.117,0.049,0.005,-0.049
5.858,0.01,-0.024,-0.034,0.01,0.02,-0.029,0.029,0.249,0.137,0.068,0.02,-0.034
5.86,0.044,0.015,-0.029,-0.029,0.034,-0.01,0.039,0.264,0.161,0.093,0.039,-0.02
5.862,0.044,0.015,-0.029,-0.029,0.034,-0.01,0.029,0.268,0.176,0.107,0.049,-0.015
5.864,0.049,0.015,-0.034,-0.029,0.039,-0.01,0.034,0.264,0.181,0.122,0.068,0.0
5.866,0.034,0.015,-0.02,-0.024,0.024,-0.005,0.029,0.268,0.185,0.132,0.083,0.005
5.868,0.034,0.015,-0.02,-0.024,0.024,-0.005,0.024,0.273,0.185,0.146,0.093,0.01
5.87,0.049,0.02,-0.029,-0.034,0.039,-0.005,0.024,0.288,0.2,0.171,0.107,0.02
5.872,0.054,0.02,-0.034,-0.034,0.044,-0.01,0.015,0.298,0.21,0.181,0.112,0.024
5.874,0.059,0.015,-0.044,-0.034,0.049,-0.015,0.005,0.303,0.215,0.2,0.127,0.029
5.876,0.068,0.01,-0.059,-0.039,0.063,-0.024,0.01,0.327,0.234,0.22,0.142,0.044
5.878,0.054,0.005,-0.049,-0.029,0.049,-0.024,0.005,0.327,0.254,0.229,0.146,0.044
5.88,0.083,0.034,-0.049,-0.059,0.063,-0.01,0.01,0.337,0.273,0.259,0.166,0.054
5.882,0.083,0.034,-0.049,-0.059,0.063,-0.01,0.01,0.346,0.293,0.288,0.185,0.063
5.884,0.078,0.029,-0.049,-0.054,0.063,-0.01,0.0,0.351,0.307,0.307,0.2,0.068
5.886,0.088,0.034,-0.054,-0.059,0.068,-0.01,0.0,0.351,0.322,0.322,0.22,0.073
5.888,0.088,0.034,-0.054,-0.059,0.068,-0.01,-0.005,0.361,0.337,0.351,0.244,0.078
5.89,0.093,0.029,-0.063,-0.059,0.078,-0.02,-0.01,0.376,0.346,0.366,0.254,0.088
5.892,0.078,0.034,-0.044,-0.054,0.059,-0.005,-0.01,0.39,0.356,0.39,0.268,0.098
5.894,0.063,0.029,-0.034,-0.044,0.049,-0.005,-0.015,0.4,0.371,0.415,0.293,0.112
5.896,0.078,0.029,-0.049,-0.054,0.063,-0.01,-0.024,0.405,0.381,0.425,0.303,0.122
5.898,0.127,0.059,-0.068,-0.093,0.098,-0.005,-0.024,0.41,0.4,0.454,0.322,0.142
5.9,0.151,0.083,-0.068,-0.117,0.107,0.005,-0.02,0.41,0.42,0.468,0.342,0.161
5.902,0.166,0.078,-0.088,-0.122,0.127,-0.005,-0.024,0.415,0.429,0.498,0.361,0.171
5.904,0.146,0.068,-0.078,-0.107,0.112,-0.005,-0.034,0.415,0.444,0.517,0.386,0.176
5.906,0.122,0.054,-0.068,-0.088,0.093,-0.01,-0.044,0.41,0.454,0.527,0.39,0.176
5.908,0.142,0.063,-0.078,-0.102,0.107,-0.01,-0.039,0.429,0.468,0.556,0.405,0.19
5.91,0.142,0.073,-0.068,-0.107,0.102,0.0,-0.049,0.429,0.473,0.561,0.42,0.2
5.912,0.156,0.073,-0.083,-0.112,0.117,-0.005,-0.054,0.439,0.488,0.586,0.434,0.21
5.914,0.156,0.063,-0.093,-0.107,0.122,-0.015,-0.068,0.444,0.483,0.595,0.444,0.21
5.916,0.161,0.073,-0.088,-0.117,0.122,-0.01,-0.068,0.449,0.498,0.615,0.464,0.224
5.918,0.166,0.063,-0.102,-0.112,0.132,-0.02,-0.068,0.454,0.517,0.63,0.478,0.234
5.92,0.151,0.063,-0.088,-0.107,0.117,-0.015,-0.073,0.449,0.517,0.639,0.488,0.234
5.922,0.181,0.083,-0.098,-0.132,0.137,-0.01,-0.083,0.444,0.527,0.654,0.498,0.244
5.924,0.185,0.088,-0.098,-0.137,0.142,-0.005,-0.078,0.444,0.547,0.669,0.512,0.254
5.926,0.181,0.093,-0.088,-0.137,0.132,0.0,-0.088,0.439,0.542,0.678,0.522,0.264
5.928,0.171,0.093,-0.078,-0.132,0.122,0.005,-0.078,0.444,0.547,0.693,0.532,0.268
5.93,0.161,0.083,-0.078,-0.122,0.117,0.0,-0.088,0.444,0.556,0.708,0.547,0.278
5.932,0.181,0.088,-0.093,-0.132,0.137,-0.005,-0.093,0.449,0.556,0.708,0.551,0.283
5.934,0.205,0.107,-0.098,-0.156,0.151,0.005,-0.098,0.454,0.556,0.722,0.566,0.283
5.936,0.171,0.083,-0.088,-0.127,0.127,-0.005,-0.107,0.434,0.551,0.712,0.556,0.283
5.938,0.161,0.073,-0.088,-0.117,0.122,-0.01,-0.117,0.429,0.556,0.722,0.561,0.283
5.94,0.166,0.078,-0.088,-0.122,0.127,-0.005,-0.117,0.425,0.556,0.722,0.571,0.293
5.942,0.195,0.102,-0.093,-0.146,0.142,0.005,-0.117,0.415,0.551,0.722,0.571,0.293
5.944,0.195,0.112,-0.083,-0.151,0.137,0.015,-0.112,0.41,0.561,0.732,0.595,0.307
5.946,0.181,0.098,-0.083,-0.137,0.132,0.005,-0.112,0.405,0.556,0.732,0.595,0.312
5.948,0.185,0.088,-0.098,-0.137,0.142,-0.005,-0.102,0.405,0.556,0.737,0.6,0.322
5.95,0.19,0.093,-0.098,-0.142,0.142,-0.005,-0.102,0.41,0.556,0.737,0.6,0.327
5.952,0.185,0.093,-0.093,-0.137,0.137,0.0,-0.098,0.405,0.542,0.732,0.59,0.322
5.954,0.205,0.093,-0.112,-0.146,0.156,-0.01,-0.107,0.4,0.527,0.708,0.581,0.312
5.956,0.195,0.088,-0.107,-0.142,0.151,-0.01,-0.112,0.386,0.508,0.688,0.571,0.312
5.958,0.185,0.098,-0.088,-0.142,0.137,0.005,-0.117,0.371,0.508,0.678,0.556,0.303
5.96,0.19,0.098,-0.093,-0.142,0.142,0.0,-0.117,0.351,0.493,0.659,0.542,0.283
5.962,0.19,0.098,-0.093,-0.142,0.142,0.0,-0.117,0.342,0.483,0.649,0.532,0.278
5.964,0.176,0.088,-0.088,-0.132,0.132,0.0,-0.112,0.337,0.483,0.639,0.527,0.288
5.966,0.151,0.083,-0.068,-0.117,0.107,0.005,-0.107,0.327,0.468,0.63,0.522,0.288
5.968,0.161,0.112,-0.049,-0.137,0.102,0.029,-0.107,0.312,0.449,0.605,0.498,0.278
5.97,0.156,0.107,-0.049,-0.132,0.102,0.029,-0.098,0.317,0.444,0.595,0.493,0.273
5.972,0.151,0.098,-0.054,-0.122,0.102,0.02,-0.093,0.307,0.429,0.571,0.478,0.264
5.974,0.161,0.078,-0.083,-0.117,0.122,-0.005,-0.093,0.293,0.405,0.537,0.449,0.254
5.976,0.151,0.078,-0.073,-0.112,0.112,0.0,-0.088,0.283,0.386,0.512,0.434,0.244
5.978,0.146,0.083,-0.063,-0.112,0.102,0.01,-0.093,0.268,0.371,0.488,0.415,0.234
5.98,0.142,0.083,-0.059,-0.112,0.098,0.01,-0.093,0.249,0.356,0.468,0.39,0.22
5.982,0.151,0.093,-0.059,-0.122,0.102,0.015,-0.083,0.239,0.346,0.454,0.386,0.215
5.984,0.137,0.093,-0.044,-0.112,0.088,0.024,-0.083,0.22,0.322,0.425,0.356,0.21
5.986,0.127,0.083,-0.044,-0.102,0.083,0.02,-0.098,0.195,0.293,0.405,0.337,0.19
5.988,0.127,0.083,-0.044,-0.102,0.083,0.02,-0.088,0.19,0.278,0.381,0.327,0.185
5.99,0.127,0.083,-0.044,-0.102,0.083,0.02,-0.083,0.185,0.259,0.351,0.312,0.181
5.992,0.107,0.078,-0.029,-0.093,0.068,0.024,-0.068,0.181,0.249,0.332,0.288,0.166
5.994,0.112,0.078,-0.034,-0.093,0.073,0.02,-0.068,0.176,0.224,0.312,0.264,0.151
5.996,0.112,0.073,-0.039,-0.093,0.073,0.015,-0.068,0.161,0.21,0.283,0.244,0.132
5.998,0.112,0.073,-0.039,-0.093,0.073,0.015,-0.063,0.151,0.205,0.264,0.234,0.122
6.0,0.112,0.078,-0.034,-0.093,0.073,0.02,-0.054,0.142,0.19,0.239,0.215,0.117
6.002,0.098,0.073,-0.024,-0.083,0.059,0.024,-0.049,0.122,0.171,0.229,0.195,0.107
6.004,0.049,0.049,0.0,-0.049,0.024,0.024,-0.049,0.098,0.151,0.2,0.166,0.093
6.006,0.054,0.034,-0.02,-0.044,0.034,0.005,-0.044,0.093,0.137,0.19,0.166,0.093
6.008,0.063,0.044,-0.02,-0.054,0.039,0.01,-0.044,0.088,0.122,0.166,0.151,0.078
6.01,0.054,0.024,-0.029,-0.039,0.039,-0.005,-0.044,0.083,0.098,0.142,0.132,0.063
6.012,0.073,0.049,-0.024,-0.059,0.049,0.01,-0.029,0.083,0.102,0.132,0.122,0.059
6.014,0.059,0.029,-0.029,-0.044,0.044,0.0,-0.024,0.088,0.088,0.122,0.107,0.049
6.016,0.054,0.034,-0.02,-0.044,0.034,0.005,-0.029,0.073,0.068,0.093,0.078,0.024
6.018,0.044,0.029,-0.015,-0.034,0.029,0.005,-0.02,0.073,0.068,0.088,0.078,0.024
6.02,0.034,0.015,-0.02,-0.024,0.024,-0.005,-0.01,0.068,0.063,0.078,0.068,0.02
6.022,0.034,0.02,-0.015,-0.024,0.024,0.0,-0.02,0.049,0.044,0.054,0.044,0.005
6.024,0.044,0.024,-0.02,-0.034,0.029,0.0,-0.02,0.044,0.039,0.034,0.034,0.005
6.026,0.024,0.015,-0.01,-0.02,0.015,0.0,-0.015,0.034,0.029,0.034,0.034,0.0
6.028,0.015,0.01,-0.005,-0.01,0.01,0.0,-0.01,0.044,0.024,0.024,0.024,-0.005
6.03,0.029,0.005,-0.024,-0.015,0.024,-0.01,-0.01,0.044,0.02,0.01,0.02,-0.01
6.032,0.029,0.005,-0.024,-0.015,0.024,-0.01,-0.01,0.034,0.005,-0.005,0.005,-0.015
6.034,0.024,0.005,-0.02,-0.015,0.02,-0.01,-0.005,0.034,-0.01,-0.02,-0.01,-0.024
6.036,0.0,0.0,0.0,0.0,0.0,0.0,0.0,0.034,-0.015,-0.034,-0.02,-0.034
6.038,-0.005,-0.005,0.0,0.005,-0.005,-0.005,0.005,0.034,-0.01,-0.034,-0.024,-0.039
6.04,0.02,0.005,-0.015,-0.01,0.015,-0.005,0.02,0.039,-0.01,-0.044,-0.034,-0.044
6.042,0.029,0.01,-0.02,-0.02,0.024,-0.005,0.024,0.029,-0.015,-0.049,-0.039,-0.049
6.044,0.02,0.005,-0.015,-0.01,0.015,-0.005,0.024,0.024,-0.015,-0.059,-0.049,-0.049
6.046,0.005,-0.01,-0.015,0.005,0.01,-0.015,0.024,0.02,-0.024,-0.063,-0.049,-0.054
6.048,-0.01,-0.02,-0.01,0.015,0.0,-0.015,0.029,0.024,-0.034,-0.068,-0.049,-0.059
6.05,0.0,-0.005,-0.005,0.005,0.0,-0.005,0.029,0.029,-0.034,-0.068,-0.054,-0.059
6.052,-0.005,-0.015,-0.01,0.01,0.0,-0.015,0.024,0.029,-0.044,-0.088,-0.063,-0.068
6.054,-0.02,-0.034,-0.015,0.029,-0.005,-0.024,0.024,0.024,-0.054,-0.098,-0.083,-0.083
6.056,-0.02,-0.034,-0.015,0.029,-0.005,-0.024,0.02,0.029,-0.054,-0.102,-0.093,-0.088
6.058,-0.024,-0.02,0.005,0.024,-0.015,-0.01,0.024,0.024,-0.059,-0.112,-0.098,-0.093
6.06,-0.024,-0.024,0.0,0.024,-0.015,-0.015,0.039,0.039,-0.044,-0.107,-0.098,-0.093
6.062,-0.034,-0.034,0.0,0.034,-0.02,-0.02,0.029,0.024,-0.049,-0.117,-0.112,-0.102
6.064,-0.024,-0.029,-0.005,0.029,-0.01,-0.02,0.029,0.029,-0.059,-0.127,-0.117,-0.102
6.066,-0.005,-0.02,-0.015,0.015,0.005,-0.02,0.039,0.034,-0.054,-0.117,-0.102,-0.093
6.068,-0.02,-0.02,0.0,0.02,-0.01,-0.01,0.044,0.039,-0.059,-0.117,-0.098,-0.093
6.07,-0.034,-0.024,0.01,0.029,-0.024,-0.01,0.039,0.039,-0.059,-0.122,-0.098,-0.093
6.072,-0.015,-0.005,0.01,0.01,-0.015,0.0,0.044,0.044,-0.054,-0.132,-0.098,-0.093
6.074,-0.01,-0.01,0.0,0.01,-0.005,-0.005,0.034,0.044,-0.068,-0.132,-0.102,-0.102
6.076,-0.01,-0.015,-0.005,0.015,-0.005,-0.01,0.044,0.049,-0.063,-0.137,-0.107,-0.098
6.078,-0.01,-0.01,0.0,0.01,-0.005,-0.005,0.039,0.039,-0.063,-0.142,-0.112,-0.098
6.08,-0.024,-0.02,0.005,0.024,-0.015,-0.01,0.044,0.039,-0.063,-0.142,-0.122,-0.093
6.082,-0.01,-0.015,-0.005,0.015,-0.005,-0.01,0.044,0.044,-0.059,-0.137,-0.117,-0.093
6.084,-0.015,-0.015,0.0,0.015,-0.01,-0.01,0.054,0.049,-0.049,-0.137,-0.107,-0.083
6.086,-0.024,-0.015,0.01,0.02,-0.02,-0.005,0.059,0.049,-0.049,-0.127,-0.098,-0.078
6.088,-0.015,-0.005,0.01,0.01,-0.015,0.0,0.054,0.049,-0.059,-0.137,-0.102,-0.088
6.09,-0.015,-0.015,0.0,0.015,-0.01,-0.01,0.049,0.049,-0.059,-0.132,-0.102,-0.088
6.092,-0.02,-0.015,0.005,0.02,-0.015,-0.005,0.063,0.059,-0.049,-0.127,-0.098,-0.083
6.094,-0.02,-0.024,-0.005,0.024,-0.01,-0.015,0.054,0.059,-0.059,-0.137,-0.112,-0.093
6.096,-0.029,-0.039,-0.01,0.034,-0.01,-0.024,0.049,0.049,-0.068,-0.146,-0.127,-0.107
6.098,-0.039,-0.039,0.0,0.039,-0.02,-0.02,0.049,0.054,-0.049,-0.137,-0.117,-0.102
6.1,-0.029,-0.034,-0.005,0.034,-0.015,-0.02,0.059,0.059,-0.049,-0.132,-0.112,-0.098
6.102,-0.02,-0.02,0.0,0.02,-0.01,-0.01,0.054,0.059,-0.049,-0.127,-0.112,-0.098
6.104,-0.024,-0.015,0.01,0.02,-0.02,-0.005,0.063,0.063,-0.039,-0.122,-0.102,-0.083
6.106,-0.044,-0.024,0.02,0.034,-0.034,-0.005,0.059,0.068,-0.029,-0.107,-0.098,-0.078
6.108,-0.02,-0.015,0.005,0.02,-0.015,-0.005,0.059,0.073,-0.034,-0.117,-0.088,-0.073
6.11,-0.005,-0.02,-0.015,0.015,0.005,-0.02,0.049,0.068,-0.034,-0.117,-0.088,-0.073
6.112,-0.029,-0.024,0.005,0.029,-0.02,-0.01,0.049,0.078,-0.034,-0.112,-0.088,-0.073
6.114,-0.015,-0.015,0.0,0.015,-0.01,-0.01,0.044,0.078,-0.029,-0.107,-0.088,-0.088
6.116,-0.01,-0.005,0.005,0.01,-0.01,0.0,0.049,0.088,-0.024,-0.102,-0.088,-0.083
6.118,-0.02,-0.01,0.01,0.015,-0.015,0.0,0.044,0.078,-0.02,-0.098,-0.093,-0.088
6.12,0.0,0.0,0.0,0.0,0.0,0.0,0.044,0.073,-0.02,-0.093,-0.088,-0.088
6.122,0.01,-0.02,-0.029,0.005,0.02,-0.024,0.039,0.073,-0.02,-0.093,-0.083,-0.083
6.124,-0.015,-0.029,-0.015,0.024,0.0,-0.024,0.039,0.068,-0.01,-0.093,-0.078,-0.078
6.126,-0.024,-0.029,-0.005,0.029,-0.01,-0.02,0.044,0.073,0.0,-0.078,-0.068,-0.068
6.128,-0.01,-0.015,-0.005,0.015,-0.005,-0.01,0.054,0.083,0.0,-0.068,-0.054,-0.059
6.13,-0.005,0.01,0.015,0.0,-0.01,0.01,0.054,0.083,0.005,-0.059,-0.054,-0.054
6.132,-0.024,-0.024,0.0,0.024,-0.015,-0.015,0.049,0.083,0.005,-0.063,-0.059,-0.054
6.134,-0.015,-0.029,-0.015,0.024,0.0,-0.024,0.034,0.073,-0.005,-0.073,-0.073,-0.078
6.136,-0.005,-0.02,-0.015,0.015,0.005,-0.02,0.044,0.083,0.005,-0.063,-0.068,-0.073
6.138,-0.005,-0.01,-0.005,0.01,0.0,-0.01,0.034,0.083,0.01,-0.063,-0.068,-0.073
6.14,-0.005,0.0,0.005,0.005,-0.005,0.0,0.034,0.078,0.005,-0.059,-0.073,-0.083
6.142,-0.015,-0.01,0.005,0.015,-0.01,-0.005,0.034,0.068,0.005,-0.059,-0.073,-0.083
6.144,-0.024,-0.015,0.01,0.02,-0.02,-0.005,0.034,0.068,0.005,-0.059,-0.063,-0.073
6.146,-0.02,-0.005,0.015,0.015,-0.02,0.005,0.044,0.073,0.015,-0.049,-0.054,-0.063
6.148,-0.02,-0.01,0.01,0.015,-0.015,0.0,0.039,0.073,0.005,-0.049,-0.054,-0.063
6.15,-0.015,-0.015,0.0,0.015,-0.01,-0.01,0.029,0.063,0.0,-0.059,-0.049,-0.059
6.152,-0.015,-0.02,-0.005,0.02,-0.005,-0.015,0.034,0.068,0.01,-0.049,-0.044,-0.054
6.154,-0.02,-0.024,-0.005,0.024,-0.01,-0.015,0.029,0.068,0.0,-0.049,-0.054,-0.068
6.156,0.0,-0.01,-0.01,0.005,0.005,-0.01,0.039,0.078,0.01,-0.044,-0.044,-0.059
6.158,-0.01,-0.015,-0.005,0.015,-0.005,-0.01,0.034,0.078,0.02,-0.034,-0.044,-0.059
6.16,-0.02,-0.029,-0.01,0.024,-0.005,-0.02,0.034,0.063,0.01,-0.049,-0.059,-0.068
6.162,-0.01,-0.029,-0.02,0.02,0.005,-0.024,0.034,0.054,0.0,-0.054,-0.068,-0.063
6.164,-0.01,-0.034,-0.024,0.024,0.005,-0.029,0.02,0.044,-0.005,-0.054,-0.063,-0.068
6.166,-0.01,-0.015,-0.005,0.015,-0.005,-0.01,0.029,0.054,0.015,-0.039,-0.039,-0.044
6.168,-0.015,-0.01,0.005,0.015,-0.01,-0.005,0.034,0.054,0.0,-0.044,-0.039,-0.044
6.17,-0.024,-0.029,-0.005,0.029,-0.01,-0.02,0.024,0.044,-0.01,-0.054,-0.039,-0.044
6.172,-0.015,-0.015,0.0,0.015,-0.01,-0.01,0.02,0.034,-0.015,-0.059,-0.049,-0.059
6.174,-0.015,-0.015,0.0,0.015,-0.01,-0.01,0.02,0.044,-0.015,-0.059,-0.049,-0.059
6.176,-0.01,-0.01,0.0,0.01,-0.005,-0.005,0.02,0.039,-0.02,-0.059,-0.059,-0.063
6.178,0.005,-0.005,-0.01,0.0,0.005,-0.01,0.029,0.049,0.0,-0.049,-0.044,-0.044
6.18,0.005,0.0,-0.005,0.0,0.005,-0.005,0.024,0.039,-0.015,-0.059,-0.054,-0.054
6.182,-0.01,-0.015,-0.005,0.015,-0.005,-0.01,0.02,0.029,-0.015,-0.059,-0.059,-0.054
6.184,-0.015,-0.02,-0.005,0.02,-0.005,-0.015,0.024,0.034,-0.01,-0.054,-0.054,-0.049
6.186,-0.029,-0.034,-0.005,0.034,-0.015,-0.02,0.024,0.034,-0.01,-0.049,-0.044,-0.044
6.188,-0.02,-0.034,-0.015,0.029,-0.005,-0.024,0.039,0.044,-0.005,-0.044,-0.034,-0.039
6.19,-0.015,-0.039,-0.024,0.029,0.005,-0.034,0.029,0.039,-0.01,-0.044,-0.039,-0.039
6.192,-0.015,-0.039,-0.024,0.029,0.005,-0.034,0.024,0.034,-0.015,-0.054,-0.044,-0.049
6.194,-0.024,-0.039,-0.015,0.034,-0.005,-0.029,0.029,0.039,-0.02,-0.054,-0.044,-0.044
6.196,-0.02,-0.054,-0.034,0.039,0.005,-0.044,0.024,0.029,-0.029,-0.063,-0.054,-0.054
6.198,-0.01,-0.044,-0.034,0.029,0.01,-0.039,0.024,0.029,-0.029,-0.059,-0.054,-0.054
6.2,-0.015,-0.029,-0.015,0.024,0.0,-0.024,0.029,0.029,-0.02,-0.059,-0.059,-0.049
6.202,-0.02,-0.02,0.0,0.02,-0.01,-0.01,0.024,0.024,-0.024,-0.059,-0.059,-0.044
6.204,-0.024,-0.015,0.01,0.02,-0.02,-0.005,0.029,0.02,-0.024,-0.054,-0.059,-0.049
6.206,-0.02,-0.02,0.0,0.02,-0.01,-0.01,0.024,0.01,-0.034,-0.068,-0.063,-0.054
6.208,-0.02,-0.02,0.0,0.02,-0.01,-0.01,0.02,0.005,-0.039,-0.068,-0.054,-0.054
6.21,-0.02,-0.024,-0.005,0.024,-0.01,-0.015,0.015,0.01,-0.039,-0.073,-0.054,-0.054
6.212,-0.029,-0.029,0.0,0.029,-0.015,-0.015,0.024,0.015,-0.034,-0.063,-0.054,-0.049
6.214,-0.034,-0.029,0.005,0.034,-0.02,-0.015,0.02,0.015,-0.034,-0.068,-0.054,-0.049
6.216,-0.039,-0.039,0.0,0.039,-0.02,-0.02,0.015,0.005,-0.044,-0.078,-0.063,-0.059
6.218,-0.039,-0.049,-0.01,0.044,-0.015,-0.029,0.005,0.005,-0.049,-0.078,-0.063,-0.054
6.22,-0.024,-0.029,-0.005,0.029,-0.01,-0.02,0.005,0.005,-0.039,-0.068,-0.063,-0.059
6.222,-0.024,-0.02,0.005,0.024,-0.015,-0.01,0.015,0.005,-0.034,-0.059,-0.059,-0.054
6.224,-0.024,-0.02,0.005,0.024,-0.015,-0.01,0.024,0.01,-0.029,-0.063,-0.054,-0.049
6.226,-0.029,-0.024,0.005,0.029,-0.02,-0.01,0.02,0.005,-0.029,-0.059,-0.054,-0.044
6.228,-0.034,-0.024,0.01,0.029,-0.024,-0.01,0.024,0.01,-0.029,-0.054,-0.049,-0.039
6.23,-0.029,-0.02,0.01,0.024,-0.02,-0.005,0.015,0.005,-0.034,-0.059,-0.049,-0.044
6.232,-0.024,-0.034,-0.01,0.029,-0.01,-0.024,0.01,0.0,-0.044,-0.073,-0.063,-0.049
6.234,-0.034,-0.049,-0.015,0.044,-0.01,-0.034,-0.005,-0.015,-0.063,-0.078,-0.068,-0.063
6.236,-0.02,-0.029,-0.01,0.024,-0.005,-0.02,0.01,0.0,-0.054,-0.073,-0.063,-0.059
6.238,-0.039,-0.059,-0.02,0.049,-0.01,-0.039,0.01,-0.01,-0.054,-0.078,-0.073,-0.059
6.24,-0.054,-0.068,-0.015,0.063,-0.02,-0.044,0.0,-0.02,-0.059,-0.083,-0.073,-0.068
6.242,-0.039,-0.044,-0.005,0.044,-0.02,-0.024,0.005,-0.02,-0.049,-0.073,-0.063,-0.059
6.244,-0.029,-0.02,0.01,0.024,-0.02,-0.005,0.01,-0.005,-0.044,-0.068,-0.059,-0.054
6.246,-0.024,-0.029,-0.005,0.029,-0.01,-0.02,0.015,-0.005,-0.039,-0.059,-0.049,-0.044
6.248,-0.02,-0.034,-0.015,0.029,-0.005,-0.024,0.01,-0.005,-0.044,-0.059,-0.054,-0.044
6.25,-0.029,-0.039,-0.01,0.034,-0.01,-0.024,0.01,-0.01,-0.044,-0.059,-0.049,-0.049
6.252,-0.034,-0.044,-0.01,0.039,-0.015,-0.029,0.02,-0.005,-0.039,-0.054,-0.049,-0.044
6.254,-0.029,-0.039,-0.01,0.034,-0.01,-0.024,0.015,-0.005,-0.044,-0.049,-0.059,-0.049
6.256,-0.029,-0.029,0.0,0.029,-0.015,-0.015,0.01,-0.015,-0.049,-0.059,-0.068,-0.059
6.258,-0.029,-0.044,-0.015,0.039,-0.01,-0.029,0.01,-0.02,-0.044,-0.063,-0.063,-0.054
6.26,-0.02,-0.024,-0.005,0.024,-0.01,-0.015,0.01,-0.015,-0.044,-0.054,-0.054,-0.039
6.262,-0.02,-0.039,-0.02,0.029,0.0,-0.029,0.01,-0.02,-0.044,-0.059,-0.054,-0.034
6.264,-0.039,-0.049,-0.01,0.044,-0.015,-0.029,0.015,-0.024,-0.039,-0.063,-0.044,-0.039
6.266,-0.039,-0.044,-0.005,0.044,-0.02,-0.024,0.024,-0.02,-0.034,-0.054,-0.034,-0.029
6.268,-0.029,-0.049,-0.02,0.039,-0.005,-0.034,0.024,-0.02,-0.029,-0.049,-0.039,-0.029
6.27,-0.039,-0.039,0.0,0.039,-0.02,-0.02,0.02,-0.02,-0.034,-0.054,-0.044,-0.039
6.272,-0.024,-0.034,-0.01,0.029,-0.01,-0.024,0.02,-0.02,-0.034,-0.049,-0.039,-0.029
6.274,-0.01,-0.034,-0.024,0.024,0.005,-0.029,0.024,-0.015,-0.029,-0.044,-0.039,-0.029
6.276,-0.029,-0.039,-0.01,0.034,-0.01,-0.024,0.024,-0.02,-0.029,-0.049,-0.044,-0.029
6.278,-0.029,-0.039,-0.01,0.034,-0.01,-0.024,0.024,-0.02,-0.029,-0.054,-0.044,-0.029
6.28,-0.029,-0.039,-0.01,0.034,-0.01,-0.024,0.024,-0.02,-0.034,-0.049,-0.044,-0.029
6.282,-0.044,-0.054,-0.01,0.049,-0.02,-0.034,0.01,-0.034,-0.039,-0.059,-0.049,-0.034
6.284,-0.034,-0.044,-0.01,0.039,-0.015,-0.029,0.015,-0.034,-0.034,-0.049,-0.044,-0.029
6.286,-0.034,-0.044,-0.01,0.039,-0.015,-0.029,0.01,-0.039,-0.044,-0.054,-0.044,-0.029
6.288,-0.039,-0.044,-0.005,0.044,-0.02,-0.024,0.005,-0.034,-0.044,-0.049,-0.044,-0.029
6.29,-0.034,-0.054,-0.02,0.044,-0.01,-0.039,0.005,-0.034,-0.039,-0.049,-0.034,-0.029
6.292,-0.039,-0.054,-0.015,0.049,-0.015,-0.034,0.0,-0.039,-0.044,-0.059,-0.054,-0.039
6.294,-0.044,-0.039,0.005,0.044,-0.024,-0.02,0.005,-0.029,-0.044,-0.049,-0.044,-0.034
6.296,-0.039,-0.034,0.005,0.039,-0.024,-0.015,0.01,-0.029,-0.034,-0.044,-0.039,-0.034
6.298,-0.039,-0.029,0.01,0.034,-0.024,-0.01,0.01,-0.029,-0.034,-0.049,-0.044,-0.034
6.3,-0.029,-0.029,0.0,0.029,-0.015,-0.015,0.015,-0.029,-0.034,-0.034,-0.039,-0.024
6.302,-0.029,-0.034,-0.005,0.034,-0.015,-0.02,0.005,-0.039,-0.044,-0.044,-0.039,-0.034
6.304,-0.02,-0.029,-0.01,0.024,-0.005,-0.02,0.005,-0.044,-0.044,-0.044,-0.044,-0.034
6.306,-0.024,-0.034,-0.01,0.029,-0.01,-0.024,0.005,-0.034,-0.039,-0.039,-0.039,-0.024
6.308,-0.029,-0.044,-0.015,0.039,-0.01,-0.029,0.0,-0.039,-0.044,-0.034,-0.034,-0.024
6.31,-0.049,-0.044,0.005,0.049,-0.029,-0.02,0.015,-0.034,-0.039,-0.034,-0.029,-0.024
6.312,-0.054,-0.049,0.005,0.054,-0.029,-0.024,0.015,-0.024,-0.034,-0.029,-0.024,-0.02
6.314,-0.049,-0.059,-0.01,0.054,-0.02,-0.034,0.005,-0.029,-0.044,-0.044,-0.029,-0.024
6.316,-0.039,-0.044,-0.005,0.044,-0.02,-0.024,0.0,-0.039,-0.044,-0.044,-0.039,-0.034
6.318,-0.034,-0.039,-0.005,0.039,-0.015,-0.024,0.0,-0.034,-0.034,-0.044,-0.034,-0.034
6.32,-0.034,-0.039,-0.005,0.039,-0.015,-0.024,0.01,-0.029,-0.029,-0.034,-0.034,-0.024
6.322,-0.044,-0.034,0.01,0.039,-0.029,-0.015,0.015,-0.029,-0.029,-0.034,-0.034,-0.02
6.324,-0.054,-0.039,0.015,0.049,-0.034,-0.015,0.015,-0.034,-0.029,-0.039,-0.024,-0.015
6.326,-0.039,-0.039,0.0,0.039,-0.02,-0.02,0.01,-0.024,-0.024,-0.034,-0.02,-0.01
6.328,-0.029,-0.044,-0.015,0.039,-0.01,-0.029,0.005,-0.029,-0.029,-0.034,-0.02,-0.01
6.33,-0.029,-0.044,-0.015,0.039,-0.01,-0.029,0.01,-0.034,-0.034,-0.039,-0.02,-0.01
6.332,-0.029,-0.049,-0.02,0.039,-0.005,-0.034,0.005,-0.034,-0.034,-0.034,-0.024,-0.015
6.334,-0.029,-0.054,-0.024,0.044,-0.005,-0.039,0.0,-0.034,-0.039,-0.034,-0.024,-0.015
6.336,-0.029,-0.044,-0.015,0.039,-0.01,-0.029,0.005,-0.024,-0.024,-0.029,-0.029,-0.015
6.338,-0.044,-0.044,0.0,0.044,-0.024,-0.024,0.005,-0.034,-0.029,-0.039,-0.024,-0.01
6.34,-0.049,-0.054,-0.005,0.054,-0.024,-0.029,-0.005,-0.034,-0.029,-0.034,-0.029,-0.01
6.342,-0.044,-0.054,-0.01,0.049,-0.02,-0.034,-0.005,-0.044,-0.034,-0.039,-0.039,-0.02
6.344,-0.073,-0.078,-0.005,0.078,-0.034,-0.044,0.0,-0.044,-0.034,-0.044,-0.039,-0.024
6.346,-0.054,-0.044,0.01,0.049,-0.034,-0.02,0.0,-0.039,-0.034,-0.039,-0.039,-0.02
6.348,-0.034,-0.029,0.005,0.034,-0.02,-0.015,0.005,-0.034,-0.024,-0.024,-0.034,-0.015
6.35,-0.059,-0.059,0.0,0.059,-0.029,-0.029,0.005,-0.044,-0.029,-0.034,-0.039,-0.02
6.352,-0.044,-0.049,-0.005,0.049,-0.02,-0.029,0.005,-0.044,-0.029,-0.034,-0.039,-0.02
6.354,-0.044,-0.044,0.0,0.044,-0.024,-0.024,0.005,-0.039,-0.029,-0.029,-0.034,-0.01
6.356,-0.044,-0.044,0.0,0.044,-0.024,-0.024,-0.01,-0.054,-0.039,-0.044,-0.039,-0.02
6.358,-0.054,-0.044,0.01,0.049,-0.034,-0.02,-0.005,-0.054,-0.039,-0.054,-0.034,-0.01
6.36,-0.039,-0.044,-0.005,0.044,-0.02,-0.024,0.0,-0.049,-0.034,-0.044,-0.039,-0.01
6.362,-0.039,-0.049,-0.01,0.044,-0.015,-0.029,0.0,-0.044,-0.029,-0.039,-0.029,-0.01
6.364,-0.034,-0.049,-0.015,0.044,-0.01,-0.034,0.01,-0.039,-0.015,-0.024,-0.024,-0.005
6.366,-0.044,-0.073,-0.029,0.059,-0.01,-0.054,0.005,-0.044,-0.029,-0.034,-0.024,-0.005
6.368,-0.044,-0.083,-0.039,0.063,-0.005,-0.063,0.005,-0.044,-0.024,-0.024,-0.024,0.0
6.37,-0.039,-0.068,-0.029,0.054,-0.005,-0.049,0.0,-0.039,-0.029,-0.029,-0.015,0.005
6.372,-0.029,-0.049,-0.02,0.039,-0.005,-0.034,-0.005,-0.049,-0.039,-0.039,-0.029,-0.01
6.374,-0.034,-0.029,0.005,0.034,-0.02,-0.015,-0.01,-0.054,-0.044,-0.044,-0.039,-0.01
6.376,-0.054,-0.049,0.005,0.054,-0.029,-0.024,-0.01,-0.059,-0.044,-0.049,-0.044,-0.02
6.378,-0.059,-0.049,0.01,0.054,-0.034,-0.02,-0.01,-0.059,-0.044,-0.049,-0.039,-0.015
6.38,-0.054,-0.039,0.015,0.049,-0.034,-0.015,-0.005,-0.049,-0.029,-0.034,-0.034,-0.01
6.382,-0.044,-0.034,0.01,0.039,-0.029,-0.015,-0.005,-0.054,-0.034,-0.039,-0.034,-0.01
6.384,-0.024,-0.024,0.0,0.024,-0.015,-0.015,0.0,-0.054,-0.029,-0.034,-0.029,-0.01
6.386,-0.034,-0.044,-0.01,0.039,-0.015,-0.029,0.005,-0.054,-0.024,-0.039,-0.024,0.0
6.388,-0.059,-0.063,-0.005,0.063,-0.029,-0.034,-0.005,-0.059,-0.039,-0.039,-0.034,-0.01
6.39,-0.054,-0.054,0.0,0.054,-0.029,-0.029,-0.005,-0.059,-0.039,-0.039,-0.024,-0.005
6.392,-0.049,-0.054,-0.005,0.054,-0.024,-0.029,0.0,-0.049,-0.029,-0.034,-0.024,-0.015
6.394,-0.029,-0.039,-0.01,0.034,-0.01,-0.024,-0.005,-0.049,-0.034,-0.029,-0.029,-0.01
6.396,-0.024,-0.034,-0.01,0.029,-0.01,-0.024,-0.005,-0.054,-0.034,-0.039,-0.034,-0.015
6.398,-0.049,-0.044,0.005,0.049,-0.029,-0.02,-0.01,-0.063,-0.039,-0.059,-0.044,-0.024
6.4,-0.044,-0.034,0.01,0.039,-0.029,-0.015,-0.015,-0.068,-0.039,-0.054,-0.044,-0.024
6.402,-0.039,-0.024,0.015,0.034,-0.029,-0.005,-0.01,-0.068,-0.034,-0.049,-0.044,-0.02
6.404,-0.039,-0.029,0.01,0.034,-0.024,-0.01,0.0,-0.063,-0.029,-0.039,-0.034,-0.01
6.406,-0.059,-0.039,0.02,0.049,-0.039,-0.01,0.0,-0.059,-0.029,-0.039,-0.034,-0.01
6.408,-0.054,-0.039,0.015,0.049,-0.034,-0.015,-0.005,-0.068,-0.029,-0.039,-0.039,-0.01
6.41,-0.024,-0.024,0.0,0.024,-0.015,-0.015,-0.005,-0.068,-0.044,-0.049,-0.039,-0.01
6.412,-0.02,-0.029,-0.01,0.024,-0.005,-0.02,0.0,-0.063,-0.039,-0.049,-0.039,-0.005
6.414,-0.039,-0.044,-0.005,0.044,-0.02,-0.024,0.0,-0.059,-0.039,-0.049,-0.039,-0.01
6.416,-0.044,-0.049,-0.005,0.049,-0.02,-0.029,0.0,-0.063,-0.034,-0.044,-0.044,-0.02
6.418,-0.039,-0.049,-0.01,0.044,-0.015,-0.029,-0.005,-0.063,-0.039,-0.054,-0.044,-0.02
6.42,-0.039,-0.049,-0.01,0.044,-0.015,-0.029,-0.01,-0.063,-0.039,-0.044,-0.044,-0.02
6.422,-0.044,-0.039,0.005,0.044,-0.024,-0.02,-0.01,-0.063,-0.039,-0.044,-0.044,-0.024
6.424,-0.054,-0.044,0.01,0.049,-0.034,-0.02,-0.01,-0.068,-0.039,-0.049,-0.054,-0.024
6.426,-0.054,-0.054,0.0,0.054,-0.029,-0.029,-0.01,-0.068,-0.044,-0.049,-0.049,-0.024
6.428,-0.034,-0.034,0.0,0.034,-0.02,-0.02,0.0,-0.068,-0.039,-0.044,-0.044,-0.015
6.43,-0.054,-0.059,-0.005,0.059,-0.024,-0.034,-0.01,-0.073,-0.054,-0.059,-0.049,-0.02
6.432,-0.063,-0.073,-0.01,0.068,-0.029,-0.044,-0.01,-0.073,-0.049,-0.054,-0.049,-0.02
6.434,-0.049,-0.049,0.0,0.049,-0.024,-0.024,-0.005,-0.063,-0.044,-0.049,-0.044,-0.015
6.436,-0.02,-0.02,0.0,0.02,-0.01,-0.01,0.005,-0.054,-0.039,-0.044,-0.039,-0.015
6.438,-0.039,-0.034,0.005,0.039,-0.024,-0.015,0.0,-0.063,-0.039,-0.049,-0.044,-0.02
6.44,-0.044,-0.049,-0.005,0.049,-0.02,-0.029,-0.01,-0.073,-0.049,-0.059,-0.049,-0.024
6.442,-0.039,-0.034,0.005,0.039,-0.024,-0.015,-0.01,-0.078,-0.054,-0.059,-0.049,-0.024
6.444,-0.054,-0.044,0.01,0.049,-0.034,-0.02,-0.005,-0.078,-0.044,-0.059,-0.054,-0.024
6.446,-0.059,-0.049,0.01,0.054,-0.034,-0.02,-0.01,-0.073,-0.049,-0.059,-0.054,-0.024
6.448,-0.049,-0.049,0.0,0.049,-0.024,-0.024,-0.015,-0.073,-0.054,-0.054,-0.063,-0.029
6.45,-0.063,-0.059,0.005,0.063,-0.034,-0.029,-0.01,-0.078,-0.059,-0.059,-0.059,-0.029
6.452,-0.049,-0.054,-0.005,0.054,-0.024,-0.029,-0.01,-0.078,-0.059,-0.063,-0.049,-0.02
6.454,-0.029,-0.034,-0.005,0.034,-0.015,-0.02,-0.01,-0.073,-0.059,-0.063,-0.054,-0.02
6.456,-0.029,-0.039,-0.01,0.034,-0.01,-0.024,-0.01,-0.078,-0.063,-0.073,-0.054,-0.02
6.458,-0.049,-0.039,0.01,0.044,-0.029,-0.015,-0.01,-0.078,-0.059,-0.073,-0.059,-0.02
6.46,-0.044,-0.034,0.01,0.039,-0.029,-0.015,0.005,-0.063,-0.044,-0.059,-0.049,-0.01
6.462,-0.044,-0.039,0.005,0.044,-0.024,-0.02,0.005,-0.068,-0.044,-0.068,-0.059,-0.01
6.464,-0.039,-0.054,-0.015,0.049,-0.015,-0.034,0.01,-0.063,-0.034,-0.054,-0.044,-0.015
6.466,-0.049,-0.049,0.0,0.049,-0.024,-0.024,-0.005,-0.073,-0.049,-0.063,-0.059,-0.029
6.468,-0.024,-0.029,-0.005,0.029,-0.01,-0.02,-0.01,-0.083,-0.054,-0.068,-0.068,-0.034
6.47,-0.024,-0.034,-0.01,0.029,-0.01,-0.024,0.0,-0.078,-0.054,-0.059,-0.059,-0.029
6.472,-0.054,-0.049,0.005,0.054,-0.029,-0.024,0.0,-0.078,-0.049,-0.059,-0.059,-0.024
6.474,-0.049,-0.054,-0.005,0.054,-0.024,-0.029,0.0,-0.078,-0.054,-0.063,-0.063,-0.029
6.476,-0.039,-0.049,-0.01,0.044,-0.015,-0.029,0.0,-0.078,-0.049,-0.068,-0.063,-0.024
6.478,-0.029,-0.029,0.0,0.029,-0.015,-0.015,-0.005,-0.083,-0.054,-0.068,-0.063,-0.034
6.48,-0.02,-0.015,0.005,0.02,-0.015,-0.005,0.0,-0.078,-0.054,-0.073,-0.068,-0.034
6.482,-0.039,-0.02,0.02,0.029,-0.029,0.0,0.0,-0.083,-0.054,-0.078,-0.073,-0.039
6.484,-0.049,-0.02,0.029,0.034,-0.039,0.005,-0.005,-0.088,-0.054,-0.073,-0.068,-0.034
6.486,-0.039,-0.01,0.029,0.024,-0.034,0.01,0.0,-0.073,-0.054,-0.068,-0.059,-0.024
6.488,-0.039,-0.024,0.015,0.034,-0.029,-0.005,0.0,-0.078,-0.059,-0.068,-0.063,-0.029
6.49,-0.039,-0.029,0.01,0.034,-0.024,-0.01,0.0,-0.083,-0.063,-0.073,-0.063,-0.029
6.492,-0.049,-0.059,-0.01,0.054,-0.02,-0.034,-0.005,-0.078,-0.059,-0.073,-0.063,-0.034
6.494,-0.049,-0.054,-0.005,0.054,-0.024,-0.029,-0.01,-0.083,-0.068,-0.078,-0.073,-0.039
6.496,-0.054,-0.044,0.01,0.049,-0.034,-0.02,-0.01,-0.088,-0.068,-0.078,-0.078,-0.044
6.498,-0.049,-0.049,0.0,0.049,-0.024,-0.024,-0.01,-0.088,-0.068,-0.078,-0.073,-0.044
6.5,-0.044,-0.034,0.01,0.039,-0.029,-0.015,-0.01,-0.083,-0.063,-0.083,-0.078,-0.044
6.502,-0.034,-0.015,0.02,0.024,-0.029,0.0,0.0,-0.088,-0.054,-0.073,-0.073,-0.039
6.504,-0.044,-0.029,0.015,0.039,-0.029,-0.01,-0.01,-0.098,-0.059,-0.083,-0.078,-0.044
6.506,-0.049,-0.034,0.015,0.044,-0.034,-0.01,-0.005,-0.088,-0.063,-0.073,-0.073,-0.044
6.508,-0.054,-0.039,0.015,0.049,-0.034,-0.015,0.0,-0.088,-0.059,-0.068,-0.073,-0.039
6.51,-0.059,-0.039,0.02,0.049,-0.039,-0.01,-0.005,-0.093,-0.068,-0.078,-0.083,-0.044
6.512,-0.059,-0.049,0.01,0.054,-0.034,-0.02,-0.01,-0.088,-0.068,-0.078,-0.078,-0.034
6.514,-0.054,-0.049,0.005,0.054,-0.029,-0.024,-0.015,-0.093,-0.073,-0.083,-0.083,-0.039
6.516,-0.044,-0.049,-0.005,0.049,-0.02,-0.029,-0.015,-0.098,-0.073,-0.093,-0.083,-0.044
6.518,-0.034,-0.024,0.01,0.029,-0.024,-0.01,-0.01,-0.098,-0.068,-0.083,-0.073,-0.034
6.52,-0.049,-0.044,0.005,0.049,-0.029,-0.02,-0.02,-0.093,-0.068,-0.088,-0.083,-0.044
6.522,-0.034,-0.024,0.01,0.029,-0.024,-0.01,-0.005,-0.088,-0.063,-0.088,-0.078,-0.044
6.524,-0.034,-0.02,0.015,0.029,-0.024,-0.005,-0.005,-0.083,-0.063,-0.083,-0.078,-0.034
6.526,-0.029,-0.024,0.005,0.029,-0.02,-0.01,-0.005,-0.083,-0.063,-0.083,-0.078,-0.034
6.528,-0.015,-0.015,0.0,0.015,-0.01,-0.01,-0.01,-0.088,-0.073,-0.083,-0.073,-0.039
6.53,-0.02,-0.024,-0.005,0.024,-0.01,-0.015,-0.015,-0.098,-0.083,-0.088,-0.078,-0.039
6.532,-0.039,-0.039,0.0,0.039,-0.02,-0.02,-0.02,-0.098,-0.088,-0.093,-0.088,-0.034
6.534,-0.059,-0.044,0.015,0.054,-0.039,-0.015,-0.01,-0.093,-0.078,-0.093,-0.083,-0.044
6.536,-0.049,-0.034,0.015,0.044,-0.034,-0.01,-0.01,-0.098,-0.073,-0.088,-0.083,-0.044
6.538,-0.039,-0.034,0.005,0.039,-0.024,-0.015,-0.01,-0.088,-0.073,-0.088,-0.073,-0.039
6.54,-0.044,-0.059,-0.015,0.054,-0.015,-0.039,-0.005,-0.083,-0.068,-0.083,-0.073,-0.034
6.542,-0.034,-0.049,-0.015,0.044,-0.01,-0.034,0.0,-0.083,-0.063,-0.083,-0.073,-0.034
6.544,-0.029,-0.044,-0.015,0.039,-0.01,-0.029,0.005,-0.078,-0.054,-0.078,-0.073,-0.029
6.546,-0.054,-0.059,-0.005,0.059,-0.024,-0.034,0.0,-0.083,-0.059,-0.083,-0.073,-0.034
6.548,-0.049,-0.034,0.015,0.044,-0.034,-0.01,-0.005,-0.093,-0.073,-0.093,-0.088,-0.049
6.55,-0.029,-0.01,0.02,0.02,-0.024,0.005,0.0,-0.088,-0.068,-0.093,-0.088,-0.049
6.552,-0.029,-0.029,0.0,0.029,-0.015,-0.015,0.0,-0.088,-0.068,-0.088,-0.083,-0.044
6.554,-0.029,-0.034,-0.005,0.034,-0.015,-0.02,0.01,-0.083,-0.068,-0.088,-0.078,-0.039
6.556,-0.044,-0.029,0.015,0.039,-0.029,-0.01,-0.005,-0.093,-0.078,-0.102,-0.088,-0.049
6.558,-0.059,-0.02,0.039,0.039,-0.049,0.01,-0.015,-0.107,-0.093,-0.112,-0.102,-0.054
6.56,-0.059,-0.015,0.044,0.039,-0.054,0.015,-0.005,-0.102,-0.083,-0.107,-0.093,-0.049
6.562,-0.049,-0.01,0.039,0.029,-0.044,0.015,0.0,-0.102,-0.073,-0.102,-0.098,-0.049
6.564,-0.039,-0.01,0.029,0.024,-0.034,0.01,0.0,-0.107,-0.083,-0.107,-0.102,-0.054
6.566,-0.039,-0.015,0.024,0.029,-0.034,0.005,-0.005,-0.112,-0.083,-0.102,-0.093,-0.049
6.568,-0.044,-0.024,0.02,0.034,-0.034,-0.005,-0.005,-0.107,-0.083,-0.107,-0.098,-0.049
6.57,-0.029,-0.01,0.02,0.02,-0.024,0.005,-0.005,-0.098,-0.083,-0.102,-0.098,-0.044
6.572,-0.02,-0.02,0.0,0.02,-0.01,-0.01,-0.01,-0.098,-0.083,-0.107,-0.093,-0.044
6.574,-0.024,-0.024,0.0,0.024,-0.015,-0.015,0.0,-0.093,-0.083,-0.102,-0.088,-0.049
6.576,-0.034,-0.029,0.005,0.034,-0.02,-0.015,0.0,-0.093,-0.083,-0.102,-0.093,-0.044
6.578,-0.044,-0.049,-0.005,0.049,-0.02,-0.029,-0.01,-0.102,-0.088,-0.112,-0.102,-0.054
6.58,-0.029,-0.039,-0.01,0.034,-0.01,-0.024,-0.01,-0.107,-0.088,-0.112,-0.102,-0.059
6.582,-0.02,-0.024,-0.005,0.024,-0.01,-0.015,-0.01,-0.117,-0.088,-0.112,-0.102,-0.059
6.584,-0.024,-0.02,0.005,0.024,-0.015,-0.01,-0.01,-0.117,-0.083,-0.117,-0.098,-0.049
6.586,-0.029,-0.02,0.01,0.024,-0.02,-0.005,-0.005,-0.102,-0.083,-0.107,-0.093,-0.044
6.588,-0.039,-0.024,0.015,0.034,-0.029,-0.005,-0.005,-0.107,-0.093,-0.107,-0.102,-0.049
6.59,-0.034,-0.024,0.01,0.029,-0.024,-0.01,-0.005,-0.107,-0.093,-0.117,-0.107,-0.059
6.592,-0.039,-0.029,0.01,0.034,-0.024,-0.01,-0.005,-0.102,-0.093,-0.112,-0.102,-0.059
6.594,-0.044,-0.039,0.005,0.044,-0.024,-0.02,-0.005,-0.102,-0.098,-0.112,-0.107,-0.063
6.596,-0.039,-0.029,0.01,0.034,-0.024,-0.01,-0.005,-0.107,-0.093,-0.122,-0.112,-0.063
6.598,-0.049,-0.034,0.015,0.044,-0.034,-0.01,-0.005,-0.098,-0.088,-0.117,-0.112,-0.059
6.6,-0.044,-0.034,0.01,0.039,-0.029,-0.015,0.0,-0.098,-0.083,-0.112,-0.102,-0.054
6.602,-0.034,-0.034,0.0,0.034,-0.02,-0.02,-0.01,-0.107,-0.088,-0.127,-0.112,-0.063
6.604,-0.029,-0.024,0.005,0.029,-0.02,-0.01,-0.015,-0.112,-0.088,-0.122,-0.112,-0.054
6.606,-0.044,-0.02,0.024,0.034,-0.034,0.0,-0.005,-0.107,-0.088,-0.112,-0.098,-0.049
6.608,-0.044,-0.02,0.024,0.034,-0.034,0.0,0.0,-0.107,-0.088,-0.107,-0.098,-0.054
6.61,-0.034,-0.02,0.015,0.029,-0.024,-0.005,0.0,-0.102,-0.088,-0.112,-0.102,-0.059
6.612,-0.034,-0.015,0.02,0.024,-0.029,0.0,0.005,-0.102,-0.083,-0.107,-0.102,-0.054
6.614,-0.049,-0.034,0.015,0.044,-0.034,-0.01,0.005,-0.093,-0.083,-0.107,-0.102,-0.059
6.616,-0.034,-0.02,0.015,0.029,-0.024,-0.005,0.005,-0.098,-0.088,-0.112,-0.107,-0.059
6.618,-0.024,-0.005,0.02,0.015,-0.024,0.005,0.005,-0.093,-0.088,-0.117,-0.112,-0.059
6.62,-0.029,-0.02,0.01,0.024,-0.02,-0.005,0.01,-0.093,-0.078,-0.107,-0.107,-0.054
6.622,-0.02,-0.015,0.005,0.02,-0.015,-0.005,0.0,-0.098,-0.088,-0.122,-0.117,-0.059
6.624,-0.029,-0.015,0.015,0.024,-0.024,0.0,0.0,-0.107,-0.093,-0.132,-0.117,-0.059
6.626,-0.034,-0.02,0.015,0.029,-0.024,-0.005,-0.005,-0.112,-0.102,-0.132,-0.117,-0.063
6.628,-0.044,-0.034,0.01,0.039,-0.029,-0.015,-0.005,-0.112,-0.102,-0.132,-0.117,-0.059
6.63,-0.054,-0.044,0.01,0.049,-0.034,-0.02,-0.015,-0.122,-0.107,-0.137,-0.122,-0.068
6.632,-0.049,-0.029,0.02,0.039,-0.034,-0.005,-0.01,-0.122,-0.112,-0.146,-0.122,-0.073
6.634,-0.029,-0.015,0.015,0.024,-0.024,0.0,-0.01,-0.112,-0.107,-0.137,-0.117,-0.068
6.636,-0.034,-0.015,0.02,0.024,-0.029,0.0,0.005,-0.107,-0.093,-0.127,-0.112,-0.059
6.638,-0.029,-0.02,0.01,0.024,-0.02,-0.005,0.005,-0.102,-0.093,-0.127,-0.107,-0.063
6.64,-0.024,-0.01,0.015,0.02,-0.02,0.0,0.01,-0.098,-0.093,-0.117,-0.107,-0.063
6.642,-0.049,-0.02,0.029,0.034,-0.039,0.005,0.01,-0.102,-0.088,-0.127,-0.112,-0.068
6.644,-0.044,-0.015,0.029,0.029,-0.039,0.005,0.01,-0.102,-0.093,-0.132,-0.122,-0.059
6.646,-0.034,-0.024,0.01,0.029,-0.024,-0.01,0.01,-0.098,-0.098,-0.132,-0.112,-0.054
6.648,-0.034,-0.044,-0.01,0.039,-0.015,-0.029,0.005,-0.102,-0.098,-0.132,-0.112,-0.054
6.65,-0.034,-0.039,-0.005,0.039,-0.015,-0.024,0.005,-0.102,-0.098,-0.132,-0.112,-0.063
6.652,-0.044,-0.049,-0.005,0.049,-0.02,-0.029,0.005,-0.098,-0.102,-0.137,-0.117,-0.059
6.654,-0.039,-0.039,0.0,0.039,-0.02,-0.02,0.01,-0.102,-0.112,-0.142,-0.117,-0.068
6.656,-0.034,-0.02,0.015,0.029,-0.024,-0.005,0.015,-0.102,-0.107,-0.142,-0.122,-0.059
6.658,-0.039,-0.015,0.024,0.029,-0.034,0.005,0.01,-0.107,-0.107,-0.146,-0.122,-0.068
6.66,-0.034,-0.005,0.029,0.02,-0.034,0.01,0.01,-0.102,-0.102,-0.146,-0.127,-0.073
6.662,-0.044,-0.015,0.029,0.029,-0.039,0.005,0.015,-0.102,-0.093,-0.137,-0.127,-0.073
6.664,-0.024,0.01,0.034,0.01,-0.029,0.02,0.02,-0.093,-0.088,-0.132,-0.117,-0.059
6.666,0.0,0.034,0.034,-0.015,-0.02,0.034,0.029,-0.078,-0.078,-0.122,-0.102,-0.054
6.668,-0.005,0.049,0.054,-0.02,-0.029,0.049,0.049,-0.059,-0.059,-0.102,-0.093,-0.039
6.67,0.005,0.063,0.059,-0.034,-0.029,0.059,0.059,-0.054,-0.059,-0.098,-0.083,-0.039
6.672,0.015,0.078,0.063,-0.044,-0.024,0.068,0.068,-0.044,-0.054,-0.093,-0.083,-0.039
6.674,-0.01,0.059,0.068,-0.024,-0.039,0.063,0.068,-0.049,-0.063,-0.098,-0.083,-0.044
6.676,-0.005,0.063,0.068,-0.029,-0.039,0.063,0.068,-0.044,-0.059,-0.093,-0.083,-0.044
6.678,0.005,0.068,0.063,-0.034,-0.029,0.063,0.073,-0.034,-0.054,-0.088,-0.083,-0.044
6.68,0.005,0.063,0.059,-0.034,-0.029,0.059,0.083,-0.02,-0.034,-0.083,-0.073,-0.029
6.682,0.0,0.068,0.068,-0.034,-0.034,0.068,0.088,-0.015,-0.024,-0.073,-0.078,-0.024
6.684,-0.024,0.049,0.073,-0.01,-0.049,0.059,0.093,-0.01,-0.02,-0.073,-0.073,-0.024
6.686,-0.01,0.049,0.059,-0.02,-0.034,0.054,0.098,0.01,-0.005,-0.059,-0.063,-0.02
6.688,0.005,0.063,0.059,-0.034,-0.029,0.059,0.112,0.029,0.01,-0.044,-0.049,-0.015
6.69,0.0,0.054,0.054,-0.024,-0.029,0.054,0.102,0.024,0.0,-0.049,-0.054,-0.015
6.692,0.015,0.068,0.054,-0.039,-0.02,0.059,0.098,0.024,0.005,-0.044,-0.044,-0.015
6.694,0.01,0.068,0.059,-0.039,-0.024,0.063,0.093,0.029,0.005,-0.044,-0.044,-0.015
6.696,0.015,0.073,0.059,-0.044,-0.024,0.063,0.088,0.02,-0.005,-0.054,-0.063,-0.02
6.698,0.01,0.068,0.059,-0.039,-0.024,0.063,0.098,0.034,0.01,-0.049,-0.054,-0.015
6.7,0.01,0.068,0.059,-0.039,-0.024,0.063,0.088,0.024,-0.005,-0.054,-0.059,-0.02
6.702,0.034,0.093,0.059,-0.063,-0.015,0.073,0.088,0.029,0.005,-0.049,-0.049,-0.01
6.704,0.02,0.093,0.073,-0.054,-0.029,0.083,0.083,0.029,0.01,-0.049,-0.044,-0.005
6.706,0.024,0.093,0.068,-0.059,-0.024,0.078,0.068,0.024,0.0,-0.049,-0.049,-0.015
6.708,0.034,0.107,0.073,-0.068,-0.02,0.088,0.059,0.02,0.005,-0.049,-0.044,-0.015
6.71,0.034,0.102,0.068,-0.068,-0.02,0.083,0.044,0.015,-0.005,-0.059,-0.049,-0.02
6.712,0.024,0.088,0.063,-0.054,-0.02,0.073,0.034,0.005,-0.015,-0.068,-0.049,-0.024
6.714,0.01,0.078,0.068,-0.044,-0.029,0.073,0.034,0.005,-0.02,-0.063,-0.059,-0.02
6.716,0.01,0.068,0.059,-0.039,-0.024,0.063,0.015,-0.024,-0.039,-0.088,-0.073,-0.029
6.718,0.015,0.073,0.059,-0.044,-0.024,0.063,0.0,-0.039,-0.054,-0.093,-0.078,-0.024
6.72,0.015,0.078,0.063,-0.044,-0.024,0.068,-0.015,-0.054,-0.059,-0.098,-0.078,-0.02
6.722,0.015,0.078,0.063,-0.044,-0.024,0.068,-0.024,-0.073,-0.068,-0.107,-0.088,-0.02
6.724,0.015,0.078,0.063,-0.044,-0.024,0.068,-0.024,-0.078,-0.068,-0.117,-0.083,-0.01
6.726,0.0,0.073,0.073,-0.034,-0.039,0.073,-0.015,-0.068,-0.068,-0.102,-0.073,0.0
6.728,0.005,0.073,0.068,-0.039,-0.034,0.068,-0.015,-0.078,-0.078,-0.112,-0.078,-0.01
6.73,0.01,0.078,0.068,-0.044,-0.029,0.073,-0.015,-0.073,-0.083,-0.117,-0.073,-0.01
6.732,-0.005,0.054,0.059,-0.024,-0.034,0.054,-0.029,-0.093,-0.102,-0.137,-0.093,-0.024
6.734,-0.005,0.034,0.039,-0.015,-0.024,0.034,-0.034,-0.102,-0.112,-0.146,-0.102,-0.034
6.736,0.02,0.049,0.029,-0.034,-0.005,0.039,-0.029,-0.107,-0.112,-0.156,-0.102,-0.039
6.738,0.02,0.049,0.029,-0.034,-0.005,0.039,-0.02,-0.098,-0.117,-0.151,-0.112,-0.039
6.74,0.015,0.024,0.01,-0.02,0.0,0.015,-0.02,-0.102,-0.117,-0.151,-0.107,-0.039
6.742,0.015,0.024,0.01,-0.02,0.0,0.015,-0.02,-0.107,-0.122,-0.156,-0.112,-0.049
6.744,0.005,0.01,0.005,-0.005,0.0,0.005,-0.02,-0.107,-0.112,-0.151,-0.112,-0.044
6.746,0.015,0.005,-0.01,-0.01,0.01,-0.005,-0.005,-0.098,-0.107,-0.142,-0.102,-0.039
6.748,0.01,0.005,-0.005,-0.005,0.005,0.0,-0.005,-0.098,-0.107,-0.142,-0.102,-0.039
6.75,0.015,0.01,-0.005,-0.01,0.01,0.0,-0.01,-0.093,-0.107,-0.142,-0.107,-0.039
6.752,0.01,0.01,0.0,-0.01,0.005,0.005,-0.01,-0.093,-0.107,-0.151,-0.107,-0.044
6.754,0.01,0.015,0.005,-0.01,0.0,0.01,-0.005,-0.088,-0.112,-0.146,-0.102,-0.049
6.756,0.015,0.034,0.02,-0.024,-0.005,0.024,0.005,-0.073,-0.098,-0.137,-0.093,-0.034
6.758,0.015,0.059,0.044,-0.034,-0.015,0.049,0.0,-0.068,-0.088,-0.132,-0.093,-0.034
6.76,0.005,0.044,0.039,-0.024,-0.02,0.039,0.01,-0.068,-0.088,-0.127,-0.088,-0.029
6.762,0.005,0.039,0.034,-0.02,-0.015,0.034,0.005,-0.068,-0.098,-0.127,-0.093,-0.034
6.764,0.005,0.034,0.029,-0.02,-0.015,0.029,0.0,-0.083,-0.102,-0.137,-0.107,-0.044
6.766,0.005,0.039,0.034,-0.02,-0.015,0.034,0.015,-0.083,-0.107,-0.142,-0.112,-0.059
6.768,-0.02,0.01,0.029,0.005,-0.024,0.02,0.02,-0.078,-0.112,-0.146,-0.122,-0.068
6.77,-0.054,-0.029,0.024,0.044,-0.039,-0.005,0.01,-0.102,-0.132,-0.181,-0.146,-0.098
6.772,-0.024,-0.02,0.005,0.024,-0.015,-0.01,0.01,-0.107,-0.146,-0.19,-0.166,-0.112
6.774,-0.029,-0.02,0.01,0.024,-0.02,-0.005,0.015,-0.107,-0.151,-0.195,-0.176,-0.122
6.776,-0.034,-0.02,0.015,0.029,-0.024,-0.005,0.02,-0.098,-0.142,-0.195,-0.166,-0.107
6.778,-0.039,-0.02,0.02,0.029,-0.029,0.0,0.02,-0.098,-0.137,-0.195,-0.166,-0.107
6.78,-0.059,-0.029,0.029,0.044,-0.044,0.0,0.024,-0.098,-0.142,-0.19,-0.161,-0.102
6.782,-0.059,-0.024,0.034,0.044,-0.049,0.005,0.024,-0.107,-0.142,-0.2,-0.161,-0.102
6.784,-0.054,-0.024,0.029,0.039,-0.044,0.0,0.01,-0.112,-0.151,-0.205,-0.171,-0.112
6.786,-0.054,-0.034,0.02,0.044,-0.039,-0.01,0.015,-0.122,-0.156,-0.205,-0.176,-0.107
6.788,-0.059,-0.034,0.024,0.049,-0.044,-0.005,0.02,-0.112,-0.151,-0.205,-0.181,-0.107
6.79,-0.068,-0.049,0.02,0.059,-0.044,-0.015,0.015,-0.117,-0.156,-0.21,-0.181,-0.117
6.792,-0.068,-0.039,0.029,0.054,-0.049,-0.005,0.015,-0.122,-0.161,-0.205,-0.181,-0.112
6.794,-0.034,-0.015,0.02,0.024,-0.029,0.0,0.02,-0.112,-0.161,-0.21,-0.176,-0.112
6.796,-0.044,-0.024,0.02,0.034,-0.034,-0.005,0.015,-0.122,-0.166,-0.22,-0.185,-0.122
6.798,-0.059,-0.034,0.024,0.049,-0.044,-0.005,0.024,-0.112,-0.156,-0.21,-0.176,-0.112
6.8,-0.049,-0.029,0.02,0.039,-0.034,-0.005,0.024,-0.107,-0.156,-0.21,-0.181,-0.112
6.802,-0.054,-0.024,0.029,0.039,-0.044,0.0,0.024,-0.107,-0.151,-0.205,-0.181,-0.117
6.804,-0.054,-0.02,0.034,0.039,-0.044,0.005,0.02,-0.112,-0.156,-0.215,-0.185,-0.117
6.806,-0.059,-0.029,0.029,0.044,-0.044,0.0,0.024,-0.102,-0.156,-0.22,-0.185,-0.122
6.808,-0.059,-0.024,0.034,0.044,-0.049,0.005,0.02,-0.107,-0.156,-0.215,-0.185,-0.122
6.81,-0.049,-0.024,0.024,0.039,-0.039,0.0,0.015,-0.112,-0.166,-0.215,-0.19,-0.127
6.812,-0.034,-0.024,0.01,0.029,-0.024,-0.01,0.01,-0.117,-0.176,-0.224,-0.19,-0.127
6.814,-0.049,-0.034,0.015,0.044,-0.034,-0.01,0.02,-0.112,-0.166,-0.215,-0.185,-0.117
6.816,-0.063,-0.039,0.024,0.054,-0.044,-0.01,0.015,-0.107,-0.166,-0.22,-0.185,-0.122
6.818,-0.063,-0.049,0.015,0.059,-0.039,-0.02,0.01,-0.117,-0.171,-0.224,-0.19,-0.127
6.82,-0.073,-0.044,0.029,0.059,-0.054,-0.01,0.029,-0.098,-0.146,-0.205,-0.176,-0.117
6.822,-0.093,-0.054,0.039,0.073,-0.068,-0.01,0.039,-0.088,-0.137,-0.205,-0.171,-0.117
6.824,-0.078,-0.059,0.02,0.068,-0.049,-0.02,0.034,-0.088,-0.142,-0.21,-0.181,-0.127
6.826,-0.044,-0.049,-0.005,0.049,-0.02,-0.029,0.054,-0.073,-0.137,-0.205,-0.185,-0.132
6.828,-0.049,-0.054,-0.005,0.054,-0.024,-0.029,0.068,-0.059,-0.132,-0.21,-0.2,-0.142
6.83,-0.054,-0.073,-0.02,0.063,-0.02,-0.049,0.073,-0.059,-0.166,-0.259,-0.249,-0.185
6.832,-0.078,-0.112,-0.034,0.098,-0.024,-0.073,0.102,-0.044,-0.19,-0.298,-0.303,-0.22
6.834,-0.088,-0.127,-0.039,0.107,-0.024,-0.083,0.142,-0.02,-0.2,-0.356,-0.361,-0.264
6.836,-0.088,-0.122,-0.034,0.107,-0.029,-0.078,0.176,0.005,-0.21,-0.395,-0.415,-0.288
6.838,-0.127,-0.127,0.0,0.127,-0.063,-0.063,0.21,0.029,-0.21,-0.429,-0.449,-0.312
6.84,-0.151,-0.112,0.039,0.132,-0.098,-0.039,0.234,0.063,-0.195,-0.459,-0.478,-0.346
6.842,-0.132,-0.083,0.049,0.107,-0.093,-0.02,0.264,0.132,-0.176,-0.459,-0.493,-0.346
6.844,-0.117,-0.049,0.068,0.083,-0.093,0.01,0.298,0.254,-0.098,-0.434,-0.493,-0.346
6.846,-0.102,0.0,0.102,0.054,-0.102,0.049,0.356,0.425,0.02,-0.376,-0.468,-0.312
6.848,-0.088,0.054,0.142,0.02,-0.117,0.098,0.39,0.508,0.078,-0.351,-0.439,-0.283
6.85,-0.063,0.137,0.2,-0.034,-0.132,0.166,0.376,0.498,0.122,-0.312,-0.371,-0.21
6.852,-0.059,0.19,0.249,-0.063,-0.156,0.22,0.317,0.434,0.181,-0.21,-0.244,-0.098
6.854,-0.01,0.268,0.278,-0.127,-0.146,0.273,0.22,0.371,0.264,-0.044,-0.054,0.049
6.856,0.098,0.425,0.327,-0.259,-0.117,0.376,0.093,0.307,0.415,0.215,0.215,0.259
6.858,0.181,0.571,0.39,-0.376,-0.107,0.478,-0.078,0.185,0.566,0.537,0.537,0.498
6.86,0.259,0.703,0.444,-0.478,-0.093,0.571,-0.273,0.049,0.727,0.878,0.883,0.742
6.862,0.356,0.849,0.493,-0.6,-0.068,0.669,-0.454,-0.059,0.913,1.293,1.279,1.015
6.864,0.439,0.971,0.532,-0.703,-0.049,0.752,-0.625,-0.205,1.083,1.728,1.659,1.264
6.866,0.493,1.078,0.586,-0.786,-0.049,0.83,-0.795,-0.371,1.235,2.133,2.011,1.503
6.868,0.542,1.161,0.62,-0.849,-0.039,0.888,-0.956,-0.517,1.362,2.499,2.318,1.713
6.87,0.556,1.166,0.61,-0.859,-0.029,0.888,-1.069,-0.576,1.513,2.84,2.562,1.84
6.872,0.61,1.03,0.42,-0.82,0.093,0.722,-1.142,-0.571,1.62,3.05,2.669,1.84
6.874,0.605,0.839,0.234,-0.722,0.185,0.537,-1.152,-0.678,1.464,2.933,2.572,1.718
6.876,0.517,0.654,0.137,-0.586,0.19,0.395,-1.103,-0.776,1.24,2.708,2.372,1.542
6.878,0.459,0.522,0.063,-0.488,0.195,0.293,-1.025,-0.805,1.064,2.528,2.181,1.391
6.88,0.434,0.425,-0.01,-0.429,0.22,0.205,-0.976,-0.898,0.795,2.25,1.947,1.24
6.882,0.351,0.312,-0.039,-0.332,0.195,0.137,-0.917,-1.103,0.283,1.723,1.63,1.069
6.884,0.288,0.19,-0.098,-0.239,0.19,0.044,-0.81,-1.235,-0.278,1.03,1.24,0.854
6.886,0.205,0.073,-0.132,-0.137,0.166,-0.029,-0.654,-1.259,-0.717,0.322,0.776,0.576
6.888,0.132,-0.024,-0.156,-0.054,0.142,-0.093,-0.512,-1.161,-0.883,-0.156,0.346,0.317
6.89,0.073,-0.117,-0.19,0.024,0.132,-0.156,-0.41,-1.044,-0.913,-0.425,0.044,0.132
6.892,0.029,-0.181,-0.21,0.078,0.117,-0.195,-0.346,-0.952,-0.883,-0.547,-0.166,-0.01
6.894,0.005,-0.21,-0.215,0.102,0.107,-0.215,-0.303,-0.854,-0.83,-0.561,-0.273,-0.098
6.896,-0.01,-0.2,-0.19,0.107,0.088,-0.195,-0.278,-0.766,-0.752,-0.527,-0.298,-0.142
6.898,-0.024,-0.171,-0.146,0.098,0.059,-0.161,-0.244,-0.664,-0.654,-0.464,-0.278,-0.156
6.9,-0.024,-0.137,-0.112,0.083,0.044,-0.127,-0.195,-0.556,-0.556,-0.386,-0.249,-0.146
6.902,-0.029,-0.102,-0.073,0.068,0.02,-0.088,-0.146,-0.459,-0.473,-0.332,-0.205,-0.122
6.904,-0.044,-0.093,-0.049,0.068,0.0,-0.073,-0.112,-0.381,-0.405,-0.278,-0.181,-0.107
6.906,-0.034,-0.078,-0.044,0.059,0.005,-0.063,-0.073,-0.293,-0.342,-0.234,-0.151,-0.093
6.908,-0.039,-0.059,-0.02,0.049,-0.01,-0.039,-0.054,-0.234,-0.312,-0.22,-0.151,-0.098
6.91,-0.049,-0.034,0.015,0.044,-0.034,-0.01,-0.044,-0.205,-0.288,-0.22,-0.156,-0.102
6.912,-0.068,-0.029,0.039,0.049,-0.054,0.005,-0.015,-0.166,-0.259,-0.215,-0.151,-0.098
6.914,-0.063,-0.029,0.034,0.049,-0.049,0.0,0.0,-0.137,-0.229,-0.2,-0.146,-0.088
6.916,-0.063,-0.049,0.015,0.059,-0.039,-0.02,0.02,-0.122,-0.21,-0.2,-0.151,-0.078
6.918,-0.059,-0.059,0.0,0.059,-0.029,-0.029,0.034,-0.112,-0.2,-0.2,-0.151,-0.088
6.92,-0.034,-0.039,-0.005,0.039,-0.015,-0.024,0.049,-0.093,-0.195,-0.2,-0.156,-0.088
6.922,-0.059,-0.039,0.02,0.049,-0.039,-0.01,0.054,-0.088,-0.2,-0.205,-0.161,-0.102
6.924,-0.078,-0.049,0.029,0.063,-0.054,-0.01,0.049,-0.083,-0.205,-0.224,-0.171,-0.107
6.926,-0.059,-0.015,0.044,0.039,-0.054,0.015,0.054,-0.068,-0.205,-0.229,-0.181,-0.117
6.928,-0.059,-0.01,0.049,0.034,-0.054,0.02,0.059,-0.054,-0.195,-0.229,-0.181,-0.122
6.93,-0.049,-0.01,0.039,0.029,-0.044,0.015,0.063,-0.044,-0.19,-0.234,-0.185,-0.122
6.932,-0.044,0.005,0.049,0.02,-0.049,0.024,0.068,-0.034,-0.176,-0.229,-0.185,-0.127
6.934,-0.054,-0.024,0.029,0.039,-0.044,0.0,0.059,-0.039,-0.185,-0.239,-0.2,-0.142
6.936,-0.039,-0.01,0.029,0.024,-0.034,0.01,0.054,-0.049,-0.176,-0.244,-0.2,-0.142
6.938,-0.054,-0.02,0.034,0.039,-0.044,0.005,0.073,-0.039,-0.171,-0.229,-0.195,-0.132
6.94,-0.073,-0.02,0.054,0.049,-0.063,0.015,0.078,-0.034,-0.166,-0.224,-0.195,-0.132
6.942,-0.044,-0.01,0.034,0.029,-0.039,0.01,0.083,-0.024,-0.161,-0.22,-0.19,-0.127
6.944,-0.044,-0.01,0.034,0.029,-0.039,0.01,0.083,-0.01,-0.151,-0.22,-0.19,-0.127
6.946,-0.059,-0.029,0.029,0.044,-0.044,0.0,0.083,0.0,-0.151,-0.215,-0.19,-0.122
6.948,-0.049,-0.029,0.02,0.039,-0.034,-0.005,0.078,0.0,-0.156,-0.22,-0.195,-0.127
6.95,-0.054,-0.039,0.015,0.049,-0.034,-0.015,0.073,0.0,-0.156,-0.229,-0.195,-0.132
6.952,-0.054,-0.034,0.02,0.044,-0.039,-0.01,0.073,0.0,-0.146,-0.224,-0.195,-0.127
6.954,-0.068,-0.039,0.029,0.054,-0.049,-0.005,0.078,-0.005,-0.156,-0.229,-0.205,-0.132
6.956,-0.063,-0.029,0.034,0.049,-0.049,0.0,0.073,-0.01,-0.151,-0.229,-0.2,-0.132
6.958,-0.049,-0.01,0.039,0.029,-0.044,0.015,0.088,0.005,-0.127,-0.21,-0.181,-0.112
6.96,-0.059,-0.024,0.034,0.044,-0.049,0.005,0.093,0.01,-0.117,-0.195,-0.176,-0.107
6.962,-0.054,-0.015,0.039,0.034,-0.049,0.01,0.093,0.01,-0.132,-0.2,-0.176,-0.107
6.964,-0.029,-0.01,0.02,0.02,-0.024,0.005,0.088,0.01,-0.127,-0.205,-0.176,-0.112
6.966,-0.044,-0.024,0.02,0.034,-0.034,-0.005,0.098,0.024,-0.122,-0.195,-0.166,-0.102
6.968,-0.068,-0.029,0.039,0.049,-0.054,0.005,0.098,0.024,-0.127,-0.205,-0.176,-0.112
6.97,-0.063,-0.034,0.029,0.049,-0.049,-0.005,0.088,0.02,-0.127,-0.215,-0.185,-0.122
6.972,-0.063,-0.034,0.029,0.049,-0.049,-0.005,0.093,0.015,-0.122,-0.21,-0.185,-0.122
6.974,-0.063,-0.039,0.024,0.054,-0.044,-0.01,0.088,0.015,-0.122,-0.2,-0.185,-0.117
6.976,-0.073,-0.039,0.034,0.059,-0.054,-0.005,0.083,0.005,-0.127,-0.205,-0.19,-0.117
6.978,-0.059,-0.034,0.024,0.049,-0.044,-0.005,0.083,0.01,-0.117,-0.2,-0.176,-0.112
6.98,-0.049,-0.02,0.029,0.034,-0.039,0.005,0.093,0.015,-0.112,-0.181,-0.166,-0.102
6.982,-0.063,-0.039,0.024,0.054,-0.044,-0.01,0.088,0.015,-0.117,-0.19,-0.171,-0.102
6.984,-0.054,-0.049,0.005,0.054,-0.029,-0.024,0.088,0.024,-0.112,-0.185,-0.166,-0.102
6.986,-0.049,-0.049,0.0,0.049,-0.024,-0.024,0.078,0.024,-0.117,-0.19,-0.171,-0.122
6.988,-0.039,-0.044,-0.005,0.044,-0.02,-0.024,0.083,0.034,-0.112,-0.185,-0.171,-0.112
6.99,-0.039,-0.024,0.015,0.034,-0.029,-0.005,0.088,0.044,-0.102,-0.181,-0.161,-0.107
6.992,-0.054,-0.029,0.024,0.044,-0.039,-0.005,0.078,0.034,-0.102,-0.19,-0.171,-0.117
6.994,-0.049,-0.015,0.034,0.034,-0.044,0.01,0.083,0.034,-0.098,-0.185,-0.171,-0.117
6.996,-0.044,-0.02,0.024,0.034,-0.034,0.0,0.083,0.034,-0.102,-0.185,-0.166,-0.112
6.998,-0.049,-0.029,0.02,0.039,-0.034,-0.005,0.093,0.034,-0.098,-0.181,-0.166,-0.107
7.0,-0.049,-0.029,0.02,0.039,-0.034,-0.005,0.088,0.029,-0.102,-0.176,-0.166,-0.107
7.002,-0.039,-0.024,0.015,0.034,-0.029,-0.005,0.088,0.029,-0.098,-0.176,-0.161,-0.107
7.004,-0.029,-0.029,0.0,0.029,-0.015,-0.015,0.093,0.044,-0.088,-0.171,-0.151,-0.098
7.006,-0.039,-0.034,0.005,0.039,-0.024,-0.015,0.102,0.063,-0.078,-0.156,-0.137,-0.098
7.008,-0.054,-0.039,0.015,0.049,-0.034,-0.015,0.098,0.063,-0.083,-0.161,-0.146,-0.098
7.01,-0.059,-0.044,0.015,0.054,-0.039,-0.015,0.088,0.054,-0.093,-0.181,-0.156,-0.102
7.012,-0.054,-0.063,-0.01,0.059,-0.024,-0.039,0.088,0.054,-0.088,-0.176,-0.156,-0.107
7.014,-0.049,-0.059,-0.01,0.054,-0.02,-0.034,0.093,0.063,-0.073,-0.161,-0.151,-0.098
7.016,-0.044,-0.059,-0.015,0.054,-0.015,-0.039,0.102,0.063,-0.063,-0.151,-0.142,-0.088
7.018,-0.044,-0.078,-0.034,0.063,-0.005,-0.059,0.102,0.063,-0.059,-0.146,-0.137,-0.083
7.02,-0.039,-0.078,-0.039,0.059,0.0,-0.059,0.102,0.063,-0.059,-0.132,-0.127,-0.073
7.022,-0.029,-0.039,-0.01,0.034,-0.01,-0.024,0.093,0.059,-0.063,-0.142,-0.132,-0.078
7.024,-0.049,-0.024,0.024,0.039,-0.039,0.0,0.083,0.049,-0.083,-0.166,-0.146,-0.098
7.026,-0.044,-0.034,0.01,0.039,-0.029,-0.015,0.083,0.059,-0.078,-0.171,-0.151,-0.102
7.028,-0.054,-0.044,0.01,0.049,-0.034,-0.02,0.088,0.068,-0.078,-0.156,-0.142,-0.093
7.03,-0.059,-0.049,0.01,0.054,-0.034,-0.02,0.073,0.059,-0.083,-0.171,-0.156,-0.107
7.032,-0.054,-0.039,0.015,0.049,-0.034,-0.015,0.078,0.063,-0.078,-0.166,-0.161,-0.112
7.034,-0.039,-0.029,0.01,0.034,-0.024,-0.01,0.078,0.068,-0.063,-0.156,-0.146,-0.107
7.036,-0.02,-0.01,0.01,0.015,-0.015,0.0,0.083,0.063,-0.063,-0.151,-0.146,-0.098
7.038,-0.024,-0.02,0.005,0.024,-0.015,-0.01,0.088,0.063,-0.054,-0.146,-0.142,-0.098
7.04,-0.039,-0.044,-0.005,0.044,-0.02,-0.024,0.098,0.073,-0.054,-0.132,-0.132,-0.088
7.042,-0.044,-0.083,-0.039,0.063,-0.005,-0.063,0.107,0.088,-0.039,-0.112,-0.112,-0.068
7.044,-0.054,-0.117,-0.063,0.088,0.005,-0.093,0.117,0.098,-0.024,-0.102,-0.098,-0.063
7.046,-0.054,-0.137,-0.083,0.098,0.015,-0.112,0.117,0.102,-0.024,-0.102,-0.102,-0.059
7.048,-0.034,-0.117,-0.083,0.078,0.024,-0.102,0.102,0.107,-0.034,-0.107,-0.112,-0.068
7.05,-0.029,-0.112,-0.083,0.073,0.024,-0.098,0.107,0.107,-0.029,-0.107,-0.107,-0.068
7.052,-0.015,-0.083,-0.068,0.049,0.024,-0.078,0.098,0.093,-0.039,-0.122,-0.122,-0.083
7.054,-0.02,-0.024,-0.005,0.024,-0.01,-0.015,0.073,0.073,-0.059,-0.142,-0.146,-0.098
7.056,-0.049,0.015,0.063,0.02,-0.059,0.039,0.063,0.059,-0.063,-0.146,-0.156,-0.122
7.058,-0.039,0.01,0.049,0.015,-0.044,0.029,0.068,0.059,-0.059,-0.137,-0.151,-0.107
7.06,-0.044,-0.054,-0.01,0.049,-0.02,-0.034,0.083,0.078,-0.039,-0.117,-0.132,-0.093
7.062,-0.044,-0.073,-0.029,0.059,-0.01,-0.054,0.093,0.088,-0.034,-0.107,-0.117,-0.083
7.064,-0.034,-0.059,-0.024,0.049,-0.005,-0.044,0.093,0.093,-0.024,-0.102,-0.112,-0.083
7.066,-0.034,-0.054,-0.02,0.044,-0.01,-0.039,0.093,0.098,-0.029,-0.107,-0.112,-0.083
7.068,-0.039,-0.044,-0.005,0.044,-0.02,-0.024,0.078,0.088,-0.044,-0.117,-0.122,-0.088
7.07,-0.029,-0.034,-0.005,0.034,-0.015,-0.02,0.073,0.098,-0.034,-0.117,-0.127,-0.083
7.072,-0.029,-0.049,-0.02,0.039,-0.005,-0.034,0.078,0.102,-0.024,-0.107,-0.122,-0.083
7.074,-0.015,-0.029,-0.015,0.024,0.0,-0.024,0.078,0.107,-0.015,-0.098,-0.122,-0.083
7.076,-0.029,-0.034,-0.005,0.034,-0.015,-0.02,0.073,0.102,-0.015,-0.098,-0.122,-0.083
7.078,-0.015,-0.029,-0.015,0.024,0.0,-0.024,0.073,0.102,-0.01,-0.098,-0.112,-0.078
7.08,-0.029,-0.039,-0.01,0.034,-0.01,-0.024,0.088,0.117,0.0,-0.078,-0.098,-0.063
7.082,-0.024,-0.039,-0.015,0.034,-0.005,-0.029,0.083,0.112,0.005,-0.073,-0.093,-0.059
7.084,-0.024,-0.039,-0.015,0.034,-0.005,-0.029,0.073,0.112,0.005,-0.078,-0.088,-0.059
7.086,-0.02,-0.044,-0.024,0.034,0.0,-0.034,0.073,0.122,0.005,-0.073,-0.083,-0.063
7.088,-0.02,-0.049,-0.029,0.034,0.005,-0.039,0.068,0.122,0.0,-0.078,-0.083,-0.063
7.09,-0.005,-0.044,-0.039,0.024,0.015,-0.044,0.068,0.122,0.01,-0.078,-0.083,-0.063
7.092,-0.01,-0.054,-0.044,0.034,0.015,-0.049,0.068,0.127,0.015,-0.073,-0.083,-0.063
7.094,-0.015,-0.044,-0.029,0.029,0.005,-0.039,0.068,0.132,0.02,-0.063,-0.078,-0.059
7.096,-0.005,-0.024,-0.02,0.015,0.005,-0.024,0.068,0.137,0.029,-0.059,-0.078,-0.059
7.098,-0.029,-0.029,0.0,0.029,-0.015,-0.015,0.068,0.137,0.039,-0.049,-0.073,-0.063
7.1,-0.024,-0.029,-0.005,0.029,-0.01,-0.02,0.073,0.151,0.039,-0.039,-0.063,-0.054
7.102,-0.01,-0.024,-0.015,0.02,0.0,-0.02,0.068,0.151,0.044,-0.024,-0.049,-0.049
7.104,-0.015,-0.039,-0.024,0.029,0.005,-0.034,0.068,0.161,0.054,-0.024,-0.044,-0.044
7.106,-0.015,-0.054,-0.039,0.034,0.01,-0.049,0.068,0.171,0.059,-0.015,-0.039,-0.039
7.108,-0.015,-0.068,-0.054,0.044,0.02,-0.063,0.073,0.185,0.068,0.0,-0.024,-0.034
7.11,0.005,-0.059,-0.063,0.029,0.034,-0.063,0.063,0.19,0.068,0.0,-0.029,-0.029
7.112,0.02,-0.049,-0.068,0.015,0.044,-0.059,0.068,0.2,0.083,0.01,-0.024,-0.024
7.114,-0.01,-0.073,-0.063,0.044,0.024,-0.068,0.059,0.19,0.078,0.01,-0.029,-0.029
7.116,-0.02,-0.073,-0.054,0.049,0.015,-0.063,0.059,0.185,0.083,0.01,-0.02,-0.024
7.118,0.0,-0.044,-0.044,0.024,0.02,-0.044,0.059,0.185,0.088,0.024,-0.01,-0.024
7.12,0.024,0.005,-0.02,-0.015,0.02,-0.01,0.054,0.19,0.093,0.029,-0.005,-0.02
7.122,0.02,0.02,0.0,-0.02,0.01,0.01,0.049,0.195,0.098,0.039,0.005,-0.015
7.124,0.015,0.005,-0.01,-0.01,0.01,-0.005,0.054,0.21,0.112,0.049,0.015,-0.01
7.126,0.005,-0.005,-0.01,0.0,0.005,-0.01,0.059,0.224,0.122,0.063,0.024,0.005
7.128,0.0,-0.015,-0.015,0.01,0.005,-0.015,0.059,0.234,0.132,0.073,0.034,0.005
7.13,0.015,-0.024,-0.039,0.005,0.024,-0.034,0.044,0.239,0.132,0.073,0.029,0.0
7.132,0.034,-0.015,-0.049,-0.01,0.039,-0.034,0.044,0.244,0.142,0.093,0.039,0.005
7.134,0.024,-0.02,-0.044,0.0,0.034,-0.034,0.049,0.254,0.161,0.112,0.059,0.02
7.136,0.024,-0.02,-0.044,0.0,0.034,-0.034,0.049,0.254,0.166,0.122,0.063,0.024
7.138,0.024,-0.02,-0.044,0.0,0.034,-0.034,0.049,0.264,0.181,0.142,0.078,0.029
7.14,0.02,-0.01,-0.029,-0.005,0.024,-0.02,0.044,0.268,0.185,0.151,0.093,0.029
7.142,0.039,0.024,-0.015,-0.029,0.024,0.005,0.034,0.264,0.19,0.166,0.098,0.034
7.144,0.049,0.034,-0.015,-0.039,0.029,0.01,0.029,0.283,0.205,0.176,0.102,0.039
7.146,0.049,0.015,-0.034,-0.029,0.039,-0.01,0.049,0.307,0.224,0.2,0.137,0.059
7.148,0.054,0.0,-0.054,-0.024,0.054,-0.029,0.034,0.303,0.22,0.215,0.137,0.059
7.15,0.049,-0.01,-0.059,-0.02,0.054,-0.034,0.029,0.307,0.234,0.224,0.146,0.068
7.152,0.039,-0.02,-0.059,-0.01,0.049,-0.039,0.034,0.327,0.259,0.244,0.161,0.073
7.154,0.063,0.015,-0.049,-0.039,0.054,-0.02,0.034,0.332,0.278,0.268,0.181,0.098
7.156,0.059,-0.005,-0.063,-0.024,0.059,-0.034,0.024,0.327,0.283,0.278,0.19,0.098
7.158,0.068,-0.015,-0.083,-0.024,0.073,-0.049,0.029,0.337,0.298,0.307,0.215,0.112
7.16,0.078,-0.02,-0.098,-0.029,0.088,-0.059,0.039,0.361,0.317,0.337,0.244,0.132
7.162,0.083,-0.01,-0.093,-0.034,0.088,-0.054,0.029,0.361,0.332,0.356,0.259,0.142
7.164,0.098,0.005,-0.093,-0.049,0.093,-0.044,0.034,0.381,0.351,0.376,0.278,0.156
7.166,0.093,0.01,-0.083,-0.049,0.088,-0.039,0.024,0.395,0.361,0.4,0.293,0.156
7.168,0.088,0.024,-0.063,-0.054,0.073,-0.02,0.005,0.39,0.361,0.405,0.298,0.151
7.17,0.107,0.049,-0.059,-0.078,0.083,-0.005,-0.01,0.39,0.366,0.41,0.298,0.151
7.172,0.117,0.054,-0.063,-0.083,0.088,-0.005,-0.01,0.395,0.381,0.429,0.307,0.161
7.174,0.112,0.054,-0.059,-0.083,0.083,-0.005,-0.005,0.405,0.405,0.454,0.337,0.185
7.176,0.107,0.049,-0.059,-0.078,0.083,-0.005,-0.005,0.405,0.415,0.478,0.361,0.2
7.178,0.112,0.054,-0.059,-0.083,0.083,-0.005,-0.015,0.4,0.42,0.488,0.371,0.205
7.18,0.122,0.063,-0.059,-0.093,0.088,0.0,-0.015,0.41,0.429,0.508,0.395,0.224
7.182,0.122,0.054,-0.068,-0.088,0.093,-0.01,-0.015,0.415,0.434,0.532,0.415,0.239
7.184,0.117,0.054,-0.063,-0.083,0.088,-0.005,-0.029,0.405,0.439,0.537,0.42,0.239
7.186,0.117,0.034,-0.083,-0.073,0.098,-0.024,-0.034,0.425,0.449,0.561,0.434,0.249
7.188,0.117,-0.005,-0.122,-0.054,0.117,-0.063,-0.034,0.434,0.464,0.576,0.459,0.259
7.19,0.132,-0.01,-0.142,-0.059,0.137,-0.078,-0.034,0.439,0.483,0.595,0.473,0.273
7.192,0.142,0.01,-0.132,-0.073,0.137,-0.063,-0.024,0.459,0.503,0.615,0.493,0.288
7.194,0.161,0.01,-0.151,-0.083,0.156,-0.073,-0.034,0.449,0.508,0.63,0.503,0.293
7.196,0.161,0.034,-0.127,-0.098,0.142,-0.049,-0.044,0.439,0.508,0.63,0.508,0.293
7.198,0.151,0.083,-0.068,-0.117,0.107,0.005,-0.063,0.42,0.498,0.63,0.503,0.283
7.2,0.161,0.127,-0.034,-0.142,0.098,0.044,-0.078,0.405,0.478,0.625,0.493,0.278
7.202,0.166,0.127,-0.039,-0.146,0.102,0.044,-0.078,0.415,0.488,0.639,0.512,0.298
7.204,0.166,0.102,-0.063,-0.132,0.112,0.02,-0.078,0.41,0.493,0.639,0.517,0.307
7.206,0.166,0.093,-0.073,-0.127,0.117,0.01,-0.083,0.405,0.488,0.644,0.527,0.307
7.208,0.176,0.093,-0.083,-0.132,0.127,0.005,-0.073,0.42,0.498,0.659,0.551,0.322
7.21,0.195,0.098,-0.098,-0.146,0.146,0.0,-0.078,0.415,0.503,0.669,0.551,0.327
7.212,0.185,0.088,-0.098,-0.137,0.142,-0.005,-0.078,0.41,0.508,0.669,0.556,0.337
7.214,0.176,0.088,-0.088,-0.132,0.132,0.0,-0.093,0.405,0.498,0.669,0.551,0.332
7.216,0.181,0.098,-0.083,-0.137,0.132,0.005,-0.088,0.395,0.508,0.673,0.566,0.337
7.218,0.2,0.112,-0.088,-0.156,0.142,0.01,-0.078,0.395,0.512,0.683,0.571,0.351
7.22,0.19,0.112,-0.078,-0.151,0.132,0.015,-0.078,0.395,0.512,0.683,0.576,0.351
7.222,0.176,0.102,-0.073,-0.137,0.122,0.015,-0.088,0.386,0.503,0.678,0.571,0.346
7.224,0.166,0.088,-0.078,-0.127,0.122,0.005,-0.088,0.376,0.498,0.664,0.561,0.346
7.226,0.185,0.088,-0.098,-0.137,0.142,-0.005,-0.088,0.371,0.488,0.664,0.566,0.346
7.228,0.205,0.102,-0.102,-0.151,0.151,0.0,-0.093,0.376,0.483,0.654,0.556,0.346
7.23,0.185,0.107,-0.078,-0.146,0.132,0.015,-0.098,0.361,0.473,0.639,0.547,0.332
7.232,0.166,0.107,-0.059,-0.137,0.112,0.024,-0.102,0.342,0.464,0.62,0.522,0.322
7.234,0.161,0.093,-0.068,-0.127,0.112,0.01,-0.093,0.346,0.454,0.62,0.527,0.322
7.236,0.181,0.093,-0.088,-0.137,0.132,0.0,-0.083,0.342,0.459,0.615,0.522,0.332
7.238,0.171,0.068,-0.102,-0.117,0.137,-0.02,-0.068,0.342,0.464,0.605,0.522,0.332
7.24,0.151,0.049,-0.102,-0.098,0.127,-0.029,-0.073,0.332,0.444,0.595,0.508,0.327
7.242,0.156,0.049,-0.107,-0.102,0.132,-0.029,-0.073,0.317,0.425,0.581,0.493,0.312
7.244,0.166,0.039,-0.127,-0.102,0.146,-0.044,-0.068,0.317,0.425,0.566,0.493,0.317
7.246,0.151,0.029,-0.122,-0.088,0.137,-0.049,-0.059,0.317,0.415,0.561,0.483,0.312
7.248,0.127,0.073,-0.054,-0.098,0.088,0.01,-0.083,0.278,0.371,0.512,0.434,0.283
7.25,0.132,0.112,-0.02,-0.122,0.073,0.044,-0.093,0.254,0.351,0.478,0.405,0.264
7.252,0.142,0.107,-0.034,-0.122,0.088,0.034,-0.093,0.234,0.337,0.449,0.39,0.254
7.254,0.151,0.102,-0.049,-0.127,0.098,0.024,-0.083,0.234,0.322,0.439,0.386,0.254
7.256,0.142,0.083,-0.059,-0.112,0.098,0.01,-0.073,0.229,0.327,0.434,0.376,0.254
7.258,0.132,0.073,-0.059,-0.102,0.093,0.005,-0.068,0.215,0.312,0.41,0.361,0.249
7.26,0.142,0.093,-0.049,-0.117,0.093,0.02,-0.068,0.2,0.293,0.395,0.346,0.234
7.262,0.132,0.083,-0.049,-0.107,0.088,0.015,-0.063,0.195,0.278,0.381,0.332,0.215
7.264,0.132,0.049,-0.083,-0.088,0.107,-0.02,-0.054,0.19,0.264,0.361,0.317,0.21
7.266,0.107,0.015,-0.093,-0.059,0.098,-0.039,-0.044,0.19,0.259,0.346,0.303,0.205
7.268,0.088,-0.005,-0.093,-0.039,0.088,-0.049,-0.044,0.181,0.234,0.317,0.278,0.195
7.27,0.098,0.01,-0.088,-0.054,0.093,-0.039,-0.034,0.171,0.224,0.303,0.264,0.185
7.272,0.093,0.01,-0.083,-0.049,0.088,-0.039,-0.029,0.161,0.215,0.283,0.254,0.176
7.274,0.078,0.015,-0.063,-0.044,0.068,-0.024,-0.044,0.137,0.185,0.254,0.224,0.161
7.276,0.073,0.029,-0.044,-0.049,0.059,-0.01,-0.044,0.117,0.171,0.229,0.2,0.151
7.278,0.063,0.039,-0.024,-0.049,0.044,0.005,-0.039,0.107,0.156,0.2,0.181,0.142
7.28,0.068,0.059,-0.01,-0.063,0.039,0.024,-0.044,0.088,0.137,0.185,0.176,0.132
7.282,0.068,0.044,-0.024,-0.054,0.044,0.01,-0.034,0.088,0.132,0.176,0.161,0.122
7.284,0.063,0.024,-0.039,-0.044,0.049,-0.01,-0.039,0.078,0.112,0.161,0.142,0.107
7.286,0.068,0.02,-0.049,-0.044,0.059,-0.015,-0.029,0.073,0.102,0.146,0.132,0.098
7.288,0.059,0.015,-0.044,-0.034,0.049,-0.015,-0.024,0.073,0.098,0.132,0.122,0.093
7.29,0.034,0.005,-0.029,-0.02,0.029,-0.015,-0.02,0.068,0.088,0.117,0.102,0.083
7.292,0.01,0.0,-0.01,-0.005,0.01,-0.005,-0.02,0.059,0.078,0.093,0.083,0.068
7.294,0.024,0.0,-0.024,-0.01,0.024,-0.015,-0.01,0.063,0.073,0.098,0.088,0.073
7.296,0.044,0.015,-0.029,-0.029,0.034,-0.01,-0.01,0.054,0.073,0.083,0.078,0.068
7.298,0.034,0.01,-0.024,-0.02,0.029,-0.01,-0.005,0.049,0.063,0.068,0.063,0.063
7.3,0.02,-0.015,-0.034,0.0,0.024,-0.024,-0.01,0.039,0.044,0.059,0.054,0.054
7.302,0.024,-0.015,-0.039,-0.005,0.029,-0.029,0.0,0.039,0.039,0.049,0.049,0.059
7.304,0.029,-0.049,-0.078,0.01,0.054,-0.063,0.024,0.054,0.044,0.059,0.059,0.068
7.306,0.044,-0.088,-0.132,0.024,0.088,-0.112,0.049,0.078,0.063,0.073,0.078,0.083
7.308,0.044,-0.102,-0.146,0.029,0.093,-0.127,0.054,0.083,0.059,0.063,0.068,0.078
7.31,0.024,-0.127,-0.151,0.054,0.088,-0.142,0.059,0.073,0.049,0.049,0.054,0.063
7.312,0.015,-0.137,-0.151,0.063,0.083,-0.146,0.059,0.059,0.044,0.034,0.039,0.059
7.314,0.01,-0.059,-0.068,0.024,0.039,-0.063,0.029,0.034,0.02,0.0,0.015,0.034
7.316,-0.005,0.015,0.02,-0.005,-0.015,0.015,0.0,0.0,-0.015,-0.034,-0.02,-0.005
7.318,0.005,0.039,0.034,-0.02,-0.015,0.034,0.01,0.0,-0.01,-0.039,-0.024,0.0
7.32,0.0,0.0,0.0,0.0,0.0,0.0,0.02,0.015,-0.01,-0.029,-0.015,0.0
7.322,-0.01,-0.01,0.0,0.01,-0.005,-0.005,0.015,0.005,-0.02,-0.044,-0.034,-0.01
7.324,0.0,-0.01,-0.01,0.005,0.005,-0.01,0.015,0.01,-0.029,-0.054,-0.039,-0.015
7.326,0.0,0.0,0.0,0.0,0.0,0.0,0.015,0.015,-0.034,-0.059,-0.049,-0.024
7.328,-0.005,0.005,0.01,0.0,-0.01,0.005,0.015,0.015,-0.039,-0.068,-0.059,-0.029
7.33,-0.005,0.0,0.005,0.005,-0.005,0.0,0.029,0.024,-0.034,-0.073,-0.054,-0.024
7.332,-0.015,-0.029,-0.015,0.024,0.0,-0.024,0.039,0.029,-0.029,-0.073,-0.054,-0.02
7.334,-0.02,-0.034,-0.015,0.029,-0.005,-0.024,0.039,0.034,-0.029,-0.078,-0.059,-0.024
7.336,-0.01,-0.024,-0.015,0.02,0.0,-0.02,0.029,0.02,-0.039,-0.088,-0.068,-0.034
7.338,0.0,-0.02,-0.02,0.01,0.01,-0.02,0.034,0.024,-0.034,-0.088,-0.068,-0.034
7.34,0.01,-0.029,-0.039,0.01,0.024,-0.034,0.039,0.039,-0.029,-0.078,-0.059,-0.029
7.342,-0.005,-0.044,-0.039,0.024,0.015,-0.044,0.039,0.034,-0.039,-0.088,-0.068,-0.039
7.344,-0.02,-0.054,-0.034,0.039,0.005,-0.044,0.039,0.034,-0.039,-0.088,-0.068,-0.034
7.346,-0.024,-0.044,-0.02,0.034,-0.005,-0.034,0.039,0.044,-0.034,-0.088,-0.073,-0.039
7.348,-0.015,-0.044,-0.029,0.029,0.005,-0.039,0.039,0.054,-0.034,-0.088,-0.073,-0.034
7.35,0.0,-0.029,-0.029,0.015,0.015,-0.029,0.044,0.054,-0.034,-0.093,-0.078,-0.039
7.352,-0.02,-0.044,-0.024,0.034,0.0,-0.034,0.054,0.059,-0.024,-0.093,-0.088,-0.034
7.354,-0.024,-0.063,-0.039,0.044,0.005,-0.054,0.049,0.063,-0.02,-0.088,-0.083,-0.034
7.356,-0.01,-0.063,-0.054,0.039,0.02,-0.059,0.049,0.059,-0.02,-0.088,-0.078,-0.034
7.358,-0.015,-0.063,-0.049,0.039,0.015,-0.059,0.063,0.068,-0.01,-0.088,-0.073,-0.024
7.36,-0.024,-0.068,-0.044,0.049,0.01,-0.059,0.063,0.073,-0.005,-0.073,-0.068,-0.02
7.362,-0.024,-0.068,-0.044,0.049,0.01,-0.059,0.068,0.073,-0.005,-0.073,-0.068,-0.029
7.364,-0.034,-0.063,-0.029,0.049,-0.005,-0.049,0.054,0.059,-0.02,-0.083,-0.073,-0.044
7.366,-0.024,-0.044,-0.02,0.034,-0.005,-0.034,0.044,0.059,-0.029,-0.093,-0.083,-0.054
7.368,-0.02,-0.054,-0.034,0.039,0.005,-0.044,0.049,0.068,-0.02,-0.088,-0.073,-0.049
7.37,-0.02,-0.049,-0.029,0.034,0.005,-0.039,0.063,0.078,-0.01,-0.083,-0.078,-0.049
7.372,-0.015,-0.029,-0.015,0.024,0.0,-0.024,0.059,0.083,0.005,-0.078,-0.073,-0.044
7.374,-0.024,-0.044,-0.02,0.034,-0.005,-0.034,0.059,0.093,0.01,-0.063,-0.068,-0.039
7.376,-0.015,-0.049,-0.034,0.034,0.01,-0.044,0.063,0.093,0.02,-0.059,-0.059,-0.034
7.378,-0.01,-0.059,-0.049,0.034,0.02,-0.054,0.068,0.098,0.029,-0.044,-0.063,-0.029
7.38,-0.02,-0.068,-0.049,0.044,0.015,-0.059,0.059,0.093,0.024,-0.049,-0.063,-0.034
7.382,-0.01,-0.063,-0.054,0.039,0.02,-0.059,0.059,0.093,0.029,-0.044,-0.059,-0.034
7.384,-0.005,-0.059,-0.054,0.034,0.024,-0.059,0.068,0.093,0.034,-0.044,-0.049,-0.029
7.386,-0.02,-0.049,-0.029,0.034,0.005,-0.039,0.049,0.083,0.01,-0.059,-0.068,-0.049
7.388,-0.005,-0.024,-0.02,0.015,0.005,-0.024,0.039,0.083,0.015,-0.054,-0.068,-0.054
7.39,-0.02,-0.049,-0.029,0.034,0.005,-0.039,0.059,0.098,0.034,-0.034,-0.054,-0.034
7.392,-0.02,-0.088,-0.068,0.054,0.024,-0.078,0.068,0.102,0.044,-0.024,-0.039,-0.02
7.394,-0.015,-0.122,-0.107,0.068,0.044,-0.117,0.073,0.117,0.059,-0.015,-0.024,-0.005
7.396,0.0,-0.127,-0.127,0.063,0.063,-0.127,0.068,0.112,0.059,-0.01,-0.02,-0.005
7.398,-0.005,-0.098,-0.093,0.054,0.044,-0.098,0.063,0.098,0.054,-0.02,-0.034,-0.02
7.4,-0.034,-0.024,0.01,0.029,-0.024,-0.01,0.044,0.088,0.039,-0.024,-0.049,-0.034
7.402,-0.01,0.015,0.024,0.0,-0.02,0.02,0.034,0.083,0.029,-0.024,-0.054,-0.044
7.404,0.02,-0.015,-0.034,0.0,0.024,-0.024,0.049,0.093,0.049,-0.005,-0.029,-0.02
7.406,-0.015,-0.073,-0.059,0.044,0.02,-0.068,0.054,0.098,0.054,0.0,-0.024,-0.02
7.408,-0.02,-0.112,-0.093,0.068,0.034,-0.102,0.059,0.107,0.063,0.01,-0.015,-0.015
7.41,-0.005,-0.117,-0.112,0.063,0.054,-0.117,0.059,0.112,0.068,0.015,-0.015,-0.01
7.412,-0.015,-0.098,-0.083,0.059,0.034,-0.093,0.063,0.102,0.068,0.015,-0.015,-0.005
7.414,-0.02,-0.063,-0.044,0.044,0.01,-0.054,0.054,0.098,0.063,0.005,-0.024,-0.015
7.416,-0.024,-0.039,-0.015,0.034,-0.005,-0.029,0.039,0.073,0.049,-0.005,-0.029,-0.029
7.418,-0.024,-0.024,0.0,0.024,-0.015,-0.015,0.034,0.063,0.039,-0.015,-0.039,-0.029
7.42,-0.01,-0.005,0.005,0.01,-0.01,0.0,0.024,0.063,0.039,-0.005,-0.034,-0.029
7.422,0.0,0.0,0.0,0.0,0.0,0.0,0.024,0.059,0.034,-0.01,-0.034,-0.034
7.424,-0.005,-0.015,-0.01,0.01,0.0,-0.015,0.029,0.063,0.039,0.0,-0.024,-0.02
7.426,0.01,-0.034,-0.044,0.015,0.024,-0.039,0.044,0.083,0.054,0.01,-0.015,-0.015
7.428,0.0,-0.044,-0.044,0.024,0.02,-0.044,0.034,0.078,0.049,0.01,-0.02,-0.015
7.43,0.0,-0.024,-0.024,0.015,0.01,-0.024,0.024,0.073,0.039,-0.005,-0.024,-0.024
7.432,0.005,-0.059,-0.063,0.029,0.034,-0.063,0.034,0.078,0.049,0.01,-0.015,-0.015
7.434,-0.01,-0.063,-0.054,0.039,0.02,-0.059,0.034,0.059,0.039,-0.005,-0.02,-0.024
7.436,-0.024,-0.063,-0.039,0.044,0.005,-0.054,0.034,0.059,0.044,0.005,-0.015,-0.015
7.438,-0.02,-0.059,-0.039,0.039,0.01,-0.049,0.039,0.054,0.039,-0.005,-0.02,-0.02
7.44,0.0,-0.039,-0.039,0.02,0.02,-0.039,0.039,0.059,0.044,0.01,-0.01,-0.01
7.442,-0.01,-0.044,-0.034,0.029,0.01,-0.039,0.034,0.054,0.039,0.005,-0.015,-0.01
7.444,-0.02,-0.039,-0.02,0.029,0.0,-0.029,0.029,0.044,0.024,-0.005,-0.029,-0.024
7.446,-0.005,-0.024,-0.02,0.015,0.005,-0.024,0.029,0.044,0.024,-0.005,-0.029,-0.024
7.448,-0.005,-0.039,-0.034,0.024,0.015,-0.039,0.024,0.049,0.024,-0.015,-0.034,-0.02
7.45,-0.02,-0.044,-0.024,0.034,0.0,-0.034,0.024,0.039,0.01,-0.024,-0.034,-0.024
7.452,-0.015,-0.039,-0.024,0.029,0.005,-0.034,0.024,0.029,0.01,-0.02,-0.029,-0.024
7.454,-0.015,-0.054,-0.039,0.034,0.01,-0.049,0.02,0.029,0.01,-0.02,-0.034,-0.024
7.456,-0.015,-0.039,-0.024,0.029,0.005,-0.034,0.015,0.024,0.01,-0.02,-0.029,-0.024
7.458,-0.024,-0.034,-0.01,0.029,-0.01,-0.024,0.02,0.024,0.01,-0.015,-0.029,-0.024
7.46,-0.029,-0.054,-0.024,0.044,-0.005,-0.039,0.02,0.024,0.01,-0.01,-0.024,-0.02
7.462,-0.01,-0.054,-0.044,0.034,0.015,-0.049,0.02,0.024,0.01,-0.02,-0.024,-0.015
7.464,-0.015,-0.054,-0.039,0.034,0.01,-0.049,0.015,0.02,0.005,-0.02,-0.024,-0.015
7.466,-0.015,-0.063,-0.049,0.039,0.015,-0.059,0.024,0.02,0.01,-0.015,-0.015,-0.005
7.468,-0.015,-0.083,-0.068,0.049,0.024,-0.078,0.034,0.034,0.02,-0.01,-0.01,0.005
7.47,-0.034,-0.093,-0.059,0.063,0.01,-0.078,0.029,0.024,0.01,-0.015,-0.015,-0.005
7.472,-0.039,-0.093,-0.054,0.068,0.005,-0.073,0.024,0.01,0.0,-0.024,-0.024,-0.01
7.474,-0.034,-0.112,-0.078,0.073,0.02,-0.098,0.034,0.02,0.005,-0.02,-0.015,0.0
7.476,-0.02,-0.117,-0.098,0.068,0.039,-0.107,0.044,0.024,0.02,-0.01,0.0,0.01
7.478,-0.01,-0.137,-0.127,0.073,0.059,-0.132,0.044,0.029,0.02,0.0,0.005,0.02
7.48,-0.02,-0.181,-0.161,0.102,0.068,-0.171,0.054,0.039,0.034,0.015,0.02,0.034
7.482,-0.02,-0.161,-0.142,0.093,0.059,-0.151,0.039,0.024,0.02,0.005,0.01,0.024
7.484,-0.015,-0.107,-0.093,0.063,0.039,-0.102,0.024,0.01,0.0,-0.01,-0.01,0.01
7.486,-0.024,-0.078,-0.054,0.054,0.015,-0.068,0.01,-0.01,-0.024,-0.049,-0.034,-0.015
7.488,-0.02,-0.015,0.005,0.02,-0.015,-0.005,-0.005,-0.024,-0.039,-0.059,-0.049,-0.029
7.49,-0.01,0.024,0.034,-0.005,-0.024,0.029,-0.005,-0.029,-0.044,-0.063,-0.054,-0.034
7.492,-0.015,0.015,0.029,0.0,-0.024,0.02,-0.005,-0.024,-0.034,-0.054,-0.049,-0.029
7.494,-0.015,0.005,0.02,0.005,-0.02,0.01,0.0,-0.029,-0.034,-0.054,-0.054,-0.034
7.496,-0.024,-0.015,0.01,0.02,-0.02,-0.005,0.0,-0.029,-0.029,-0.049,-0.049,-0.024
7.498,-0.029,-0.024,0.005,0.029,-0.02,-0.01,0.01,-0.029,-0.02,-0.044,-0.044,-0.015
7.5,-0.029,-0.039,-0.01,0.034,-0.01,-0.024,0.01,-0.029,-0.024,-0.044,-0.039,-0.015
7.502,-0.039,-0.049,-0.01,0.044,-0.015,-0.029,-0.01,-0.039,-0.039,-0.054,-0.049,-0.029
7.504,-0.024,-0.024,0.0,0.024,-0.015,-0.015,-0.005,-0.029,-0.029,-0.039,-0.034,-0.015
7.506,-0.02,-0.024,-0.005,0.024,-0.01,-0.015,0.0,-0.024,-0.029,-0.039,-0.039,-0.02
7.508,-0.029,-0.054,-0.024,0.044,-0.005,-0.039,-0.015,-0.039,-0.039,-0.054,-0.049,-0.029
7.51,-0.034,-0.054,-0.02,0.044,-0.01,-0.039,-0.01,-0.029,-0.034,-0.049,-0.049,-0.029
7.512,-0.034,-0.039,-0.005,0.039,-0.015,-0.024,-0.005,-0.024,-0.024,-0.039,-0.034,-0.02
7.514,-0.01,-0.034,-0.024,0.024,0.005,-0.029,0.005,-0.02,-0.02,-0.039,-0.029,-0.015
7.516,-0.015,-0.039,-0.024,0.029,0.005,-0.034,0.005,-0.024,-0.02,-0.039,-0.029,-0.015
7.518,-0.024,-0.044,-0.02,0.034,-0.005,-0.034,-0.005,-0.034,-0.024,-0.049,-0.039,-0.02
7.52,-0.029,-0.049,-0.02,0.039,-0.005,-0.034,-0.005,-0.029,-0.024,-0.034,-0.029,-0.02
7.522,-0.034,-0.054,-0.02,0.044,-0.01,-0.039,0.0,-0.024,-0.024,-0.039,-0.024,-0.02
7.524,-0.034,-0.049,-0.015,0.044,-0.01,-0.034,-0.005,-0.034,-0.034,-0.039,-0.029,-0.015
7.526,-0.02,-0.049,-0.029,0.034,0.005,-0.039,-0.01,-0.034,-0.034,-0.044,-0.034,-0.024
7.528,-0.034,-0.059,-0.024,0.049,-0.005,-0.044,-0.02,-0.039,-0.039,-0.049,-0.039,-0.034
7.53,-0.034,-0.039,-0.005,0.039,-0.015,-0.024,-0.015,-0.039,-0.039,-0.049,-0.039,-0.029
7.532,-0.029,-0.039,-0.01,0.034,-0.01,-0.024,-0.01,-0.034,-0.029,-0.039,-0.029,-0.024
7.534,-0.039,-0.068,-0.029,0.054,-0.005,-0.049,-0.01,-0.024,-0.02,-0.039,-0.024,-0.02
7.536,-0.02,-0.049,-0.029,0.034,0.005,-0.039,-0.005,-0.024,-0.015,-0.029,-0.02,-0.015
7.538,-0.024,-0.039,-0.015,0.034,-0.005,-0.029,-0.01,-0.034,-0.024,-0.039,-0.029,-0.02
7.54,-0.034,-0.063,-0.029,0.049,-0.005,-0.049,-0.01,-0.029,-0.02,-0.029,-0.024,-0.015
7.542,-0.029,-0.068,-0.039,0.049,0.005,-0.054,-0.005,-0.024,-0.02,-0.029,-0.024,-0.02
7.544,-0.034,-0.049,-0.015,0.044,-0.01,-0.034,-0.01,-0.034,-0.034,-0.034,-0.029,-0.02
7.546,-0.029,-0.044,-0.015,0.039,-0.01,-0.029,-0.01,-0.029,-0.029,-0.039,-0.029,-0.015
7.548,-0.024,-0.083,-0.059,0.054,0.015,-0.073,0.005,-0.02,-0.02,-0.024,-0.01,-0.005
7.55,-0.039,-0.122,-0.083,0.083,0.02,-0.102,0.005,-0.024,-0.02,-0.029,-0.015,0.0
7.552,-0.044,-0.151,-0.107,0.098,0.029,-0.132,0.0,-0.029,-0.015,-0.02,-0.01,0.0
7.554,-0.049,-0.142,-0.093,0.098,0.02,-0.117,-0.005,-0.029,-0.015,-0.029,-0.015,-0.01
7.556,-0.024,-0.093,-0.068,0.059,0.02,-0.083,0.0,-0.024,-0.01,-0.024,-0.005,-0.005
7.558,-0.02,-0.015,0.005,0.02,-0.015,-0.005,-0.015,-0.039,-0.02,-0.034,-0.02,-0.015
7.56,-0.029,-0.029,0.0,0.029,-0.015,-0.015,-0.024,-0.049,-0.024,-0.039,-0.024,-0.029
7.562,-0.024,-0.059,-0.034,0.044,0.005,-0.049,-0.015,-0.039,-0.02,-0.029,-0.02,-0.02
7.564,-0.034,0.02,0.054,0.01,-0.044,0.034,-0.034,-0.054,-0.039,-0.044,-0.034,-0.034
7.566,-0.039,0.015,0.054,0.015,-0.049,0.034,-0.039,-0.059,-0.044,-0.049,-0.039,-0.039
7.568,-0.034,0.005,0.039,0.015,-0.039,0.02,-0.034,-0.054,-0.044,-0.049,-0.039,-0.039
7.57,-0.044,-0.005,0.039,0.024,-0.044,0.015,-0.029,-0.054,-0.044,-0.049,-0.049,-0.039
7.572,-0.049,-0.024,0.024,0.039,-0.039,0.0,-0.029,-0.049,-0.044,-0.044,-0.039,-0.029
7.574,-0.049,-0.039,0.01,0.044,-0.029,-0.015,-0.024,-0.054,-0.044,-0.049,-0.044,-0.029
7.576,-0.049,-0.049,0.0,0.049,-0.024,-0.024,-0.029,-0.054,-0.039,-0.049,-0.039,-0.015
7.578,-0.029,-0.039,-0.01,0.034,-0.01,-0.024,-0.034,-0.063,-0.049,-0.049,-0.039,-0.015
7.58,-0.024,-0.005,0.02,0.015,-0.024,0.005,-0.044,-0.078,-0.059,-0.054,-0.049,-0.029
7.582,-0.039,0.024,0.063,0.01,-0.054,0.044,-0.049,-0.083,-0.063,-0.059,-0.049,-0.034
7.584,-0.034,0.024,0.059,0.005,-0.049,0.039,-0.034,-0.059,-0.049,-0.044,-0.029,-0.02
7.586,-0.029,-0.02,0.01,0.024,-0.02,-0.005,-0.02,-0.044,-0.029,-0.024,-0.02,-0.005
7.588,-0.02,-0.063,-0.044,0.044,0.01,-0.054,-0.015,-0.034,-0.024,-0.015,-0.01,0.0
7.59,-0.01,-0.073,-0.063,0.044,0.024,-0.068,-0.01,-0.029,-0.02,-0.015,-0.01,0.0
7.592,-0.015,-0.049,-0.034,0.034,0.01,-0.044,-0.02,-0.044,-0.029,-0.024,-0.015,-0.005
7.594,-0.02,-0.034,-0.015,0.029,-0.005,-0.024,-0.024,-0.049,-0.034,-0.029,-0.029,-0.015
7.596,-0.044,-0.054,-0.01,0.049,-0.02,-0.034,-0.029,-0.049,-0.034,-0.024,-0.024,-0.015
7.598,-0.054,-0.059,-0.005,0.059,-0.024,-0.034,-0.039,-0.059,-0.039,-0.034,-0.024,-0.015
7.6,-0.044,-0.054,-0.01,0.049,-0.02,-0.034,-0.039,-0.059,-0.034,-0.029,-0.02,-0.015
7.602,-0.044,-0.054,-0.01,0.049,-0.02,-0.034,-0.039,-0.054,-0.029,-0.024,-0.015,-0.015
7.604,-0.044,-0.063,-0.02,0.054,-0.015,-0.044,-0.029,-0.049,-0.024,-0.02,-0.005,-0.01
7.606,-0.029,-0.054,-0.024,0.044,-0.005,-0.039,-0.02,-0.039,-0.015,-0.015,0.0,-0.005
7.608,-0.034,-0.068,-0.034,0.054,0.0,-0.054,-0.029,-0.054,-0.024,-0.029,-0.01,-0.015
7.61,-0.034,-0.059,-0.024,0.049,-0.005,-0.044,-0.039,-0.059,-0.034,-0.039,-0.02,-0.02
7.612,-0.049,-0.02,0.029,0.034,-0.039,0.005,-0.044,-0.063,-0.034,-0.039,-0.024,-0.02
7.614,-0.054,0.029,0.083,0.015,-0.068,0.054,-0.063,-0.088,-0.059,-0.063,-0.049,-0.039
7.616,-0.039,0.0,0.039,0.02,-0.039,0.02,-0.054,-0.078,-0.049,-0.044,-0.034,-0.029
7.618,-0.044,-0.005,0.039,0.024,-0.044,0.015,-0.063,-0.073,-0.049,-0.049,-0.034,-0.024
7.62,-0.029,0.0,0.029,0.015,-0.029,0.015,-0.063,-0.083,-0.054,-0.044,-0.034,-0.029
7.622,-0.034,-0.005,0.029,0.02,-0.034,0.01,-0.059,-0.078,-0.054,-0.049,-0.034,-0.029
7.624,-0.034,0.0,0.034,0.02,-0.034,0.015,-0.054,-0.078,-0.049,-0.044,-0.024,-0.02
7.626,-0.039,-0.005,0.034,0.024,-0.039,0.015,-0.049,-0.068,-0.039,-0.034,-0.02,-0.015
7.628,-0.049,-0.029,0.02,0.039,-0.034,-0.005,-0.034,-0.059,-0.029,-0.029,-0.01,-0.015
7.63,-0.049,-0.029,0.02,0.039,-0.034,-0.005,-0.049,-0.063,-0.034,-0.029,-0.02,-0.024
7.632,-0.039,-0.054,-0.015,0.049,-0.015,-0.034,-0.034,-0.054,-0.024,-0.02,-0.01,-0.01
7.634,-0.015,-0.112,-0.098,0.063,0.039,-0.107,-0.01,-0.024,0.0,0.01,0.01,0.01
7.636,-0.044,-0.093,-0.049,0.068,0.0,-0.073,-0.02,-0.034,-0.01,0.0,0.0,0.005
7.638,-0.068,-0.068,0.0,0.068,-0.034,-0.034,-0.034,-0.049,-0.02,-0.015,-0.005,-0.005
7.64,-0.068,-0.005,0.063,0.039,-0.068,0.029,-0.054,-0.078,-0.049,-0.039,-0.034,-0.029
7.642,-0.039,0.039,0.078,0.0,-0.059,0.059,-0.068,-0.098,-0.068,-0.059,-0.054,-0.049
7.644,-0.034,0.039,0.073,0.0,-0.054,0.054,-0.059,-0.088,-0.059,-0.054,-0.039,-0.029
7.646,-0.029,0.044,0.073,-0.005,-0.054,0.059,-0.063,-0.093,-0.063,-0.059,-0.044,-0.029
7.648,-0.024,0.054,0.078,-0.015,-0.054,0.063,-0.059,-0.088,-0.059,-0.054,-0.039,-0.029
7.65,-0.044,0.034,0.078,0.005,-0.063,0.054,-0.054,-0.083,-0.054,-0.049,-0.039,-0.029
7.652,-0.049,0.024,0.073,0.015,-0.063,0.049,-0.054,-0.083,-0.054,-0.049,-0.039,-0.034
7.654,-0.039,0.024,0.063,0.01,-0.054,0.044,-0.049,-0.073,-0.044,-0.039,-0.034,-0.029
7.656,-0.044,0.02,0.063,0.015,-0.054,0.039,-0.044,-0.073,-0.044,-0.034,-0.029,-0.029
7.658,-0.049,0.015,0.063,0.02,-0.059,0.039,-0.044,-0.068,-0.039,-0.034,-0.024,-0.024
7.66,-0.049,-0.005,0.044,0.029,-0.049,0.02,-0.039,-0.078,-0.044,-0.034,-0.024,-0.029
7.662,-0.059,-0.01,0.049,0.034,-0.054,0.02,-0.054,-0.083,-0.054,-0.044,-0.029,-0.034
7.664,-0.068,0.0,0.068,0.034,-0.068,0.034,-0.049,-0.078,-0.049,-0.039,-0.039,-0.029
7.666,-0.063,0.0,0.063,0.034,-0.063,0.029,-0.044,-0.068,-0.044,-0.034,-0.039,-0.024
7.668,-0.044,0.005,0.049,0.02,-0.049,0.024,-0.049,-0.078,-0.049,-0.044,-0.044,-0.029
7.67,-0.049,0.01,0.059,0.02,-0.054,0.034,-0.054,-0.078,-0.054,-0.049,-0.049,-0.034
7.672,-0.054,0.01,0.063,0.024,-0.059,0.034,-0.059,-0.088,-0.063,-0.063,-0.049,-0.034
7.674,-0.049,0.01,0.059,0.02,-0.054,0.034,-0.059,-0.088,-0.063,-0.068,-0.044,-0.034
7.676,-0.054,0.015,0.068,0.02,-0.063,0.039,-0.054,-0.088,-0.059,-0.059,-0.044,-0.039
7.678,-0.049,0.02,0.068,0.015,-0.059,0.044,-0.054,-0.088,-0.063,-0.059,-0.039,-0.034
7.68,-0.034,0.01,0.044,0.015,-0.039,0.024,-0.049,-0.088,-0.054,-0.049,-0.039,-0.034
7.682,-0.039,0.0,0.039,0.02,-0.039,0.02,-0.054,-0.083,-0.059,-0.059,-0.039,-0.034
7.684,-0.054,-0.01,0.044,0.034,-0.049,0.015,-0.049,-0.083,-0.059,-0.054,-0.039,-0.029
7.686,-0.059,-0.01,0.049,0.034,-0.054,0.02,-0.034,-0.068,-0.044,-0.039,-0.029,-0.02
7.688,-0.073,-0.034,0.039,0.054,-0.059,0.0,-0.044,-0.073,-0.059,-0.044,-0.034,-0.029
7.69,-0.073,-0.029,0.044,0.054,-0.059,0.005,-0.049,-0.078,-0.063,-0.059,-0.044,-0.034
7.692,-0.063,-0.005,0.059,0.034,-0.063,0.024,-0.049,-0.083,-0.063,-0.054,-0.044,-0.034
7.694,-0.054,-0.005,0.049,0.029,-0.054,0.02,-0.044,-0.068,-0.054,-0.049,-0.039,-0.029
7.696,-0.039,0.0,0.039,0.02,-0.039,0.02,-0.024,-0.063,-0.044,-0.039,-0.029,-0.02
7.698,-0.034,-0.005,0.029,0.02,-0.034,0.01,-0.034,-0.063,-0.049,-0.039,-0.029,-0.015
7.7,-0.044,-0.005,0.039,0.024,-0.044,0.015,-0.039,-0.073,-0.054,-0.044,-0.029,-0.024
7.702,-0.034,0.015,0.049,0.01,-0.044,0.029,-0.039,-0.073,-0.054,-0.049,-0.039,-0.029
7.704,-0.029,0.01,0.039,0.01,-0.034,0.024,-0.044,-0.078,-0.063,-0.049,-0.044,-0.029
7.706,-0.029,0.015,0.044,0.01,-0.039,0.029,-0.039,-0.083,-0.059,-0.054,-0.039,-0.029
7.708,-0.049,0.01,0.059,0.02,-0.054,0.034,-0.039,-0.083,-0.059,-0.049,-0.044,-0.034
7.71,-0.054,0.015,0.068,0.02,-0.063,0.039,-0.049,-0.083,-0.068,-0.059,-0.054,-0.039
7.712,-0.044,0.029,0.073,0.01,-0.059,0.049,-0.044,-0.078,-0.054,-0.049,-0.039,-0.029
7.714,-0.054,0.015,0.068,0.02,-0.063,0.039,-0.039,-0.078,-0.059,-0.054,-0.044,-0.034
7.716,-0.024,0.034,0.059,-0.005,-0.044,0.044,-0.044,-0.083,-0.059,-0.059,-0.049,-0.044
7.718,-0.024,0.034,0.059,-0.005,-0.044,0.044,-0.049,-0.083,-0.059,-0.059,-0.049,-0.044
7.72,-0.054,0.029,0.083,0.015,-0.068,0.054,-0.049,-0.083,-0.054,-0.059,-0.044,-0.044
7.722,-0.059,0.015,0.073,0.024,-0.068,0.044,-0.039,-0.078,-0.054,-0.054,-0.039,-0.039
7.724,-0.054,0.005,0.059,0.024,-0.059,0.029,-0.049,-0.078,-0.059,-0.059,-0.049,-0.039
7.726,-0.029,0.01,0.039,0.01,-0.034,0.024,-0.049,-0.078,-0.054,-0.054,-0.049,-0.039
7.728,-0.039,0.01,0.049,0.015,-0.044,0.029,-0.044,-0.068,-0.049,-0.044,-0.044,-0.034
7.73,-0.049,0.0,0.049,0.024,-0.049,0.024,-0.049,-0.078,-0.063,-0.063,-0.059,-0.054
7.732,-0.044,0.005,0.049,0.02,-0.049,0.024,-0.039,-0.073,-0.059,-0.049,-0.054,-0.044
7.734,-0.049,0.005,0.054,0.024,-0.054,0.029,-0.044,-0.073,-0.059,-0.054,-0.054,-0.044
7.736,-0.059,0.015,0.073,0.024,-0.068,0.044,-0.054,-0.078,-0.063,-0.059,-0.049,-0.044
7.738,-0.049,0.024,0.073,0.015,-0.063,0.049,-0.059,-0.093,-0.073,-0.078,-0.059,-0.049
7.74,-0.034,0.029,0.063,0.005,-0.049,0.044,-0.049,-0.088,-0.063,-0.059,-0.039,-0.034
7.742,-0.049,0.02,0.068,0.015,-0.059,0.044,-0.049,-0.083,-0.063,-0.063,-0.044,-0.034
7.744,-0.039,0.02,0.059,0.01,-0.049,0.039,-0.049,-0.083,-0.068,-0.063,-0.044,-0.034
7.746,-0.034,0.015,0.049,0.01,-0.044,0.029,-0.049,-0.078,-0.063,-0.059,-0.049,-0.034
7.748,-0.044,0.024,0.068,0.01,-0.059,0.044,-0.039,-0.078,-0.063,-0.059,-0.049,-0.034
7.75,-0.049,0.029,0.078,0.01,-0.063,0.054,-0.049,-0.083,-0.073,-0.059,-0.054,-0.044
7.752,-0.044,0.0,0.044,0.024,-0.044,0.02,-0.049,-0.078,-0.063,-0.054,-0.044,-0.034
7.754,-0.044,0.0,0.044,0.024,-0.044,0.02,-0.044,-0.073,-0.059,-0.054,-0.049,-0.039
7.756,-0.059,-0.034,0.024,0.049,-0.044,-0.005,-0.049,-0.078,-0.063,-0.063,-0.054,-0.044
7.758,-0.049,-0.068,-0.02,0.059,-0.015,-0.044,-0.034,-0.059,-0.049,-0.044,-0.034,-0.034
7.76,-0.024,-0.068,-0.044,0.049,0.01,-0.059,-0.01,-0.039,-0.02,-0.02,-0.015,-0.01
7.762,-0.034,-0.093,-0.059,0.063,0.01,-0.078,-0.005,-0.029,-0.02,-0.02,-0.015,0.0
7.764,-0.049,-0.088,-0.039,0.068,-0.005,-0.063,-0.005,-0.034,-0.024,-0.024,-0.02,-0.005
7.766,-0.044,-0.01,0.034,0.029,-0.039,0.01,-0.034,-0.063,-0.054,-0.054,-0.049,-0.034
7.768,-0.049,0.088,0.137,-0.02,-0.093,0.112,-0.068,-0.098,-0.088,-0.093,-0.083,-0.068
7.77,-0.044,0.098,0.142,-0.024,-0.093,0.117,-0.063,-0.098,-0.088,-0.093,-0.083,-0.068
7.772,-0.044,0.044,0.088,0.0,-0.068,0.063,-0.044,-0.078,-0.063,-0.068,-0.059,-0.044
7.774,-0.034,0.029,0.063,0.005,-0.049,0.044,-0.034,-0.068,-0.059,-0.054,-0.044,-0.029
7.776,-0.034,0.015,0.049,0.01,-0.044,0.029,-0.039,-0.073,-0.063,-0.063,-0.049,-0.034
7.778,-0.059,-0.015,0.044,0.039,-0.054,0.015,-0.049,-0.083,-0.068,-0.073,-0.054,-0.039
7.78,-0.049,0.005,0.054,0.024,-0.054,0.029,-0.044,-0.078,-0.073,-0.068,-0.063,-0.044
7.782,-0.054,0.01,0.063,0.024,-0.059,0.034,-0.044,-0.078,-0.073,-0.073,-0.063,-0.044
7.784,-0.044,0.024,0.068,0.01,-0.059,0.044,-0.054,-0.088,-0.078,-0.073,-0.063,-0.049
7.786,-0.015,0.063,0.078,-0.024,-0.049,0.068,-0.049,-0.083,-0.073,-0.073,-0.068,-0.049
7.788,-0.024,0.059,0.083,-0.015,-0.054,0.068,-0.054,-0.083,-0.078,-0.078,-0.073,-0.054
7.79,-0.029,0.039,0.068,-0.005,-0.049,0.054,-0.049,-0.073,-0.078,-0.078,-0.068,-0.044
7.792,-0.034,0.044,0.078,-0.005,-0.059,0.059,-0.044,-0.068,-0.068,-0.068,-0.063,-0.044
7.794,-0.039,0.029,0.068,0.005,-0.054,0.049,-0.044,-0.063,-0.063,-0.063,-0.059,-0.049
7.796,-0.039,0.024,0.063,0.01,-0.054,0.044,-0.034,-0.059,-0.059,-0.059,-0.054,-0.044
7.798,-0.034,0.015,0.049,0.01,-0.044,0.029,-0.039,-0.063,-0.063,-0.068,-0.054,-0.049
7.8,-0.039,-0.005,0.034,0.024,-0.039,0.015,-0.034,-0.059,-0.059,-0.059,-0.054,-0.039
7.802,-0.034,-0.005,0.029,0.02,-0.034,0.01,-0.039,-0.063,-0.059,-0.059,-0.054,-0.044
7.804,-0.049,-0.01,0.039,0.029,-0.044,0.015,-0.034,-0.063,-0.054,-0.059,-0.054,-0.044
7.806,-0.054,-0.024,0.029,0.039,-0.044,0.0,-0.034,-0.063,-0.054,-0.063,-0.049,-0.044
7.808,-0.044,-0.01,0.034,0.029,-0.039,0.01,-0.039,-0.063,-0.054,-0.063,-0.063,-0.049
7.81,-0.024,0.015,0.039,0.005,-0.034,0.024,-0.039,-0.068,-0.063,-0.068,-0.059,-0.049
7.812,-0.034,0.02,0.054,0.01,-0.044,0.034,-0.029,-0.059,-0.054,-0.059,-0.049,-0.034
7.814,-0.054,-0.02,0.034,0.039,-0.044,0.005,-0.015,-0.049,-0.049,-0.054,-0.039,-0.024
7.816,-0.049,0.02,0.068,0.015,-0.059,0.044,-0.034,-0.068,-0.068,-0.073,-0.063,-0.049
7.818,-0.054,0.024,0.078,0.015,-0.068,0.049,-0.044,-0.073,-0.073,-0.083,-0.068,-0.054
7.82,-0.059,0.029,0.088,0.015,-0.073,0.059,-0.049,-0.083,-0.073,-0.088,-0.078,-0.054
7.822,-0.049,0.015,0.063,0.02,-0.059,0.039,-0.044,-0.073,-0.073,-0.078,-0.068,-0.044
7.824,-0.039,-0.005,0.034,0.024,-0.039,0.015,-0.029,-0.063,-0.059,-0.068,-0.059,-0.034
7.826,-0.039,-0.005,0.034,0.024,-0.039,0.015,-0.039,-0.068,-0.068,-0.068,-0.059,-0.039
7.828,-0.049,-0.02,0.029,0.034,-0.039,0.005,-0.034,-0.059,-0.063,-0.063,-0.054,-0.034
7.83,-0.044,-0.063,-0.02,0.054,-0.015,-0.044,-0.01,-0.039,-0.049,-0.049,-0.039,-0.015
7.832,-0.039,-0.063,-0.024,0.054,-0.01,-0.044,-0.005,-0.039,-0.039,-0.049,-0.034,-0.01
7.834,-0.034,-0.054,-0.02,0.044,-0.01,-0.039,-0.005,-0.034,-0.039,-0.044,-0.039,-0.015
7.836,-0.029,-0.02,0.01,0.024,-0.02,-0.005,-0.015,-0.049,-0.049,-0.049,-0.054,-0.029
7.838,-0.034,-0.005,0.029,0.02,-0.034,0.01,-0.024,-0.059,-0.059,-0.063,-0.059,-0.039
7.84,-0.024,0.039,0.063,-0.005,-0.044,0.049,-0.034,-0.073,-0.068,-0.073,-0.073,-0.059
7.842,-0.029,0.024,0.054,0.005,-0.044,0.039,-0.034,-0.068,-0.063,-0.073,-0.068,-0.054
7.844,-0.049,0.005,0.054,0.024,-0.054,0.029,-0.034,-0.073,-0.068,-0.078,-0.068,-0.059
7.846,-0.054,0.01,0.063,0.024,-0.059,0.034,-0.044,-0.083,-0.078,-0.088,-0.073,-0.063
7.848,-0.034,0.02,0.054,0.01,-0.044,0.034,-0.039,-0.078,-0.068,-0.078,-0.073,-0.063
7.85,-0.039,0.01,0.049,0.015,-0.044,0.029,-0.029,-0.068,-0.059,-0.068,-0.063,-0.054
7.852,-0.044,-0.005,0.039,0.024,-0.044,0.015,-0.029,-0.068,-0.063,-0.078,-0.068,-0.054
7.854,-0.029,0.01,0.039,0.01,-0.034,0.024,-0.029,-0.063,-0.063,-0.073,-0.073,-0.049
7.856,-0.024,0.01,0.034,0.01,-0.029,0.02,-0.029,-0.059,-0.059,-0.068,-0.068,-0.044
7.858,-0.029,0.01,0.039,0.01,-0.034,0.024,-0.024,-0.063,-0.063,-0.078,-0.063,-0.044
7.86,-0.054,-0.005,0.049,0.029,-0.054,0.02,-0.024,-0.059,-0.059,-0.073,-0.063,-0.039
7.862,-0.034,0.0,0.034,0.02,-0.034,0.015,-0.015,-0.059,-0.059,-0.068,-0.059,-0.034
7.864,-0.029,-0.01,0.02,0.02,-0.024,0.005,-0.015,-0.059,-0.059,-0.068,-0.054,-0.034
7.866,-0.034,-0.02,0.015,0.029,-0.024,-0.005,-0.015,-0.059,-0.054,-0.063,-0.054,-0.034
7.868,-0.049,-0.039,0.01,0.044,-0.029,-0.015,-0.02,-0.059,-0.063,-0.068,-0.054,-0.034
7.87,-0.039,-0.039,0.0,0.039,-0.02,-0.02,-0.015,-0.054,-0.063,-0.068,-0.049,-0.029
7.872,-0.049,-0.054,-0.005,0.054,-0.024,-0.029,-0.015,-0.054,-0.054,-0.059,-0.059,-0.034
7.874,-0.039,-0.049,-0.01,0.044,-0.015,-0.029,-0.02,-0.059,-0.059,-0.068,-0.063,-0.034
7.876,-0.015,-0.034,-0.02,0.024,0.0,-0.029,-0.02,-0.049,-0.054,-0.063,-0.059,-0.034
7.878,-0.02,-0.049,-0.029,0.034,0.005,-0.039,-0.01,-0.039,-0.049,-0.059,-0.049,-0.024
7.88,-0.02,-0.024,-0.005,0.024,-0.01,-0.015,-0.015,-0.049,-0.054,-0.068,-0.059,-0.034
7.882,-0.029,0.039,0.068,-0.005,-0.049,0.054,-0.029,-0.068,-0.073,-0.088,-0.078,-0.054
7.884,-0.024,0.054,0.078,-0.015,-0.054,0.063,-0.039,-0.078,-0.078,-0.098,-0.088,-0.068
7.886,-0.029,0.015,0.044,0.01,-0.039,0.029,-0.029,-0.068,-0.073,-0.083,-0.073,-0.059
7.888,-0.029,-0.015,0.015,0.024,-0.024,0.0,-0.024,-0.073,-0.068,-0.083,-0.068,-0.054
7.89,-0.049,-0.02,0.029,0.034,-0.039,0.005,-0.029,-0.068,-0.068,-0.083,-0.078,-0.049
7.892,-0.039,0.02,0.059,0.01,-0.049,0.039,-0.039,-0.078,-0.078,-0.093,-0.088,-0.063
7.894,-0.034,0.015,0.049,0.01,-0.044,0.029,-0.034,-0.078,-0.083,-0.093,-0.083,-0.063
7.896,-0.044,-0.024,0.02,0.034,-0.034,-0.005,-0.024,-0.073,-0.068,-0.083,-0.073,-0.059
7.898,-0.049,-0.063,-0.015,0.059,-0.02,-0.039,-0.015,-0.059,-0.059,-0.068,-0.073,-0.054
7.9,-0.063,-0.122,-0.059,0.093,-0.005,-0.093,0.01,-0.034,-0.039,-0.054,-0.049,-0.029
7.902,-0.02,-0.059,-0.039,0.039,0.01,-0.049,0.01,-0.029,-0.034,-0.049,-0.044,-0.02
7.904,-0.02,-0.015,0.005,0.02,-0.015,-0.005,-0.005,-0.049,-0.049,-0.063,-0.059,-0.034
7.906,-0.034,0.01,0.044,0.015,-0.039,0.024,-0.024,-0.068,-0.068,-0.083,-0.073,-0.054
7.908,-0.029,0.054,0.083,-0.01,-0.059,0.068,-0.039,-0.083,-0.083,-0.102,-0.102,-0.073
7.91,-0.039,0.02,0.059,0.01,-0.049,0.039,-0.029,-0.073,-0.078,-0.093,-0.088,-0.059
7.912,-0.029,0.0,0.029,0.015,-0.029,0.015,-0.024,-0.068,-0.078,-0.093,-0.088,-0.054
7.914,-0.024,0.0,0.024,0.015,-0.024,0.01,-0.02,-0.063,-0.073,-0.088,-0.078,-0.044
7.916,-0.039,-0.01,0.029,0.024,-0.034,0.01,-0.024,-0.073,-0.078,-0.093,-0.078,-0.054
7.918,-0.049,-0.015,0.034,0.034,-0.044,0.01,-0.024,-0.073,-0.083,-0.093,-0.078,-0.059
7.92,-0.024,0.005,0.029,0.01,-0.029,0.015,-0.015,-0.063,-0.073,-0.093,-0.078,-0.054
7.922,-0.029,-0.01,0.02,0.02,-0.024,0.005,-0.005,-0.054,-0.063,-0.078,-0.063,-0.039
7.924,-0.024,-0.024,0.0,0.024,-0.015,-0.015,-0.01,-0.054,-0.063,-0.083,-0.063,-0.039
7.926,-0.039,-0.029,0.01,0.034,-0.024,-0.01,-0.015,-0.054,-0.068,-0.083,-0.068,-0.049
7.928,-0.044,-0.029,0.015,0.039,-0.029,-0.01,-0.005,-0.049,-0.059,-0.078,-0.073,-0.044
7.93,-0.029,-0.02,0.01,0.024,-0.02,-0.005,0.0,-0.049,-0.063,-0.078,-0.073,-0.044
7.932,-0.02,0.005,0.024,0.01,-0.024,0.015,-0.005,-0.054,-0.068,-0.083,-0.083,-0.049
7.934,-0.029,0.005,0.034,0.015,-0.034,0.02,-0.01,-0.063,-0.073,-0.088,-0.088,-0.059
7.936,-0.049,-0.024,0.024,0.039,-0.039,0.0,-0.015,-0.059,-0.073,-0.088,-0.088,-0.059
7.938,-0.049,-0.02,0.029,0.034,-0.039,0.005,-0.02,-0.063,-0.073,-0.098,-0.088,-0.059
7.94,-0.029,0.0,0.029,0.015,-0.029,0.015,-0.01,-0.049,-0.063,-0.083,-0.073,-0.044
7.942,-0.029,0.0,0.029,0.015,-0.029,0.015,-0.01,-0.059,-0.068,-0.088,-0.073,-0.044
7.944,-0.029,-0.015,0.015,0.024,-0.024,0.0,-0.015,-0.059,-0.073,-0.093,-0.073,-0.049
7.946,-0.029,-0.01,0.02,0.02,-0.024,0.005,0.0,-0.049,-0.063,-0.083,-0.078,-0.044
7.948,-0.02,0.0,0.02,0.01,-0.02,0.01,0.005,-0.044,-0.059,-0.083,-0.073,-0.044
7.95,-0.02,0.0,0.02,0.01,-0.02,0.01,0.01,-0.039,-0.059,-0.083,-0.073,-0.039
7.952,-0.01,0.02,0.029,-0.005,-0.02,0.024,0.005,-0.034,-0.059,-0.083,-0.078,-0.049
7.954,-0.015,0.024,0.039,-0.005,-0.029,0.029,0.01,-0.029,-0.049,-0.068,-0.068,-0.049
7.956,-0.015,0.029,0.044,-0.005,-0.029,0.034,0.029,-0.015,-0.034,-0.054,-0.059,-0.039
7.958,-0.02,0.029,0.049,-0.005,-0.034,0.039,0.029,-0.02,-0.034,-0.054,-0.059,-0.039
7.96,-0.015,0.034,0.049,-0.01,-0.034,0.039,0.044,-0.005,-0.029,-0.049,-0.054,-0.034
7.962,-0.005,0.073,0.078,-0.034,-0.044,0.073,0.059,0.01,-0.01,-0.034,-0.039,-0.024
7.964,0.01,0.039,0.029,-0.024,-0.01,0.034,0.073,0.029,0.005,-0.024,-0.02,-0.005
7.966,0.0,0.054,0.054,-0.024,-0.029,0.054,0.063,0.02,-0.005,-0.034,-0.029,-0.01
7.968,-0.015,0.073,0.088,-0.029,-0.054,0.078,0.059,0.02,-0.005,-0.034,-0.044,-0.02
7.97,-0.005,0.063,0.068,-0.029,-0.039,0.063,0.068,0.024,0.005,-0.034,-0.039,-0.015
7.972,0.0,0.068,0.068,-0.034,-0.034,0.068,0.068,0.034,0.01,-0.029,-0.034,-0.01
7.974,0.01,0.068,0.059,-0.039,-0.024,0.063,0.073,0.039,0.02,-0.015,-0.024,-0.01
7.976,0.02,0.083,0.063,-0.049,-0.024,0.073,0.083,0.059,0.034,-0.005,-0.02,0.0
7.978,0.015,0.073,0.059,-0.044,-0.024,0.063,0.098,0.068,0.049,0.005,-0.01,0.01
7.98,0.024,0.083,0.059,-0.054,-0.02,0.068,0.083,0.063,0.034,0.0,-0.015,0.005
7.982,0.024,0.083,0.059,-0.054,-0.02,0.068,0.083,0.063,0.044,0.015,-0.005,0.01
7.984,0.02,0.088,0.068,-0.054,-0.024,0.078,0.078,0.068,0.044,0.01,-0.015,0.005
7.986,0.029,0.093,0.063,-0.059,-0.02,0.078,0.078,0.068,0.029,0.005,-0.02,0.0
7.988,0.005,0.078,0.073,-0.039,-0.034,0.073,0.083,0.078,0.044,0.005,-0.015,0.005
7.99,0.01,0.063,0.054,-0.034,-0.024,0.059,0.078,0.088,0.044,0.01,-0.01,0.01
7.992,0.044,0.093,0.049,-0.068,-0.005,0.068,0.078,0.098,0.054,0.015,-0.005,0.015
7.994,0.049,0.112,0.063,-0.078,-0.01,0.088,0.063,0.083,0.049,0.015,-0.005,0.015
7.996,0.034,0.117,0.083,-0.073,-0.024,0.098,0.054,0.073,0.044,0.015,-0.005,0.015
7.998,0.024,0.102,0.078,-0.063,-0.029,0.088,0.034,0.063,0.034,0.0,-0.01,0.005
8.0,0.02,0.132,0.112,-0.073,-0.049,0.122,0.015,0.044,0.015,-0.015,-0.024,-0.01
8.002,0.02,0.073,0.054,-0.044,-0.02,0.063,0.024,0.039,0.02,-0.01,-0.01,0.01
8.004,0.029,0.088,0.059,-0.059,-0.015,0.073,0.005,0.02,0.005,-0.015,-0.02,0.005
8.006,0.005,0.093,0.088,-0.049,-0.044,0.088,-0.01,0.005,-0.015,-0.034,-0.034,0.0
8.008,0.02,0.063,0.044,-0.039,-0.015,0.054,-0.015,0.0,-0.015,-0.029,-0.029,0.005
8.01,0.024,0.063,0.039,-0.044,-0.01,0.049,-0.024,-0.01,-0.015,-0.029,-0.029,0.015
8.012,0.005,0.078,0.073,-0.039,-0.034,0.073,-0.029,-0.015,-0.024,-0.044,-0.034,0.01
8.014,0.02,0.093,0.073,-0.054,-0.029,0.083,-0.029,-0.024,-0.029,-0.049,-0.034,0.01
8.016,0.024,0.088,0.063,-0.054,-0.02,0.073,-0.034,-0.034,-0.039,-0.063,-0.034,0.01
8.018,0.029,0.088,0.059,-0.059,-0.015,0.073,-0.034,-0.044,-0.049,-0.068,-0.039,0.015
8.02,0.039,0.073,0.034,-0.054,0.0,0.054,-0.039,-0.049,-0.059,-0.073,-0.044,0.005
8.022,0.029,0.073,0.044,-0.049,-0.01,0.059,-0.039,-0.059,-0.063,-0.073,-0.044,0.005
8.024,0.02,0.063,0.044,-0.039,-0.015,0.054,-0.029,-0.059,-0.073,-0.083,-0.054,0.0
8.026,0.01,-0.005,-0.015,0.0,0.01,-0.01,-0.02,-0.054,-0.068,-0.078,-0.054,0.0
8.028,0.005,-0.024,-0.029,0.01,0.015,-0.029,-0.015,-0.049,-0.063,-0.073,-0.044,0.0
8.03,0.01,-0.029,-0.039,0.01,0.024,-0.034,0.005,-0.029,-0.049,-0.054,-0.029,0.02
8.032,0.015,-0.039,-0.054,0.015,0.034,-0.049,0.005,-0.044,-0.054,-0.059,-0.039,0.015
8.034,0.005,-0.029,-0.034,0.015,0.02,-0.034,-0.015,-0.059,-0.073,-0.078,-0.059,-0.01
8.036,0.01,0.01,0.0,-0.01,0.005,0.005,-0.024,-0.068,-0.083,-0.093,-0.068,-0.024
8.038,0.01,0.049,0.039,-0.029,-0.015,0.044,-0.044,-0.078,-0.093,-0.107,-0.083,-0.039
8.04,0.015,0.034,0.02,-0.024,-0.005,0.024,-0.039,-0.073,-0.098,-0.102,-0.078,-0.034
8.042,0.01,0.005,-0.005,-0.005,0.005,0.0,-0.029,-0.063,-0.083,-0.088,-0.063,-0.029
8.044,0.01,0.0,-0.01,-0.005,0.01,-0.005,-0.024,-0.054,-0.073,-0.078,-0.059,-0.02
8.046,0.02,0.02,0.0,-0.02,0.01,0.01,0.005,-0.024,-0.054,-0.054,-0.034,0.0
8.048,0.024,0.068,0.044,-0.044,-0.01,0.054,-0.005,-0.029,-0.049,-0.054,-0.039,-0.005
8.05,0.024,0.073,0.049,-0.049,-0.015,0.059,-0.015,-0.034,-0.054,-0.063,-0.049,-0.01
8.052,0.01,0.059,0.049,-0.034,-0.02,0.054,-0.024,-0.044,-0.068,-0.083,-0.063,-0.029
8.054,-0.01,0.039,0.049,-0.015,-0.029,0.044,-0.02,-0.044,-0.078,-0.088,-0.063,-0.034
8.056,-0.029,0.02,0.049,0.005,-0.039,0.034,-0.005,-0.049,-0.073,-0.088,-0.083,-0.044
8.058,-0.039,-0.005,0.034,0.024,-0.039,0.015,-0.005,-0.059,-0.093,-0.107,-0.102,-0.063
8.06,-0.039,-0.024,0.015,0.034,-0.029,-0.005,-0.005,-0.068,-0.107,-0.122,-0.117,-0.078
8.062,-0.044,-0.02,0.024,0.034,-0.034,0.0,0.0,-0.068,-0.107,-0.127,-0.122,-0.078
8.064,-0.049,-0.029,0.02,0.039,-0.034,-0.005,-0.005,-0.073,-0.112,-0.137,-0.127,-0.083
8.066,-0.029,-0.024,0.005,0.029,-0.02,-0.01,-0.01,-0.073,-0.112,-0.137,-0.117,-0.078
8.068,-0.005,0.0,0.005,0.005,-0.005,0.0,0.005,-0.063,-0.102,-0.122,-0.112,-0.063
8.07,-0.02,0.005,0.024,0.01,-0.024,0.015,0.0,-0.068,-0.107,-0.127,-0.117,-0.063
8.072,-0.039,-0.01,0.029,0.024,-0.034,0.01,-0.005,-0.083,-0.122,-0.146,-0.122,-0.073
8.074,-0.039,-0.034,0.005,0.039,-0.024,-0.015,-0.005,-0.093,-0.127,-0.151,-0.127,-0.073
8.076,-0.049,-0.02,0.029,0.034,-0.039,0.005,-0.005,-0.098,-0.127,-0.156,-0.132,-0.078
8.078,-0.044,0.0,0.044,0.024,-0.044,0.02,-0.005,-0.098,-0.137,-0.151,-0.137,-0.083
8.08,-0.049,-0.024,0.024,0.039,-0.039,0.0,0.0,-0.102,-0.132,-0.151,-0.137,-0.083
8.082,-0.054,-0.063,-0.01,0.059,-0.024,-0.039,0.005,-0.088,-0.122,-0.146,-0.127,-0.073
8.084,-0.044,-0.059,-0.015,0.054,-0.015,-0.039,0.015,-0.078,-0.107,-0.137,-0.122,-0.068
8.086,-0.059,-0.049,0.01,0.054,-0.034,-0.02,0.005,-0.088,-0.122,-0.146,-0.127,-0.078
8.088,-0.054,-0.024,0.029,0.039,-0.044,0.0,-0.005,-0.093,-0.137,-0.156,-0.142,-0.088
8.09,-0.044,-0.005,0.039,0.024,-0.044,0.015,-0.01,-0.093,-0.137,-0.161,-0.142,-0.093
8.092,-0.039,-0.034,0.005,0.039,-0.024,-0.015,0.005,-0.083,-0.127,-0.146,-0.132,-0.083
8.094,-0.049,-0.034,0.015,0.044,-0.034,-0.01,0.0,-0.088,-0.132,-0.156,-0.142,-0.088
8.096,-0.054,-0.034,0.02,0.044,-0.039,-0.01,0.005,-0.088,-0.127,-0.156,-0.142,-0.088
8.098,-0.049,-0.034,0.015,0.044,-0.034,-0.01,0.01,-0.083,-0.132,-0.151,-0.137,-0.088
8.1,-0.024,-0.015,0.01,0.02,-0.02,-0.005,0.01,-0.088,-0.132,-0.151,-0.137,-0.088
8.102,-0.029,-0.015,0.015,0.024,-0.024,0.0,0.005,-0.093,-0.137,-0.156,-0.142,-0.093
8.104,-0.063,-0.02,0.044,0.044,-0.054,0.01,0.015,-0.088,-0.132,-0.156,-0.137,-0.088
8.106,-0.054,-0.034,0.02,0.044,-0.039,-0.01,0.015,-0.088,-0.127,-0.151,-0.132,-0.088
8.108,-0.049,-0.039,0.01,0.044,-0.029,-0.015,0.02,-0.073,-0.122,-0.142,-0.132,-0.083
8.11,-0.044,-0.024,0.02,0.034,-0.034,-0.005,0.015,-0.073,-0.127,-0.151,-0.146,-0.088
8.112,-0.059,-0.049,0.01,0.054,-0.034,-0.02,0.024,-0.063,-0.117,-0.146,-0.146,-0.088
8.114,-0.059,-0.039,0.02,0.049,-0.039,-0.01,0.02,-0.068,-0.127,-0.161,-0.161,-0.102
8.116,-0.049,-0.039,0.01,0.044,-0.029,-0.015,0.029,-0.059,-0.127,-0.176,-0.171,-0.117
8.118,-0.049,-0.049,0.0,0.049,-0.024,-0.024,0.044,-0.059,-0.151,-0.21,-0.2,-0.146
8.12,-0.078,-0.088,-0.01,0.083,-0.034,-0.049,0.068,-0.044,-0.166,-0.249,-0.249,-0.176
8.122,-0.112,-0.137,-0.024,0.127,-0.044,-0.083,0.098,-0.029,-0.19,-0.307,-0.317,-0.229
8.124,-0.102,-0.156,-0.054,0.132,-0.024,-0.107,0.146,0.01,-0.181,-0.332,-0.351,-0.254
8.126,-0.112,-0.117,-0.005,0.117,-0.054,-0.063,0.181,0.039,-0.181,-0.356,-0.39,-0.283
8.128,-0.127,-0.102,0.024,0.117,-0.078,-0.039,0.21,0.078,-0.166,-0.371,-0.42,-0.307
8.13,-0.127,-0.088,0.039,0.107,-0.083,-0.024,0.249,0.142,-0.132,-0.371,-0.434,-0.317
8.132,-0.117,-0.063,0.054,0.093,-0.088,-0.005,0.278,0.244,-0.068,-0.356,-0.449,-0.317
8.134,-0.102,-0.02,0.083,0.063,-0.093,0.029,0.322,0.41,0.024,-0.322,-0.434,-0.298
8.136,-0.093,0.024,0.117,0.034,-0.107,0.068,0.361,0.517,0.093,-0.293,-0.41,-0.268
8.138,-0.083,0.102,0.185,-0.01,-0.137,0.142,0.351,0.517,0.132,-0.264,-0.361,-0.215
8.14,-0.049,0.161,0.21,-0.054,-0.132,0.185,0.307,0.478,0.195,-0.161,-0.224,-0.093
8.142,0.01,0.254,0.244,-0.132,-0.117,0.249,0.224,0.415,0.283,-0.015,-0.049,0.044
8.144,0.078,0.376,0.298,-0.224,-0.112,0.337,0.098,0.346,0.395,0.195,0.185,0.229
8.146,0.161,0.522,0.361,-0.342,-0.102,0.439,-0.049,0.259,0.547,0.498,0.503,0.473
8.148,0.268,0.659,0.39,-0.464,-0.063,0.522,-0.224,0.146,0.722,0.869,0.869,0.727
8.15,0.351,0.791,0.439,-0.571,-0.044,0.615,-0.42,0.01,0.878,1.24,1.23,0.981
8.152,0.459,0.922,0.464,-0.688,-0.005,0.693,-0.59,-0.142,1.049,1.664,1.625,1.24
8.154,0.517,1.005,0.488,-0.761,0.015,0.747,-0.747,-0.317,1.2,2.098,2.006,1.498
8.156,0.561,1.113,0.551,-0.834,0.005,0.83,-0.917,-0.488,1.332,2.469,2.318,1.708
8.158,0.581,1.171,0.59,-0.874,-0.005,0.878,-1.039,-0.576,1.484,2.816,2.577,1.864
8.16,0.625,1.049,0.425,-0.834,0.098,0.737,-1.113,-0.556,1.635,3.094,2.723,1.884
8.162,0.625,0.844,0.22,-0.732,0.2,0.532,-1.147,-0.634,1.532,3.021,2.655,1.776
8.164,0.59,0.659,0.068,-0.625,0.259,0.361,-1.103,-0.742,1.283,2.762,2.45,1.606
8.166,0.508,0.527,0.02,-0.517,0.244,0.273,-1.035,-0.8,1.083,2.542,2.245,1.44
8.168,0.439,0.464,0.024,-0.449,0.205,0.244,-0.986,-0.878,0.834,2.284,2.006,1.283
8.17,0.371,0.346,-0.024,-0.356,0.195,0.161,-0.932,-1.078,0.376,1.806,1.708,1.118
8.172,0.307,0.181,-0.127,-0.244,0.215,0.024,-0.834,-1.244,-0.195,1.137,1.337,0.922
8.174,0.22,0.098,-0.122,-0.156,0.171,-0.015,-0.708,-1.318,-0.678,0.439,0.893,0.654
8.176,0.127,-0.01,-0.137,-0.059,0.132,-0.073,-0.561,-1.23,-0.874,-0.068,0.444,0.381
8.178,0.068,-0.078,-0.146,0.005,0.107,-0.112,-0.449,-1.113,-0.917,-0.381,0.117,0.176
8.18,0.044,-0.127,-0.171,0.044,0.107,-0.151,-0.381,-1.005,-0.903,-0.517,-0.112,0.029
8.182,0.02,-0.156,-0.176,0.068,0.098,-0.166,-0.351,-0.922,-0.859,-0.561,-0.249,-0.083
8.184,-0.01,-0.156,-0.146,0.083,0.068,-0.151,-0.312,-0.82,-0.776,-0.527,-0.293,-0.127
8.186,-0.01,-0.142,-0.132,0.078,0.059,-0.137,-0.268,-0.698,-0.664,-0.439,-0.249,-0.127
8.188,-0.02,-0.122,-0.102,0.073,0.039,-0.112,-0.215,-0.571,-0.556,-0.346,-0.205,-0.112
8.19,-0.034,-0.073,-0.039,0.054,0.0,-0.059,-0.19,-0.483,-0.478,-0.303,-0.181,-0.107
8.192,-0.024,-0.078,-0.054,0.054,0.015,-0.068,-0.146,-0.4,-0.41,-0.254,-0.151,-0.093
8.194,-0.024,-0.054,-0.029,0.039,0.0,-0.044,-0.107,-0.312,-0.342,-0.205,-0.122,-0.078
8.196,-0.044,-0.073,-0.029,0.059,-0.01,-0.054,-0.073,-0.239,-0.293,-0.181,-0.112,-0.078
8.198,-0.049,-0.088,-0.039,0.068,-0.005,-0.063,-0.039,-0.19,-0.244,-0.161,-0.102,-0.063
8.2,-0.049,-0.044,0.005,0.049,-0.029,-0.02,-0.02,-0.161,-0.215,-0.146,-0.102,-0.059
8.202,-0.044,0.005,0.049,0.02,-0.049,0.024,-0.024,-0.151,-0.215,-0.151,-0.117,-0.073
8.204,-0.049,0.02,0.068,0.015,-0.059,0.044,-0.015,-0.142,-0.205,-0.161,-0.122,-0.078
8.206,-0.034,0.005,0.039,0.015,-0.039,0.02,0.0,-0.127,-0.195,-0.171,-0.127,-0.073
8.208,-0.044,-0.024,0.02,0.034,-0.034,-0.005,0.02,-0.107,-0.19,-0.166,-0.122,-0.073
8.21,-0.054,-0.034,0.02,0.044,-0.039,-0.01,0.034,-0.083,-0.181,-0.161,-0.117,-0.073
8.212,-0.068,-0.024,0.044,0.049,-0.059,0.01,0.015,-0.093,-0.19,-0.181,-0.142,-0.098
8.214,-0.059,-0.039,0.02,0.049,-0.039,-0.01,0.015,-0.083,-0.195,-0.185,-0.146,-0.098
8.216,-0.049,-0.034,0.015,0.044,-0.034,-0.01,0.029,-0.059,-0.185,-0.181,-0.151,-0.102
8.218,-0.054,-0.044,0.01,0.049,-0.034,-0.02,0.039,-0.049,-0.171,-0.19,-0.146,-0.102
8.22,-0.059,-0.044,0.015,0.054,-0.039,-0.015,0.034,-0.049,-0.166,-0.195,-0.151,-0.102
8.222,-0.063,-0.044,0.02,0.054,-0.044,-0.015,0.049,-0.044,-0.156,-0.185,-0.146,-0.098
8.224,-0.063,-0.029,0.034,0.049,-0.049,0.0,0.039,-0.054,-0.156,-0.19,-0.161,-0.112
8.226,-0.044,-0.02,0.024,0.034,-0.034,0.0,0.044,-0.044,-0.142,-0.181,-0.156,-0.102
8.228,-0.044,-0.039,0.005,0.044,-0.024,-0.02,0.054,-0.039,-0.146,-0.166,-0.142,-0.093
8.23,-0.044,-0.039,0.005,0.044,-0.024,-0.02,0.059,-0.034,-0.142,-0.166,-0.137,-0.093
8.232,-0.054,-0.039,0.015,0.049,-0.034,-0.015,0.059,-0.029,-0.142,-0.181,-0.142,-0.098
8.234,-0.073,-0.078,-0.005,0.078,-0.034,-0.044,0.049,-0.034,-0.151,-0.185,-0.156,-0.107
8.236,-0.078,-0.044,0.034,0.063,-0.059,-0.005,0.049,-0.029,-0.156,-0.195,-0.166,-0.117
8.238,-0.073,0.0,0.073,0.039,-0.073,0.034,0.044,-0.029,-0.151,-0.2,-0.171,-0.117
8.24,-0.073,-0.059,0.015,0.068,-0.044,-0.024,0.068,-0.01,-0.127,-0.176,-0.151,-0.098
8.242,-0.068,-0.049,0.02,0.059,-0.044,-0.015,0.068,-0.01,-0.122,-0.171,-0.146,-0.098
8.244,-0.068,-0.039,0.029,0.054,-0.049,-0.005,0.063,-0.02,-0.127,-0.176,-0.151,-0.102
8.246,-0.049,-0.034,0.015,0.044,-0.034,-0.01,0.063,-0.015,-0.117,-0.171,-0.142,-0.088
8.248,-0.044,-0.024,0.02,0.034,-0.034,-0.005,0.068,-0.01,-0.112,-0.161,-0.132,-0.083
8.25,-0.063,-0.039,0.024,0.054,-0.044,-0.01,0.059,-0.01,-0.117,-0.166,-0.142,-0.102
8.252,-0.063,-0.039,0.024,0.054,-0.044,-0.01,0.059,-0.01,-0.117,-0.166,-0.146,-0.102
8.254,-0.059,-0.063,-0.005,0.063,-0.029,-0.034,0.068,0.01,-0.107,-0.151,-0.142,-0.093
8.256,-0.068,-0.063,0.005,0.068,-0.039,-0.029,0.068,0.01,-0.112,-0.156,-0.146,-0.107
8.258,-0.049,-0.039,0.01,0.044,-0.029,-0.015,0.063,0.01,-0.107,-0.161,-0.151,-0.102
8.26,-0.049,-0.024,0.024,0.039,-0.039,0.0,0.054,0.005,-0.107,-0.161,-0.151,-0.112
8.262,-0.049,-0.02,0.029,0.034,-0.039,0.005,0.049,-0.01,-0.117,-0.176,-0.161,-0.117
8.264,-0.054,-0.044,0.01,0.049,-0.034,-0.02,0.059,-0.005,-0.102,-0.161,-0.151,-0.107
8.266,-0.073,-0.059,0.015,0.068,-0.044,-0.024,0.059,-0.005,-0.098,-0.156,-0.146,-0.098
8.268,-0.059,-0.015,0.044,0.039,-0.054,0.015,0.059,-0.005,-0.107,-0.151,-0.137,-0.098
8.27,-0.054,-0.049,0.005,0.054,-0.029,-0.024,0.063,0.005,-0.098,-0.151,-0.137,-0.093
8.272,-0.068,-0.059,0.01,0.063,-0.039,-0.024,0.049,0.0,-0.112,-0.156,-0.146,-0.107
8.274,-0.063,-0.054,0.01,0.059,-0.039,-0.024,0.063,0.015,-0.102,-0.151,-0.142,-0.107
8.276,-0.059,-0.039,0.02,0.049,-0.039,-0.01,0.063,0.02,-0.102,-0.151,-0.142,-0.112
8.278,-0.054,-0.039,0.015,0.049,-0.034,-0.015,0.068,0.024,-0.088,-0.151,-0.142,-0.102
8.28,-0.049,-0.049,0.0,0.049,-0.024,-0.024,0.078,0.024,-0.078,-0.142,-0.132,-0.102
8.282,-0.059,-0.054,0.005,0.059,-0.034,-0.024,0.073,0.024,-0.083,-0.142,-0.132,-0.102
8.284,-0.054,-0.039,0.015,0.049,-0.034,-0.015,0.078,0.02,-0.078,-0.137,-0.127,-0.093
8.286,-0.034,-0.029,0.005,0.034,-0.02,-0.015,0.068,0.015,-0.073,-0.132,-0.127,-0.088
8.288,-0.049,-0.039,0.01,0.044,-0.029,-0.015,0.059,0.005,-0.088,-0.137,-0.137,-0.093
8.29,-0.068,-0.044,0.024,0.059,-0.049,-0.01,0.068,0.015,-0.083,-0.137,-0.122,-0.078
8.292,-0.063,-0.054,0.01,0.059,-0.039,-0.024,0.059,0.015,-0.088,-0.142,-0.122,-0.078
8.294,-0.039,-0.039,0.0,0.039,-0.02,-0.02,0.059,0.02,-0.083,-0.137,-0.122,-0.078
8.296,-0.029,-0.029,0.0,0.029,-0.015,-0.015,0.049,0.02,-0.093,-0.146,-0.132,-0.093
8.298,-0.039,-0.044,-0.005,0.044,-0.02,-0.024,0.049,0.024,-0.088,-0.151,-0.137,-0.093
8.3,-0.059,-0.044,0.015,0.054,-0.039,-0.015,0.039,0.024,-0.083,-0.146,-0.137,-0.107
8.302,-0.063,-0.049,0.015,0.059,-0.039,-0.02,0.049,0.024,-0.078,-0.137,-0.127,-0.102
8.304,-0.049,-0.034,0.015,0.044,-0.034,-0.01,0.044,0.02,-0.083,-0.137,-0.127,-0.098
8.306,-0.054,-0.039,0.015,0.049,-0.034,-0.015,0.059,0.029,-0.063,-0.127,-0.117,-0.083
8.308,-0.073,-0.049,0.024,0.063,-0.049,-0.015,0.063,0.039,-0.063,-0.112,-0.112,-0.083
8.31,-0.063,-0.044,0.02,0.054,-0.044,-0.015,0.049,0.029,-0.073,-0.127,-0.127,-0.088
8.312,-0.039,-0.034,0.005,0.039,-0.024,-0.015,0.044,0.039,-0.068,-0.122,-0.122,-0.088
8.314,-0.029,-0.059,-0.029,0.044,0.0,-0.044,0.049,0.049,-0.063,-0.112,-0.117,-0.078
8.316,-0.039,-0.044,-0.005,0.044,-0.02,-0.024,0.059,0.054,-0.068,-0.122,-0.117,-0.078
8.318,-0.054,-0.034,0.02,0.044,-0.039,-0.01,0.054,0.044,-0.068,-0.137,-0.132,-0.083
8.32,-0.054,-0.068,-0.015,0.063,-0.02,-0.044,0.059,0.054,-0.059,-0.127,-0.117,-0.078
8.322,-0.049,-0.063,-0.015,0.059,-0.02,-0.039,0.068,0.059,-0.049,-0.117,-0.112,-0.073
8.324,-0.049,-0.029,0.02,0.039,-0.034,-0.005,0.063,0.054,-0.049,-0.117,-0.117,-0.078
8.326,-0.039,-0.034,0.005,0.039,-0.024,-0.015,0.059,0.054,-0.049,-0.112,-0.112,-0.073
8.328,-0.059,-0.083,-0.024,0.073,-0.02,-0.054,0.068,0.063,-0.044,-0.102,-0.098,-0.068
8.33,-0.068,-0.083,-0.015,0.078,-0.029,-0.049,0.054,0.049,-0.054,-0.112,-0.117,-0.083
8.332,-0.059,-0.049,0.01,0.054,-0.034,-0.02,0.049,0.059,-0.049,-0.112,-0.112,-0.083
8.334,-0.029,-0.029,0.0,0.029,-0.015,-0.015,0.059,0.068,-0.044,-0.102,-0.102,-0.073
8.336,-0.034,-0.049,-0.015,0.044,-0.01,-0.034,0.054,0.068,-0.049,-0.112,-0.107,-0.083
8.338,-0.063,-0.088,-0.024,0.078,-0.02,-0.059,0.049,0.068,-0.054,-0.117,-0.122,-0.088
8.34,-0.068,-0.083,-0.015,0.078,-0.029,-0.049,0.044,0.068,-0.049,-0.117,-0.122,-0.093
8.342,-0.059,-0.054,0.005,0.059,-0.034,-0.024,0.049,0.068,-0.049,-0.112,-0.117,-0.093
8.344,-0.049,-0.059,-0.01,0.054,-0.02,-0.034,0.059,0.073,-0.034,-0.098,-0.107,-0.083
8.346,-0.054,-0.049,0.005,0.054,-0.029,-0.024,0.054,0.068,-0.034,-0.102,-0.107,-0.083
8.348,-0.044,-0.049,-0.005,0.049,-0.02,-0.029,0.054,0.068,-0.039,-0.093,-0.098,-0.083
8.35,-0.059,-0.088,-0.029,0.073,-0.015,-0.059,0.049,0.073,-0.034,-0.088,-0.098,-0.073
8.352,-0.039,-0.054,-0.015,0.049,-0.015,-0.034,0.044,0.073,-0.044,-0.098,-0.107,-0.083
8.354,-0.039,-0.063,-0.024,0.054,-0.01,-0.044,0.054,0.093,-0.034,-0.083,-0.093,-0.068
8.356,-0.044,-0.078,-0.034,0.063,-0.005,-0.059,0.054,0.093,-0.034,-0.088,-0.093,-0.073
8.358,-0.039,-0.068,-0.029,0.054,-0.005,-0.049,0.039,0.083,-0.039,-0.098,-0.112,-0.083
8.36,-0.024,-0.044,-0.02,0.034,-0.005,-0.034,0.039,0.088,-0.034,-0.093,-0.107,-0.088
8.362,-0.034,-0.063,-0.029,0.049,-0.005,-0.049,0.049,0.093,-0.024,-0.083,-0.098,-0.078
8.364,-0.039,-0.083,-0.044,0.063,0.0,-0.063,0.068,0.107,0.0,-0.063,-0.083,-0.063
8.366,-0.049,-0.112,-0.063,0.083,0.005,-0.088,0.073,0.117,0.015,-0.054,-0.073,-0.049
8.368,-0.039,-0.102,-0.063,0.073,0.01,-0.083,0.068,0.117,0.005,-0.049,-0.068,-0.059
8.37,-0.029,-0.088,-0.059,0.059,0.015,-0.073,0.059,0.112,0.0,-0.054,-0.068,-0.059
8.372,-0.049,-0.088,-0.039,0.068,-0.005,-0.063,0.049,0.102,-0.01,-0.059,-0.078,-0.068
8.374,-0.049,-0.029,0.02,0.039,-0.034,-0.005,0.029,0.093,-0.024,-0.073,-0.088,-0.083
8.376,-0.034,-0.024,0.01,0.029,-0.024,-0.01,0.02,0.093,-0.029,-0.078,-0.098,-0.098
8.378,-0.039,-0.044,-0.005,0.044,-0.02,-0.024,0.024,0.112,-0.015,-0.068,-0.088,-0.078
8.38,-0.039,-0.034,0.005,0.039,-0.024,-0.015,0.039,0.122,0.0,-0.054,-0.078,-0.063
8.382,-0.024,-0.029,-0.005,0.029,-0.01,-0.02,0.034,0.112,0.0,-0.059,-0.078,-0.068
8.384,-0.02,-0.024,-0.005,0.024,-0.01,-0.015,0.029,0.112,0.005,-0.044,-0.078,-0.068
8.386,-0.015,-0.01,0.005,0.015,-0.01,-0.005,0.034,0.117,0.02,-0.039,-0.073,-0.063
8.388,-0.02,-0.034,-0.015,0.029,-0.005,-0.024,0.039,0.132,0.024,-0.024,-0.054,-0.054
8.39,-0.02,-0.039,-0.02,0.029,0.0,-0.029,0.044,0.142,0.034,-0.015,-0.039,-0.044
8.392,-0.01,-0.034,-0.024,0.024,0.005,-0.029,0.039,0.142,0.034,-0.015,-0.044,-0.049
8.394,-0.01,-0.039,-0.029,0.024,0.01,-0.034,0.039,0.151,0.034,-0.01,-0.044,-0.049
8.396,-0.015,-0.039,-0.024,0.029,0.005,-0.034,0.034,0.161,0.034,-0.005,-0.039,-0.054
8.398,-0.024,-0.049,-0.024,0.039,0.0,-0.039,0.029,0.171,0.049,0.0,-0.029,-0.044
8.4,-0.029,-0.044,-0.015,0.039,-0.01,-0.029,0.029,0.166,0.049,-0.005,-0.034,-0.054
8.402,-0.005,-0.039,-0.034,0.024,0.015,-0.039,0.034,0.171,0.059,0.015,-0.024,-0.044
8.404,0.0,-0.029,-0.029,0.015,0.015,-0.029,0.034,0.176,0.068,0.029,-0.01,-0.034
8.406,0.005,-0.02,-0.024,0.01,0.015,-0.024,0.044,0.185,0.088,0.044,0.005,-0.015
8.408,-0.015,-0.02,-0.005,0.02,-0.005,-0.015,0.034,0.185,0.088,0.049,0.005,-0.02
8.41,-0.005,-0.054,-0.049,0.029,0.02,-0.054,0.034,0.2,0.093,0.059,0.015,-0.015
8.412,0.01,-0.034,-0.044,0.015,0.024,-0.039,0.034,0.205,0.098,0.063,0.024,-0.005
8.414,0.005,-0.034,-0.039,0.015,0.02,-0.039,0.039,0.21,0.102,0.068,0.034,-0.005
8.416,0.0,-0.029,-0.029,0.015,0.015,-0.029,0.024,0.21,0.102,0.068,0.034,-0.015
8.418,0.0,-0.039,-0.039,0.02,0.02,-0.039,0.02,0.224,0.112,0.083,0.034,-0.01
8.42,-0.005,-0.044,-0.039,0.024,0.015,-0.044,0.02,0.224,0.122,0.083,0.039,-0.01
8.422,0.0,-0.039,-0.039,0.02,0.02,-0.039,0.02,0.229,0.132,0.102,0.044,-0.005
8.424,0.005,-0.029,-0.034,0.015,0.02,-0.034,0.02,0.244,0.146,0.122,0.063,0.01
8.426,0.015,-0.029,-0.044,0.01,0.029,-0.039,0.02,0.244,0.156,0.132,0.073,0.024
8.428,0.034,-0.005,-0.039,-0.015,0.034,-0.024,0.015,0.249,0.156,0.146,0.088,0.029
8.43,0.054,0.005,-0.049,-0.029,0.049,-0.024,0.01,0.249,0.161,0.146,0.098,0.034
8.432,0.049,-0.01,-0.059,-0.02,0.054,-0.034,0.015,0.268,0.176,0.161,0.112,0.039
8.434,0.039,-0.005,-0.044,-0.015,0.039,-0.024,0.02,0.283,0.19,0.181,0.127,0.054
8.436,0.049,0.005,-0.044,-0.024,0.044,-0.02,0.02,0.288,0.195,0.195,0.137,0.059
8.438,0.054,0.0,-0.054,-0.024,0.054,-0.029,0.02,0.303,0.215,0.21,0.146,0.063
8.44,0.049,0.005,-0.044,-0.024,0.044,-0.02,0.02,0.307,0.22,0.224,0.156,0.068
8.442,0.054,0.005,-0.049,-0.029,0.049,-0.024,0.015,0.303,0.234,0.244,0.166,0.073
8.444,0.039,0.005,-0.034,-0.02,0.034,-0.015,0.01,0.303,0.244,0.259,0.176,0.078
8.446,0.029,-0.005,-0.034,-0.01,0.029,-0.02,0.0,0.307,0.254,0.273,0.19,0.093
8.448,0.054,0.015,-0.039,-0.034,0.044,-0.015,0.0,0.322,0.264,0.293,0.215,0.098
8.45,0.083,0.034,-0.049,-0.059,0.063,-0.01,0.0,0.322,0.273,0.317,0.234,0.112
8.452,0.083,0.029,-0.054,-0.054,0.068,-0.015,-0.01,0.327,0.283,0.327,0.239,0.112
8.454,0.083,0.024,-0.059,-0.054,0.068,-0.02,-0.01,0.342,0.298,0.346,0.259,0.127
8.456,0.088,0.029,-0.059,-0.059,0.073,-0.015,-0.01,0.356,0.307,0.366,0.273,0.137
8.458,0.098,0.039,-0.059,-0.068,0.078,-0.01,-0.029,0.356,0.312,0.376,0.283,0.137
8.46,0.093,0.049,-0.044,-0.068,0.068,0.0,-0.02,0.361,0.342,0.39,0.303,0.161
8.462,0.093,0.044,-0.049,-0.068,0.068,-0.005,-0.024,0.361,0.351,0.41,0.317,0.161
8.464,0.102,0.034,-0.068,-0.068,0.083,-0.02,-0.034,0.361,0.351,0.425,0.322,0.161
8.466,0.117,0.044,-0.073,-0.078,0.093,-0.015,-0.034,0.371,0.376,0.444,0.356,0.185
8.468,0.107,0.073,-0.034,-0.088,0.068,0.02,-0.039,0.366,0.376,0.468,0.361,0.19
8.47,0.117,0.059,-0.059,-0.088,0.088,0.0,-0.044,0.376,0.386,0.488,0.386,0.205
8.472,0.127,0.049,-0.078,-0.088,0.102,-0.015,-0.049,0.381,0.395,0.498,0.4,0.21
8.474,0.132,0.054,-0.078,-0.093,0.102,-0.015,-0.054,0.386,0.405,0.512,0.41,0.224
8.476,0.156,0.073,-0.083,-0.112,0.117,-0.005,-0.054,0.395,0.41,0.522,0.415,0.229
8.478,0.132,0.068,-0.063,-0.098,0.098,0.0,-0.063,0.386,0.41,0.527,0.425,0.229
8.48,0.137,0.063,-0.073,-0.098,0.102,-0.005,-0.059,0.395,0.434,0.547,0.439,0.244
8.482,0.151,0.059,-0.093,-0.102,0.122,-0.02,-0.059,0.395,0.439,0.566,0.449,0.249
8.484,0.146,0.059,-0.088,-0.102,0.117,-0.015,-0.063,0.39,0.444,0.576,0.459,0.259
8.486,0.146,0.078,-0.068,-0.112,0.107,0.005,-0.063,0.39,0.459,0.581,0.478,0.278
8.488,0.137,0.078,-0.059,-0.107,0.098,0.01,-0.073,0.381,0.444,0.586,0.483,0.278
8.49,0.161,0.093,-0.068,-0.127,0.112,0.01,-0.093,0.361,0.429,0.576,0.483,0.273
8.492,0.171,0.083,-0.088,-0.127,0.127,-0.005,-0.098,0.366,0.429,0.59,0.488,0.278
8.494,0.156,0.073,-0.083,-0.112,0.117,-0.005,-0.093,0.366,0.434,0.59,0.503,0.288
8.496,0.161,0.088,-0.073,-0.122,0.117,0.005,-0.093,0.371,0.434,0.595,0.503,0.283
8.498,0.176,0.088,-0.088,-0.132,0.132,0.0,-0.093,0.371,0.444,0.6,0.512,0.298
8.5,0.161,0.073,-0.088,-0.117,0.122,-0.01,-0.093,0.366,0.449,0.61,0.522,0.298
8.502,0.166,0.093,-0.073,-0.127,0.117,0.01,-0.093,0.371,0.459,0.62,0.527,0.307
8.504,0.181,0.107,-0.073,-0.142,0.127,0.015,-0.098,0.361,0.454,0.625,0.532,0.307
8.506,0.185,0.102,-0.083,-0.142,0.132,0.01,-0.098,0.351,0.454,0.62,0.537,0.317
8.508,0.181,0.093,-0.088,-0.137,0.132,0.0,-0.088,0.356,0.464,0.634,0.551,0.322
8.51,0.171,0.102,-0.068,-0.137,0.117,0.015,-0.102,0.342,0.444,0.62,0.542,0.317
8.512,0.176,0.102,-0.073,-0.137,0.122,0.015,-0.107,0.332,0.429,0.61,0.527,0.307
8.514,0.166,0.088,-0.078,-0.127,0.122,0.005,-0.098,0.337,0.434,0.61,0.532,0.307
8.516,0.166,0.093,-0.073,-0.127,0.117,0.01,-0.102,0.327,0.42,0.6,0.517,0.303
8.518,0.185,0.088,-0.098,-0.137,0.142,-0.005,-0.107,0.322,0.42,0.59,0.512,0.303
8.52,0.166,0.078,-0.088,-0.122,0.127,-0.005,-0.102,0.312,0.42,0.581,0.498,0.293
8.522,0.156,0.083,-0.073,-0.117,0.112,0.005,-0.098,0.307,0.41,0.571,0.488,0.298
8.524,0.171,0.112,-0.059,-0.142,0.112,0.024,-0.112,0.288,0.395,0.556,0.473,0.288
8.526,0.166,0.122,-0.044,-0.142,0.102,0.039,-0.107,0.278,0.39,0.542,0.464,0.293
8.528,0.146,0.063,-0.083,-0.102,0.112,-0.01,-0.088,0.283,0.386,0.537,0.473,0.303
8.53,0.122,0.059,-0.063,-0.088,0.093,-0.005,-0.098,0.264,0.366,0.517,0.454,0.283
8.532,0.137,0.063,-0.073,-0.098,0.102,-0.005,-0.093,0.259,0.356,0.498,0.444,0.283
8.534,0.161,0.093,-0.068,-0.127,0.112,0.01,-0.088,0.254,0.351,0.488,0.434,0.283
8.536,0.161,0.093,-0.068,-0.127,0.112,0.01,-0.088,0.244,0.327,0.468,0.415,0.268
8.538,0.146,0.068,-0.078,-0.107,0.112,-0.005,-0.088,0.229,0.312,0.444,0.395,0.254
8.54,0.146,0.098,-0.049,-0.122,0.098,0.024,-0.088,0.21,0.303,0.425,0.376,0.234
8.542,0.122,0.083,-0.039,-0.102,0.078,0.02,-0.083,0.2,0.288,0.405,0.361,0.229
8.544,0.122,0.063,-0.059,-0.093,0.088,0.0,-0.068,0.2,0.288,0.395,0.351,0.229
8.546,0.137,0.063,-0.073,-0.098,0.102,-0.005,-0.063,0.19,0.273,0.386,0.337,0.224
8.548,0.117,0.068,-0.049,-0.093,0.083,0.01,-0.068,0.166,0.249,0.361,0.322,0.21
8.55,0.093,0.059,-0.034,-0.073,0.063,0.01,-0.078,0.151,0.229,0.337,0.298,0.19
8.552,0.098,0.063,-0.034,-0.078,0.063,0.015,-0.068,0.146,0.215,0.312,0.278,0.185
8.554,0.117,0.068,-0.049,-0.093,0.083,0.01,-0.059,0.142,0.2,0.298,0.264,0.181
8.556,0.102,0.059,-0.044,-0.078,0.073,0.005,-0.063,0.127,0.176,0.273,0.244,0.156
8.558,0.083,0.049,-0.034,-0.063,0.059,0.005,-0.059,0.117,0.166,0.254,0.229,0.156
8.56,0.078,0.049,-0.029,-0.063,0.054,0.01,-0.054,0.102,0.161,0.234,0.21,0.142
8.562,0.073,0.044,-0.029,-0.059,0.049,0.005,-0.049,0.098,0.151,0.215,0.195,0.132
8.564,0.068,0.039,-0.029,-0.054,0.049,0.005,-0.054,0.078,0.127,0.195,0.176,0.117
8.566,0.063,0.039,-0.024,-0.049,0.044,0.005,-0.049,0.073,0.122,0.185,0.166,0.112
8.568,0.068,0.039,-0.029,-0.054,0.049,0.005,-0.044,0.063,0.102,0.171,0.156,0.102
8.57,0.059,0.034,-0.024,-0.044,0.039,0.005,-0.044,0.068,0.098,0.161,0.146,0.093
8.572,0.059,0.034,-0.024,-0.044,0.039,0.005,-0.034,0.068,0.093,0.146,0.132,0.093
8.574,0.059,0.029,-0.029,-0.044,0.044,0.0,-0.029,0.063,0.078,0.127,0.122,0.083
8.576,0.049,0.034,-0.015,-0.039,0.029,0.01,-0.029,0.044,0.059,0.107,0.098,0.068
8.578,0.039,0.02,-0.02,-0.029,0.029,0.0,-0.029,0.034,0.044,0.088,0.083,0.063
8.58,0.034,0.015,-0.02,-0.024,0.024,-0.005,-0.02,0.029,0.039,0.073,0.073,0.054
8.582,0.024,0.015,-0.01,-0.02,0.015,0.0,-0.015,0.029,0.039,0.068,0.068,0.059
8.584,0.02,0.015,-0.005,-0.015,0.01,0.005,-0.015,0.01,0.024,0.054,0.054,0.044
8.586,0.01,-0.005,-0.015,0.0,0.01,-0.01,-0.02,0.0,0.005,0.034,0.039,0.034
8.588,0.024,0.01,-0.015,-0.015,0.02,-0.005,-0.015,-0.005,-0.01,0.024,0.029,0.029
8.59,0.029,0.01,-0.02,-0.02,0.024,-0.005,-0.015,-0.005,-0.015,0.015,0.024,0.024
8.592,0.015,0.0,-0.015,-0.005,0.015,-0.01,-0.005,-0.005,-0.015,0.005,0.015,0.024
8.594,0.024,0.0,-0.024,-0.01,0.024,-0.015,0.0,0.0,-0.024,-0.01,0.005,0.015
8.596,0.015,0.005,-0.01,-0.01,0.01,-0.005,0.0,0.0,-0.034,-0.02,-0.005,0.005
8.598,0.015,0.0,-0.015,-0.005,0.015,-0.01,0.0,-0.005,-0.034,-0.029,-0.02,0.0
8.6,0.01,-0.02,-0.029,0.005,0.02,-0.024,0.015,0.0,-0.029,-0.034,-0.024,-0.005
8.602,0.029,0.0,-0.029,-0.015,0.029,-0.015,0.015,-0.005,-0.034,-0.044,-0.029,-0.015
8.604,0.039,0.024,-0.015,-0.029,0.024,0.005,0.024,0.0,-0.029,-0.039,-0.024,-0.01
8.606,0.0,-0.01,-0.01,0.005,0.005,-0.01,0.029,-0.005,-0.034,-0.049,-0.039,-0.02
8.608,-0.02,-0.029,-0.01,0.024,-0.005,-0.02,0.029,-0.01,-0.049,-0.059,-0.049,-0.029
8.61,-0.015,-0.015,0.0,0.015,-0.01,-0.01,0.02,-0.015,-0.059,-0.068,-0.059,-0.044
8.612,-0.02,-0.029,-0.01,0.024,-0.005,-0.02,0.029,-0.015,-0.059,-0.083,-0.063,-0.039
8.614,-0.015,-0.02,-0.005,0.02,-0.005,-0.015,0.044,0.005,-0.054,-0.078,-0.063,-0.039
8.616,-0.029,-0.034,-0.005,0.034,-0.015,-0.02,0.039,0.005,-0.059,-0.083,-0.073,-0.044
8.618,-0.039,-0.029,0.01,0.034,-0.024,-0.01,0.024,-0.01,-0.068,-0.102,-0.088,-0.054
8.62,-0.015,-0.024,-0.01,0.02,-0.005,-0.02,0.039,-0.005,-0.059,-0.102,-0.088,-0.049
8.622,-0.02,-0.039,-0.02,0.029,0.0,-0.029,0.034,-0.005,-0.068,-0.112,-0.093,-0.054
8.624,-0.005,-0.024,-0.02,0.015,0.005,-0.024,0.039,-0.01,-0.068,-0.122,-0.098,-0.054
8.626,0.0,-0.02,-0.02,0.01,0.01,-0.02,0.049,0.0,-0.059,-0.112,-0.088,-0.039
8.628,-0.015,-0.02,-0.005,0.02,-0.005,-0.015,0.049,0.0,-0.068,-0.112,-0.093,-0.049
8.63,-0.015,-0.015,0.0,0.015,-0.01,-0.01,0.049,0.005,-0.063,-0.117,-0.098,-0.054
8.632,-0.024,-0.054,-0.029,0.039,0.0,-0.044,0.044,0.0,-0.078,-0.137,-0.107,-0.059
8.634,-0.02,-0.044,-0.024,0.034,0.0,-0.034,0.044,0.005,-0.083,-0.137,-0.107,-0.054
8.636,-0.02,-0.029,-0.01,0.024,-0.005,-0.02,0.044,0.015,-0.083,-0.132,-0.102,-0.059
8.638,-0.01,-0.034,-0.024,0.024,0.005,-0.029,0.039,0.015,-0.073,-0.142,-0.117,-0.068
8.64,0.005,-0.024,-0.029,0.01,0.015,-0.029,0.049,0.02,-0.073,-0.146,-0.117,-0.073
8.642,-0.015,-0.029,-0.015,0.024,0.0,-0.024,0.054,0.029,-0.063,-0.137,-0.107,-0.068
8.644,-0.034,-0.044,-0.01,0.039,-0.015,-0.029,0.049,0.02,-0.068,-0.142,-0.117,-0.078
8.646,-0.039,-0.039,0.0,0.039,-0.02,-0.02,0.059,0.024,-0.059,-0.132,-0.117,-0.073
8.648,-0.034,-0.039,-0.005,0.039,-0.015,-0.024,0.063,0.034,-0.059,-0.127,-0.107,-0.073
8.65,-0.01,-0.039,-0.029,0.024,0.01,-0.034,0.063,0.044,-0.049,-0.122,-0.102,-0.063
8.652,-0.005,-0.039,-0.034,0.024,0.015,-0.039,0.073,0.054,-0.044,-0.117,-0.102,-0.059
8.654,-0.02,-0.034,-0.015,0.029,-0.005,-0.024,0.063,0.049,-0.049,-0.122,-0.107,-0.073
8.656,-0.02,-0.044,-0.024,0.034,0.0,-0.034,0.063,0.049,-0.044,-0.127,-0.112,-0.073
8.658,-0.02,-0.059,-0.039,0.039,0.01,-0.049,0.063,0.054,-0.039,-0.122,-0.112,-0.073
8.66,-0.015,-0.039,-0.024,0.029,0.005,-0.034,0.068,0.059,-0.029,-0.117,-0.107,-0.063
8.662,-0.015,-0.029,-0.015,0.024,0.0,-0.024,0.063,0.063,-0.02,-0.102,-0.102,-0.063
8.664,-0.024,-0.039,-0.015,0.034,-0.005,-0.029,0.068,0.059,-0.024,-0.102,-0.102,-0.073
8.666,-0.015,-0.034,-0.02,0.024,0.0,-0.029,0.063,0.063,-0.015,-0.098,-0.098,-0.068
8.668,-0.005,-0.034,-0.029,0.02,0.01,-0.034,0.078,0.078,-0.005,-0.078,-0.083,-0.059
8.67,-0.015,-0.034,-0.02,0.024,0.0,-0.029,0.068,0.073,-0.01,-0.078,-0.083,-0.063
8.672,-0.01,-0.034,-0.024,0.024,0.005,-0.029,0.073,0.083,-0.005,-0.068,-0.078,-0.059
8.674,-0.02,-0.054,-0.034,0.039,0.005,-0.044,0.068,0.093,0.0,-0.068,-0.073,-0.063
8.676,-0.02,-0.049,-0.029,0.034,0.005,-0.039,0.073,0.088,0.0,-0.073,-0.083,-0.059
8.678,-0.02,-0.034,-0.015,0.029,-0.005,-0.024,0.068,0.088,0.005,-0.073,-0.088,-0.063
8.68,-0.029,-0.059,-0.029,0.044,0.0,-0.044,0.073,0.088,0.005,-0.068,-0.083,-0.063
8.682,0.0,-0.049,-0.049,0.024,0.024,-0.049,0.063,0.088,0.01,-0.063,-0.083,-0.059
8.684,0.01,-0.034,-0.044,0.015,0.024,-0.039,0.068,0.088,0.02,-0.054,-0.073,-0.049
8.686,0.0,-0.039,-0.039,0.02,0.02,-0.039,0.073,0.093,0.024,-0.049,-0.063,-0.039
8.688,-0.01,-0.034,-0.024,0.024,0.005,-0.029,0.078,0.098,0.029,-0.039,-0.054,-0.034
8.69,-0.015,-0.039,-0.024,0.029,0.005,-0.034,0.068,0.088,0.02,-0.044,-0.063,-0.044
8.692,0.0,-0.044,-0.044,0.024,0.02,-0.044,0.063,0.083,0.02,-0.044,-0.059,-0.044
8.694,-0.01,-0.054,-0.044,0.034,0.015,-0.049,0.068,0.083,0.02,-0.044,-0.059,-0.044
8.696,-0.02,-0.054,-0.034,0.039,0.005,-0.044,0.063,0.083,0.015,-0.044,-0.063,-0.054
8.698,-0.034,-0.068,-0.034,0.054,0.0,-0.054,0.063,0.073,0.015,-0.044,-0.068,-0.054
8.7,-0.034,-0.073,-0.039,0.054,0.0,-0.059,0.063,0.073,0.02,-0.049,-0.063,-0.049
8.702,-0.02,-0.063,-0.044,0.044,0.01,-0.054,0.063,0.078,0.02,-0.034,-0.054,-0.049
8.704,-0.005,-0.039,-0.034,0.024,0.015,-0.039,0.063,0.078,0.024,-0.034,-0.049,-0.044
8.706,0.015,-0.015,-0.029,0.0,0.02,-0.024,0.068,0.083,0.024,-0.029,-0.049,-0.039
8.708,0.02,-0.02,-0.039,0.0,0.029,-0.029,0.068,0.083,0.024,-0.024,-0.044,-0.034
8.71,0.005,-0.029,-0.034,0.015,0.02,-0.034,0.063,0.078,0.024,-0.029,-0.049,-0.044
8.712,-0.01,-0.054,-0.044,0.034,0.015,-0.049,0.068,0.068,0.015,-0.034,-0.049,-0.044
8.714,0.0,-0.049,-0.049,0.024,0.024,-0.049,0.073,0.073,0.015,-0.029,-0.044,-0.039
8.716,0.0,-0.049,-0.049,0.024,0.024,-0.049,0.063,0.068,0.01,-0.039,-0.054,-0.044
8.718,-0.02,-0.054,-0.034,0.039,0.005,-0.044,0.063,0.063,0.0,-0.044,-0.063,-0.054
8.72,-0.024,-0.054,-0.029,0.039,0.0,-0.044,0.059,0.054,0.0,-0.044,-0.063,-0.054
8.722,-0.02,-0.068,-0.049,0.044,0.015,-0.059,0.063,0.054,0.005,-0.034,-0.063,-0.049
8.724,-0.015,-0.063,-0.049,0.039,0.015,-0.059,0.054,0.044,0.0,-0.044,-0.063,-0.054
8.726,-0.005,-0.044,-0.039,0.024,0.015,-0.044,0.063,0.049,0.005,-0.044,-0.063,-0.044
8.728,-0.015,-0.054,-0.039,0.034,0.01,-0.049,0.059,0.039,0.0,-0.039,-0.063,-0.044
8.73,-0.01,-0.049,-0.039,0.029,0.015,-0.044,0.063,0.044,0.0,-0.044,-0.063,-0.044
8.732,-0.015,-0.059,-0.044,0.039,0.015,-0.054,0.059,0.039,-0.005,-0.049,-0.063,-0.039
8.734,-0.01,-0.059,-0.049,0.034,0.02,-0.054,0.049,0.029,-0.024,-0.068,-0.068,-0.054
8.736,0.01,-0.034,-0.044,0.015,0.024,-0.039,0.059,0.034,-0.015,-0.059,-0.063,-0.044
8.738,0.005,-0.039,-0.044,0.02,0.024,-0.044,0.059,0.034,-0.015,-0.059,-0.073,-0.044
8.74,0.0,-0.054,-0.054,0.029,0.024,-0.054,0.059,0.024,-0.02,-0.063,-0.073,-0.044
8.742,0.015,-0.034,-0.049,0.01,0.029,-0.044,0.059,0.02,-0.02,-0.063,-0.068,-0.044
8.744,-0.005,-0.049,-0.044,0.029,0.02,-0.049,0.059,0.015,-0.024,-0.073,-0.068,-0.049
8.746,-0.01,-0.049,-0.039,0.029,0.015,-0.044,0.059,0.01,-0.024,-0.068,-0.068,-0.044
8.748,-0.005,-0.044,-0.039,0.024,0.015,-0.044,0.059,0.015,-0.024,-0.059,-0.063,-0.034
8.75,-0.005,-0.049,-0.044,0.029,0.02,-0.049,0.054,0.01,-0.029,-0.068,-0.068,-0.049
8.752,0.01,-0.044,-0.054,0.02,0.029,-0.049,0.054,0.015,-0.024,-0.068,-0.063,-0.039
8.754,0.01,-0.059,-0.068,0.024,0.039,-0.063,0.059,0.01,-0.034,-0.073,-0.073,-0.049
8.756,0.005,-0.054,-0.059,0.024,0.029,-0.059,0.054,0.005,-0.039,-0.073,-0.078,-0.049
8.758,-0.005,-0.044,-0.039,0.024,0.015,-0.044,0.063,0.01,-0.029,-0.073,-0.073,-0.049
8.76,-0.01,-0.049,-0.039,0.029,0.015,-0.044,0.063,0.01,-0.034,-0.073,-0.073,-0.044
8.762,-0.02,-0.054,-0.034,0.039,0.005,-0.044,0.068,0.005,-0.029,-0.068,-0.073,-0.044
8.764,-0.02,-0.063,-0.044,0.044,0.01,-0.054,0.054,-0.005,-0.039,-0.078,-0.078,-0.054
8.766,-0.01,-0.059,-0.049,0.034,0.02,-0.054,0.054,-0.015,-0.049,-0.093,-0.083,-0.059
8.768,0.0,-0.054,-0.054,0.029,0.024,-0.054,0.054,-0.015,-0.049,-0.083,-0.073,-0.044
8.77,0.0,-0.049,-0.049,0.024,0.024,-0.049,0.059,-0.015,-0.049,-0.088,-0.073,-0.044
8.772,-0.01,-0.054,-0.044,0.034,0.015,-0.049,0.054,-0.015,-0.054,-0.088,-0.073,-0.044
8.774,-0.005,-0.059,-0.054,0.034,0.024,-0.059,0.059,-0.01,-0.054,-0.088,-0.068,-0.044
8.776,-0.015,-0.059,-0.044,0.039,0.015,-0.054,0.049,-0.015,-0.063,-0.093,-0.078,-0.049
8.778,-0.02,-0.063,-0.044,0.044,0.01,-0.054,0.059,-0.01,-0.054,-0.093,-0.083,-0.049
8.78,-0.029,-0.093,-0.063,0.063,0.015,-0.078,0.054,-0.01,-0.059,-0.088,-0.078,-0.049
8.782,0.005,-0.059,-0.063,0.029,0.034,-0.063,0.049,-0.02,-0.059,-0.093,-0.083,-0.054
8.784,0.005,-0.044,-0.049,0.02,0.024,-0.049,0.059,-0.024,-0.059,-0.088,-0.083,-0.049
8.786,-0.02,-0.063,-0.044,0.044,0.01,-0.054,0.059,-0.024,-0.059,-0.088,-0.088,-0.049
8.788,-0.029,-0.073,-0.044,0.054,0.005,-0.059,0.054,-0.02,-0.063,-0.088,-0.083,-0.049
8.79,-0.024,-0.059,-0.034,0.044,0.005,-0.049,0.054,-0.029,-0.068,-0.098,-0.088,-0.049
8.792,-0.02,-0.078,-0.059,0.049,0.02,-0.068,0.049,-0.034,-0.078,-0.107,-0.088,-0.049
8.794,-0.029,-0.093,-0.063,0.063,0.015,-0.078,0.049,-0.024,-0.073,-0.098,-0.083,-0.049
8.796,-0.015,-0.083,-0.068,0.049,0.024,-0.078,0.049,-0.024,-0.073,-0.107,-0.088,-0.049
8.798,-0.015,-0.068,-0.054,0.044,0.02,-0.063,0.049,-0.029,-0.068,-0.112,-0.093,-0.054
8.8,-0.02,-0.073,-0.054,0.049,0.015,-0.063,0.063,-0.02,-0.063,-0.098,-0.083,-0.044
8.802,-0.015,-0.078,-0.063,0.049,0.024,-0.073,0.054,-0.024,-0.063,-0.102,-0.088,-0.054
8.804,-0.015,-0.073,-0.059,0.044,0.02,-0.068,0.059,-0.024,-0.059,-0.098,-0.083,-0.049
8.806,-0.024,-0.063,-0.039,0.044,0.005,-0.054,0.063,-0.024,-0.063,-0.098,-0.088,-0.049
8.808,-0.039,-0.088,-0.049,0.063,0.005,-0.068,0.063,-0.024,-0.063,-0.098,-0.083,-0.049
8.81,-0.039,-0.083,-0.044,0.063,0.0,-0.063,0.054,-0.039,-0.073,-0.107,-0.093,-0.059
8.812,-0.024,-0.083,-0.059,0.054,0.015,-0.073,0.059,-0.029,-0.078,-0.098,-0.088,-0.059
8.814,-0.02,-0.068,-0.049,0.044,0.015,-0.059,0.063,-0.029,-0.078,-0.102,-0.088,-0.054
8.816,-0.005,-0.059,-0.054,0.034,0.024,-0.059,0.059,-0.029,-0.073,-0.102,-0.088,-0.054
8.818,0.005,-0.044,-0.049,0.02,0.024,-0.049,0.054,-0.029,-0.073,-0.112,-0.093,-0.054
8.82,-0.005,-0.059,-0.054,0.034,0.024,-0.059,0.073,-0.015,-0.059,-0.093,-0.078,-0.044
8.822,-0.02,-0.068,-0.049,0.044,0.015,-0.059,0.063,-0.024,-0.063,-0.102,-0.083,-0.054
8.824,-0.015,-0.068,-0.054,0.044,0.02,-0.063,0.059,-0.029,-0.068,-0.102,-0.088,-0.063
8.826,0.005,-0.054,-0.059,0.024,0.029,-0.059,0.068,-0.024,-0.059,-0.093,-0.083,-0.054
8.828,0.005,-0.059,-0.063,0.029,0.034,-0.063,0.068,-0.024,-0.059,-0.088,-0.083,-0.054
8.83,-0.005,-0.049,-0.044,0.029,0.02,-0.049,0.054,-0.029,-0.068,-0.102,-0.093,-0.063
8.832,-0.02,-0.063,-0.044,0.044,0.01,-0.054,0.054,-0.034,-0.073,-0.102,-0.098,-0.063
8.834,-0.01,-0.073,-0.063,0.044,0.024,-0.068,0.059,-0.029,-0.068,-0.098,-0.093,-0.059
8.836,-0.005,-0.063,-0.059,0.034,0.024,-0.063,0.049,-0.034,-0.068,-0.098,-0.098,-0.054
8.838,-0.029,-0.068,-0.039,0.049,0.005,-0.054,0.049,-0.039,-0.073,-0.112,-0.102,-0.059
8.84,-0.02,-0.073,-0.054,0.049,0.015,-0.063,0.054,-0.039,-0.078,-0.112,-0.098,-0.049
8.842,-0.005,-0.059,-0.054,0.034,0.024,-0.059,0.059,-0.039,-0.078,-0.107,-0.088,-0.044
8.844,-0.01,-0.073,-0.063,0.044,0.024,-0.068,0.049,-0.044,-0.078,-0.122,-0.098,-0.054
8.846,-0.015,-0.068,-0.054,0.044,0.02,-0.063,0.059,-0.034,-0.073,-0.112,-0.093,-0.049
8.848,-0.01,-0.063,-0.054,0.039,0.02,-0.059,0.063,-0.024,-0.068,-0.098,-0.083,-0.039
8.85,-0.01,-0.059,-0.049,0.034,0.02,-0.054,0.059,-0.029,-0.073,-0.107,-0.093,-0.054
8.852,-0.01,-0.059,-0.049,0.034,0.02,-0.054,0.063,-0.034,-0.078,-0.102,-0.093,-0.054
8.854,-0.029,-0.073,-0.044,0.054,0.005,-0.059,0.059,-0.039,-0.083,-0.112,-0.098,-0.059
8.856,-0.034,-0.068,-0.034,0.054,0.0,-0.054,0.054,-0.034,-0.083,-0.107,-0.098,-0.059
8.858,-0.024,-0.073,-0.049,0.049,0.01,-0.063,0.049,-0.039,-0.083,-0.117,-0.102,-0.063
8.86,-0.034,-0.112,-0.078,0.073,0.02,-0.098,0.044,-0.049,-0.093,-0.122,-0.102,-0.068
8.862,-0.024,-0.083,-0.059,0.054,0.015,-0.073,0.049,-0.049,-0.088,-0.117,-0.098,-0.063
8.864,-0.01,-0.068,-0.059,0.039,0.024,-0.063,0.054,-0.039,-0.078,-0.107,-0.093,-0.054
8.866,-0.015,-0.068,-0.054,0.044,0.02,-0.063,0.063,-0.034,-0.073,-0.107,-0.088,-0.054
8.868,-0.015,-0.083,-0.068,0.049,0.024,-0.078,0.063,-0.034,-0.068,-0.098,-0.088,-0.049
8.87,-0.02,-0.078,-0.059,0.049,0.02,-0.068,0.063,-0.034,-0.068,-0.102,-0.093,-0.049
8.872,-0.02,-0.078,-0.059,0.049,0.02,-0.068,0.063,-0.029,-0.073,-0.102,-0.093,-0.049
8.874,-0.01,-0.063,-0.054,0.039,0.02,-0.059,0.063,-0.029,-0.078,-0.102,-0.093,-0.049
8.876,-0.015,-0.063,-0.049,0.039,0.015,-0.059,0.054,-0.034,-0.083,-0.107,-0.098,-0.059
8.878,-0.02,-0.073,-0.054,0.049,0.015,-0.063,0.054,-0.034,-0.078,-0.117,-0.098,-0.063
8.88,-0.02,-0.078,-0.059,0.049,0.02,-0.068,0.059,-0.024,-0.078,-0.112,-0.098,-0.059
8.882,-0.029,-0.083,-0.054,0.059,0.01,-0.068,0.049,-0.039,-0.083,-0.112,-0.098,-0.063
8.884,-0.029,-0.083,-0.054,0.059,0.01,-0.068,0.049,-0.039,-0.078,-0.117,-0.098,-0.059
8.886,-0.029,-0.078,-0.049,0.054,0.01,-0.063,0.059,-0.039,-0.078,-0.117,-0.098,-0.063
8.888,-0.024,-0.073,-0.049,0.049,0.01,-0.063,0.063,-0.034,-0.073,-0.107,-0.088,-0.049
8.89,-0.015,-0.078,-0.063,0.049,0.024,-0.073,0.068,-0.029,-0.068,-0.107,-0.088,-0.054
8.892,-0.015,-0.088,-0.073,0.054,0.029,-0.083,0.063,-0.029,-0.073,-0.112,-0.088,-0.054
8.894,-0.029,-0.073,-0.044,0.054,0.005,-0.059,0.054,-0.034,-0.083,-0.122,-0.098,-0.068
8.896,-0.02,-0.073,-0.054,0.049,0.015,-0.063,0.059,-0.029,-0.078,-0.117,-0.102,-0.068
8.898,-0.024,-0.068,-0.044,0.049,0.01,-0.059,0.059,-0.029,-0.073,-0.112,-0.098,-0.068
8.9,-0.015,-0.068,-0.054,0.044,0.02,-0.063,0.068,-0.015,-0.063,-0.102,-0.088,-0.054
8.902,-0.034,-0.088,-0.054,0.063,0.01,-0.073,0.068,-0.024,-0.063,-0.112,-0.098,-0.063
8.904,-0.029,-0.083,-0.054,0.059,0.01,-0.068,0.063,-0.034,-0.068,-0.122,-0.107,-0.063
8.906,-0.01,-0.059,-0.049,0.034,0.02,-0.054,0.068,-0.029,-0.063,-0.112,-0.093,-0.054
8.908,0.005,-0.059,-0.063,0.029,0.034,-0.063,0.059,-0.024,-0.073,-0.112,-0.093,-0.049
8.91,-0.005,-0.068,-0.063,0.039,0.029,-0.068,0.059,-0.039,-0.073,-0.117,-0.093,-0.054
8.912,-0.02,-0.073,-0.054,0.049,0.015,-0.063,0.054,-0.034,-0.073,-0.122,-0.093,-0.054
8.914,-0.024,-0.078,-0.054,0.054,0.015,-0.068,0.049,-0.029,-0.078,-0.122,-0.088,-0.054
8.916,-0.02,-0.073,-0.054,0.049,0.015,-0.063,0.049,-0.029,-0.078,-0.122,-0.098,-0.063
8.918,-0.01,-0.063,-0.054,0.039,0.02,-0.059,0.054,-0.024,-0.073,-0.122,-0.098,-0.059
8.92,-0.005,-0.068,-0.063,0.039,0.029,-0.068,0.054,-0.029,-0.078,-0.122,-0.098,-0.059
8.922,-0.015,-0.063,-0.049,0.039,0.015,-0.059,0.059,-0.029,-0.073,-0.117,-0.102,-0.059
8.924,-0.015,-0.073,-0.059,0.044,0.02,-0.068,0.054,-0.034,-0.073,-0.122,-0.102,-0.063
8.926,-0.015,-0.068,-0.054,0.044,0.02,-0.063,0.063,-0.029,-0.068,-0.117,-0.098,-0.054
8.928,-0.024,-0.083,-0.059,0.054,0.015,-0.073,0.059,-0.034,-0.068,-0.112,-0.098,-0.054
8.93,-0.005,-0.073,-0.068,0.039,0.029,-0.073,0.059,-0.034,-0.073,-0.117,-0.098,-0.054
8.932,0.01,-0.059,-0.068,0.024,0.039,-0.063,0.054,-0.039,-0.078,-0.127,-0.098,-0.054
8.934,-0.01,-0.073,-0.063,0.044,0.024,-0.068,0.059,-0.034,-0.078,-0.122,-0.098,-0.063
8.936,-0.029,-0.083,-0.054,0.059,0.01,-0.068,0.054,-0.034,-0.078,-0.117,-0.102,-0.068
8.938,-0.02,-0.078,-0.059,0.049,0.02,-0.068,0.059,-0.034,-0.068,-0.117,-0.098,-0.059
8.94,-0.01,-0.073,-0.063,0.044,0.024,-0.068,0.063,-0.029,-0.063,-0.112,-0.093,-0.059
8.942,-0.02,-0.068,-0.049,0.044,0.015,-0.059,0.063,-0.029,-0.063,-0.112,-0.098,-0.068
8.944,-0.024,-0.063,-0.039,0.044,0.005,-0.054,0.059,-0.029,-0.063,-0.107,-0.098,-0.068
8.946,-0.024,-0.068,-0.044,0.049,0.01,-0.059,0.059,-0.029,-0.063,-0.117,-0.098,-0.063
8.948,-0.015,-0.078,-0.063,0.049,0.024,-0.073,0.059,-0.034,-0.073,-0.112,-0.107,-0.068
8.95,-0.034,-0.088,-0.054,0.063,0.01,-0.073,0.059,-0.029,-0.073,-0.107,-0.102,-0.059
8.952,-0.024,-0.078,-0.054,0.054,0.015,-0.068,0.059,-0.029,-0.073,-0.107,-0.098,-0.054
8.954,-0.005,-0.054,-0.049,0.029,0.02,-0.054,0.068,-0.02,-0.068,-0.102,-0.083,-0.044
8.956,-0.024,-0.063,-0.039,0.044,0.005,-0.054,0.068,-0.024,-0.073,-0.112,-0.088,-0.049
8.958,-0.015,-0.068,-0.054,0.044,0.02,-0.063,0.068,-0.024,-0.068,-0.117,-0.093,-0.049
8.96,-0.015,-0.083,-0.068,0.049,0.024,-0.078,0.068,-0.024,-0.068,-0.117,-0.098,-0.054
8.962,-0.02,-0.078,-0.059,0.049,0.02,-0.068,0.068,-0.024,-0.068,-0.112,-0.098,-0.059
8.964,-0.015,-0.073,-0.059,0.044,0.02,-0.068,0.068,-0.024,-0.063,-0.107,-0.093,-0.049
8.966,-0.02,-0.073,-0.054,0.049,0.015,-0.063,0.068,-0.024,-0.059,-0.112,-0.093,-0.054
8.968,-0.024,-0.073,-0.049,0.049,0.01,-0.063,0.063,-0.034,-0.068,-0.117,-0.102,-0.063
8.97,-0.024,-0.073,-0.049,0.049,0.01,-0.063,0.063,-0.034,-0.073,-0.117,-0.102,-0.068
8.972,-0.029,-0.078,-0.049,0.054,0.01,-0.063,0.059,-0.034,-0.078,-0.117,-0.102,-0.068
8.974,-0.029,-0.078,-0.049,0.054,0.01,-0.063,0.063,-0.029,-0.073,-0.117,-0.107,-0.068
8.976,-0.024,-0.068,-0.044,0.049,0.01,-0.059,0.063,-0.024,-0.073,-0.112,-0.107,-0.068
8.978,-0.034,-0.078,-0.044,0.059,0.005,-0.063,0.063,-0.034,-0.073,-0.122,-0.107,-0.078
8.98,-0.024,-0.073,-0.049,0.049,0.01,-0.063,0.063,-0.034,-0.073,-0.117,-0.102,-0.063
8.982,-0.01,-0.063,-0.054,0.039,0.02,-0.059,0.063,-0.034,-0.068,-0.112,-0.098,-0.059
8.984,-0.015,-0.068,-0.054,0.044,0.02,-0.063,0.063,-0.034,-0.073,-0.117,-0.098,-0.049
8.986,-0.024,-0.073,-0.049,0.049,0.01,-0.063,0.068,-0.034,-0.068,-0.122,-0.093,-0.054
8.988,-0.039,-0.078,-0.039,0.059,0.0,-0.059,0.068,-0.039,-0.073,-0.122,-0.102,-0.059
8.99,-0.034,-0.078,-0.044,0.059,0.005,-0.063,0.063,-0.039,-0.083,-0.127,-0.107,-0.063
8.992,-0.015,-0.068,-0.054,0.044,0.02,-0.063,0.068,-0.034,-0.078,-0.122,-0.098,-0.059
8.994,-0.005,-0.063,-0.059,0.034,0.024,-0.063,0.073,-0.029,-0.073,-0.122,-0.088,-0.049
8.996,-0.005,-0.054,-0.049,0.029,0.02,-0.054,0.068,-0.029,-0.073,-0.117,-0.093,-0.054
8.998,-0.029,-0.083,-0.054,0.059,0.01,-0.068,0.059,-0.039,-0.078,-0.127,-0.107,-0.059
9.0,-0.029,-0.093,-0.063,0.063,0.015,-0.078,0.049,-0.049,-0.088,-0.137,-0.112,-0.068
9.002,-0.01,-0.073,-0.063,0.044,0.024,-0.068,0.054,-0.039,-0.078,-0.132,-0.107,-0.068
9.004,-0.02,-0.078,-0.059,0.049,0.02,-0.068,0.054,-0.044,-0.078,-0.127,-0.112,-0.063
9.006,-0.01,-0.073,-0.063,0.044,0.024,-0.068,0.063,-0.044,-0.068,-0.122,-0.102,-0.059
9.008,-0.005,-0.068,-0.063,0.039,0.029,-0.068,0.063,-0.034,-0.068,-0.122,-0.102,-0.059
9.01,-0.01,-0.068,-0.059,0.039,0.024,-0.063,0.068,-0.044,-0.068,-0.122,-0.107,-0.054
9.012,-0.02,-0.063,-0.044,0.044,0.01,-0.054,0.068,-0.029,-0.068,-0.117,-0.102,-0.049
9.014,-0.015,-0.063,-0.049,0.039,0.015,-0.059,0.068,-0.024,-0.063,-0.117,-0.093,-0.049
9.016,-0.005,-0.059,-0.054,0.034,0.024,-0.059,0.059,-0.039,-0.073,-0.127,-0.107,-0.059
9.018,-0.02,-0.068,-0.049,0.044,0.015,-0.059,0.063,-0.034,-0.073,-0.127,-0.107,-0.059
9.02,-0.029,-0.078,-0.049,0.054,0.01,-0.063,0.068,-0.034,-0.068,-0.122,-0.102,-0.059
9.022,-0.029,-0.073,-0.044,0.054,0.005,-0.059,0.063,-0.039,-0.078,-0.127,-0.117,-0.073
9.024,-0.024,-0.073,-0.049,0.049,0.01,-0.063,0.063,-0.044,-0.078,-0.132,-0.112,-0.068
9.026,-0.015,-0.063,-0.049,0.039,0.015,-0.059,0.073,-0.034,-0.063,-0.112,-0.102,-0.059
9.028,-0.015,-0.068,-0.054,0.044,0.02,-0.063,0.068,-0.039,-0.068,-0.122,-0.112,-0.068
9.03,-0.029,-0.083,-0.054,0.059,0.01,-0.068,0.068,-0.039,-0.073,-0.122,-0.112,-0.068
9.032,-0.029,-0.073,-0.044,0.054,0.005,-0.059,0.068,-0.039,-0.073,-0.122,-0.107,-0.063
9.034,-0.01,-0.068,-0.059,0.039,0.024,-0.063,0.078,-0.024,-0.063,-0.112,-0.102,-0.059
9.036,-0.02,-0.078,-0.059,0.049,0.02,-0.068,0.078,-0.02,-0.059,-0.117,-0.098,-0.054
9.038,-0.015,-0.059,-0.044,0.039,0.015,-0.054,0.068,-0.024,-0.068,-0.122,-0.107,-0.059
9.04,-0.015,-0.063,-0.049,0.039,0.015,-0.059,0.059,-0.039,-0.073,-0.127,-0.107,-0.063
9.042,-0.024,-0.068,-0.044,0.049,0.01,-0.059,0.054,-0.044,-0.078,-0.132,-0.112,-0.068
9.044,-0.02,-0.063,-0.044,0.044,0.01,-0.054,0.054,-0.049,-0.078,-0.132,-0.107,-0.063
9.046,-0.024,-0.068,-0.044,0.049,0.01,-0.059,0.063,-0.049,-0.078,-0.132,-0.117,-0.063
9.048,-0.024,-0.063,-0.039,0.044,0.005,-0.054,0.063,-0.044,-0.078,-0.127,-0.112,-0.063
9.05,-0.02,-0.054,-0.034,0.039,0.005,-0.044,0.063,-0.039,-0.073,-0.127,-0.107,-0.059
9.052,-0.029,-0.068,-0.039,0.049,0.005,-0.054,0.073,-0.034,-0.073,-0.122,-0.098,-0.049
9.054,-0.005,-0.063,-0.059,0.034,0.024,-0.063,0.068,-0.034,-0.073,-0.122,-0.102,-0.059
9.056,-0.005,-0.063,-0.059,0.034,0.024,-0.063,0.063,-0.034,-0.083,-0.137,-0.107,-0.063
9.058,-0.024,-0.068,-0.044,0.049,0.01,-0.059,0.063,-0.039,-0.078,-0.132,-0.107,-0.063
9.06,-0.034,-0.068,-0.034,0.054,0.0,-0.054,0.068,-0.034,-0.073,-0.127,-0.107,-0.063
9.062,-0.024,-0.063,-0.039,0.044,0.005,-0.054,0.063,-0.034,-0.073,-0.127,-0.107,-0.068
9.064,-0.01,-0.049,-0.039,0.029,0.015,-0.044,0.059,-0.039,-0.078,-0.127,-0.102,-0.063
9.066,-0.029,-0.063,-0.034,0.049,0.0,-0.049,0.059,-0.044,-0.078,-0.132,-0.112,-0.073
9.068,-0.039,-0.078,-0.039,0.059,0.0,-0.059,0.059,-0.044,-0.078,-0.132,-0.112,-0.073
9.07,-0.02,-0.059,-0.039,0.039,0.01,-0.049,0.063,-0.044,-0.078,-0.127,-0.107,-0.068
9.072,-0.034,-0.063,-0.029,0.049,-0.005,-0.049,0.063,-0.034,-0.073,-0.127,-0.107,-0.068
9.074,-0.034,-0.073,-0.039,0.054,0.0,-0.059,0.068,-0.034,-0.068,-0.117,-0.107,-0.059
9.076,-0.02,-0.063,-0.044,0.044,0.01,-0.054,0.063,-0.034,-0.068,-0.127,-0.112,-0.063
9.078,-0.029,-0.063,-0.034,0.049,0.0,-0.049,0.059,-0.039,-0.073,-0.132,-0.117,-0.073
9.08,-0.034,-0.063,-0.029,0.049,-0.005,-0.049,0.063,-0.039,-0.068,-0.127,-0.112,-0.063
9.082,-0.034,-0.054,-0.02,0.044,-0.01,-0.039,0.068,-0.034,-0.068,-0.122,-0.107,-0.059
9.084,-0.02,-0.044,-0.024,0.034,0.0,-0.034,0.059,-0.039,-0.078,-0.132,-0.107,-0.063
9.086,-0.01,-0.049,-0.039,0.029,0.015,-0.044,0.063,-0.039,-0.078,-0.132,-0.107,-0.059
9.088,-0.029,-0.059,-0.029,0.044,0.0,-0.044,0.059,-0.044,-0.083,-0.142,-0.117,-0.068
9.09,-0.034,-0.063,-0.029,0.049,-0.005,-0.049,0.063,-0.044,-0.078,-0.132,-0.107,-0.059
9.092,-0.02,-0.054,-0.034,0.039,0.005,-0.044,0.063,-0.044,-0.078,-0.137,-0.112,-0.059
9.094,-0.034,-0.054,-0.02,0.044,-0.01,-0.039,0.063,-0.039,-0.073,-0.132,-0.112,-0.059
9.096,-0.029,-0.059,-0.029,0.044,0.0,-0.044,0.063,-0.029,-0.078,-0.137,-0.117,-0.063
9.098,-0.024,-0.059,-0.034,0.044,0.005,-0.049,0.068,-0.034,-0.078,-0.137,-0.117,-0.063
9.1,-0.01,-0.044,-0.034,0.029,0.01,-0.039,0.063,-0.039,-0.078,-0.137,-0.117,-0.068
9.102,0.0,-0.039,-0.039,0.02,0.02,-0.039,0.073,-0.034,-0.063,-0.122,-0.112,-0.068
9.104,-0.005,-0.044,-0.039,0.024,0.015,-0.044,0.073,-0.034,-0.063,-0.127,-0.112,-0.068
9.106,-0.039,-0.073,-0.034,0.059,-0.005,-0.054,0.068,-0.039,-0.068,-0.132,-0.117,-0.073
9.108,-0.049,-0.078,-0.029,0.063,-0.01,-0.054,0.063,-0.039,-0.073,-0.137,-0.122,-0.078
9.11,-0.039,-0.068,-0.029,0.054,-0.005,-0.049,0.054,-0.049,-0.083,-0.142,-0.127,-0.083
9.112,-0.024,-0.054,-0.029,0.039,0.0,-0.044,0.063,-0.044,-0.078,-0.137,-0.122,-0.078
9.114,-0.044,-0.068,-0.024,0.059,-0.01,-0.049,0.059,-0.039,-0.083,-0.146,-0.122,-0.078
9.116,-0.029,-0.059,-0.029,0.044,0.0,-0.044,0.054,-0.044,-0.088,-0.151,-0.127,-0.078
9.118,0.0,-0.039,-0.039,0.02,0.02,-0.039,0.059,-0.044,-0.088,-0.151,-0.132,-0.078
9.12,-0.02,-0.049,-0.029,0.034,0.005,-0.039,0.059,-0.039,-0.083,-0.142,-0.122,-0.073
9.122,-0.029,-0.049,-0.02,0.039,-0.005,-0.034,0.063,-0.039,-0.078,-0.142,-0.117,-0.063
9.124,-0.015,-0.044,-0.029,0.029,0.005,-0.039,0.078,-0.029,-0.063,-0.127,-0.107,-0.059
9.126,-0.015,-0.049,-0.034,0.034,0.01,-0.044,0.068,-0.039,-0.073,-0.137,-0.117,-0.073
9.128,-0.024,-0.039,-0.015,0.034,-0.005,-0.029,0.068,-0.034,-0.073,-0.127,-0.107,-0.063
9.13,-0.034,-0.044,-0.01,0.039,-0.015,-0.029,0.063,-0.039,-0.078,-0.142,-0.122,-0.073
9.132,-0.044,-0.059,-0.015,0.054,-0.015,-0.039,0.063,-0.039,-0.078,-0.142,-0.122,-0.073
9.134,-0.02,-0.039,-0.02,0.029,0.0,-0.029,0.063,-0.034,-0.078,-0.137,-0.117,-0.068
9.136,-0.015,-0.044,-0.029,0.029,0.005,-0.039,0.054,-0.039,-0.083,-0.142,-0.122,-0.078
9.138,-0.024,-0.054,-0.029,0.039,0.0,-0.044,0.054,-0.054,-0.088,-0.151,-0.132,-0.088
9.14,-0.039,-0.059,-0.02,0.049,-0.01,-0.039,0.063,-0.044,-0.078,-0.137,-0.117,-0.073
9.142,-0.029,-0.044,-0.015,0.039,-0.01,-0.029,0.059,-0.049,-0.083,-0.142,-0.117,-0.073
9.144,-0.024,-0.039,-0.015,0.034,-0.005,-0.029,0.059,-0.049,-0.078,-0.146,-0.122,-0.073
9.146,-0.034,-0.039,-0.005,0.039,-0.015,-0.024,0.068,-0.044,-0.078,-0.142,-0.122,-0.073
9.148,-0.024,-0.034,-0.01,0.029,-0.01,-0.024,0.063,-0.039,-0.073,-0.137,-0.117,-0.073
9.15,-0.01,-0.029,-0.02,0.02,0.005,-0.024,0.063,-0.039,-0.068,-0.137,-0.117,-0.073
9.152,-0.015,-0.034,-0.02,0.024,0.0,-0.029,0.068,-0.034,-0.068,-0.137,-0.117,-0.068
9.154,-0.005,-0.029,-0.024,0.02,0.01,-0.029,0.063,-0.034,-0.078,-0.142,-0.122,-0.068
9.156,-0.02,-0.034,-0.015,0.029,-0.005,-0.024,0.063,-0.034,-0.083,-0.142,-0.122,-0.073
9.158,-0.039,-0.049,-0.01,0.044,-0.015,-0.029,0.054,-0.044,-0.088,-0.146,-0.127,-0.078
9.16,-0.02,-0.02,0.0,0.02,-0.01,-0.01,0.059,-0.044,-0.083,-0.142,-0.122,-0.078
9.162,-0.02,-0.029,-0.01,0.024,-0.005,-0.02,0.063,-0.039,-0.078,-0.137,-0.117,-0.068
9.164,-0.029,-0.039,-0.01,0.034,-0.01,-0.024,0.063,-0.044,-0.078,-0.142,-0.122,-0.073
9.166,-0.024,-0.029,-0.005,0.029,-0.01,-0.02,0.068,-0.039,-0.073,-0.137,-0.117,-0.078
9.168,-0.024,-0.029,-0.005,0.029,-0.01,-0.02,0.063,-0.034,-0.073,-0.137,-0.117,-0.083
9.17,-0.015,-0.029,-0.015,0.024,0.0,-0.024,0.059,-0.039,-0.073,-0.137,-0.122,-0.078
9.172,-0.015,-0.029,-0.015,0.024,0.0,-0.024,0.063,-0.029,-0.073,-0.137,-0.127,-0.078
9.174,-0.029,-0.049,-0.02,0.039,-0.005,-0.034,0.054,-0.034,-0.078,-0.142,-0.132,-0.088
9.176,-0.024,-0.054,-0.029,0.039,0.0,-0.044,0.054,-0.039,-0.078,-0.137,-0.132,-0.083
9.178,-0.015,-0.034,-0.02,0.024,0.0,-0.029,0.044,-0.049,-0.078,-0.146,-0.137,-0.088
9.18,-0.02,-0.029,-0.01,0.024,-0.005,-0.02,0.044,-0.049,-0.083,-0.146,-0.137,-0.083
9.182,-0.039,-0.049,-0.01,0.044,-0.015,-0.029,0.044,-0.049,-0.083,-0.146,-0.137,-0.083
9.184,-0.044,-0.044,0.0,0.044,-0.024,-0.024,0.049,-0.049,-0.083,-0.146,-0.132,-0.083
9.186,-0.024,-0.024,0.0,0.024,-0.015,-0.015,0.044,-0.054,-0.083,-0.151,-0.132,-0.078
9.188,-0.02,-0.029,-0.01,0.024,-0.005,-0.02,0.049,-0.049,-0.083,-0.151,-0.137,-0.078
9.19,-0.029,-0.029,0.0,0.029,-0.015,-0.015,0.049,-0.049,-0.083,-0.151,-0.137,-0.078
9.192,-0.024,-0.02,0.005,0.024,-0.015,-0.01,0.054,-0.044,-0.083,-0.151,-0.127,-0.068
9.194,-0.01,-0.015,-0.005,0.015,-0.005,-0.01,0.054,-0.039,-0.078,-0.146,-0.122,-0.068
9.196,-0.02,-0.034,-0.015,0.029,-0.005,-0.024,0.054,-0.044,-0.083,-0.151,-0.127,-0.068
9.198,-0.015,-0.029,-0.015,0.024,0.0,-0.024,0.054,-0.039,-0.078,-0.142,-0.127,-0.068
9.2,-0.02,-0.029,-0.01,0.024,-0.005,-0.02,0.054,-0.039,-0.078,-0.142,-0.132,-0.078
9.202,-0.02,-0.024,-0.005,0.024,-0.01,-0.015,0.044,-0.044,-0.078,-0.151,-0.137,-0.083
9.204,-0.034,-0.044,-0.01,0.039,-0.015,-0.029,0.044,-0.049,-0.088,-0.156,-0.137,-0.088
9.206,-0.049,-0.039,0.01,0.044,-0.029,-0.015,0.039,-0.054,-0.093,-0.161,-0.142,-0.093
9.208,-0.039,-0.039,0.0,0.039,-0.02,-0.02,0.044,-0.044,-0.088,-0.156,-0.137,-0.088
9.21,-0.029,-0.039,-0.01,0.034,-0.01,-0.024,0.054,-0.034,-0.078,-0.142,-0.122,-0.073
9.212,-0.034,-0.024,0.01,0.029,-0.024,-0.01,0.054,-0.039,-0.078,-0.142,-0.127,-0.078
9.214,-0.029,-0.034,-0.005,0.034,-0.015,-0.02,0.068,-0.024,-0.073,-0.132,-0.127,-0.073
9.216,-0.034,-0.034,0.0,0.034,-0.02,-0.02,0.059,-0.029,-0.078,-0.137,-0.127,-0.078
9.218,-0.049,-0.034,0.015,0.044,-0.034,-0.01,0.063,-0.029,-0.078,-0.142,-0.127,-0.078
9.22,-0.039,-0.024,0.015,0.034,-0.029,-0.005,0.068,-0.02,-0.063,-0.137,-0.117,-0.073
9.222,-0.029,-0.005,0.024,0.02,-0.029,0.01,0.068,-0.02,-0.063,-0.137,-0.127,-0.078
9.224,-0.015,0.01,0.024,0.005,-0.02,0.015,0.059,-0.024,-0.073,-0.142,-0.132,-0.083
9.226,-0.024,0.005,0.029,0.01,-0.029,0.015,0.059,-0.034,-0.073,-0.142,-0.137,-0.088
9.228,-0.034,-0.005,0.029,0.02,-0.034,0.01,0.063,-0.024,-0.068,-0.142,-0.132,-0.088
9.23,-0.034,-0.024,0.01,0.029,-0.024,-0.01,0.063,-0.015,-0.063,-0.137,-0.127,-0.088
9.232,-0.039,-0.029,0.01,0.034,-0.024,-0.01,0.059,-0.015,-0.063,-0.137,-0.132,-0.088
9.234,-0.015,0.0,0.015,0.01,-0.015,0.005,0.063,-0.015,-0.063,-0.132,-0.132,-0.083
9.236,0.005,0.024,0.02,-0.015,-0.01,0.02,0.078,0.005,-0.049,-0.122,-0.117,-0.063
9.238,0.0,0.024,0.024,-0.01,-0.015,0.024,0.078,0.005,-0.044,-0.122,-0.112,-0.063
9.24,-0.005,0.039,0.044,-0.015,-0.024,0.039,0.102,0.02,-0.029,-0.107,-0.098,-0.049
9.242,-0.005,0.049,0.054,-0.02,-0.029,0.049,0.117,0.024,-0.024,-0.102,-0.088,-0.044
9.244,0.0,0.054,0.054,-0.024,-0.029,0.054,0.112,0.029,-0.015,-0.098,-0.088,-0.044
9.246,-0.005,0.063,0.068,-0.029,-0.039,0.063,0.127,0.044,0.0,-0.083,-0.083,-0.039
9.248,-0.005,0.054,0.059,-0.024,-0.034,0.054,0.127,0.049,0.0,-0.078,-0.083,-0.034
9.25,0.02,0.059,0.039,-0.039,-0.01,0.049,0.127,0.054,0.0,-0.083,-0.088,-0.039
9.252,0.01,0.063,0.054,-0.034,-0.024,0.059,0.137,0.059,0.005,-0.078,-0.083,-0.039
9.254,-0.01,0.049,0.059,-0.02,-0.034,0.054,0.137,0.068,0.005,-0.078,-0.078,-0.049
9.256,-0.005,0.054,0.059,-0.024,-0.034,0.054,0.142,0.078,0.015,-0.068,-0.078,-0.044
9.258,0.01,0.068,0.059,-0.039,-0.024,0.063,0.146,0.088,0.029,-0.054,-0.073,-0.029
9.26,0.02,0.068,0.049,-0.044,-0.015,0.059,0.142,0.093,0.034,-0.054,-0.068,-0.029
9.262,0.024,0.068,0.044,-0.044,-0.01,0.054,0.142,0.098,0.039,-0.039,-0.063,-0.024
9.264,0.01,0.073,0.063,-0.039,-0.029,0.068,0.146,0.102,0.044,-0.034,-0.063,-0.024
9.266,0.01,0.083,0.073,-0.044,-0.034,0.078,0.151,0.102,0.049,-0.029,-0.054,-0.015
9.268,0.029,0.088,0.059,-0.059,-0.015,0.073,0.146,0.107,0.044,-0.039,-0.059,-0.02
9.27,0.039,0.093,0.054,-0.063,-0.01,0.073,0.137,0.107,0.044,-0.044,-0.059,-0.02
9.272,0.034,0.093,0.059,-0.063,-0.015,0.073,0.137,0.112,0.049,-0.039,-0.049,-0.015
9.274,0.034,0.093,0.059,-0.063,-0.015,0.073,0.122,0.098,0.034,-0.054,-0.054,-0.02
9.276,0.034,0.088,0.054,-0.059,-0.01,0.068,0.102,0.088,0.029,-0.054,-0.059,-0.024
9.278,0.024,0.098,0.073,-0.059,-0.024,0.083,0.088,0.078,0.029,-0.063,-0.059,-0.02
9.28,0.029,0.083,0.054,-0.054,-0.015,0.068,0.083,0.078,0.034,-0.059,-0.054,-0.015
9.282,0.044,0.078,0.034,-0.059,0.005,0.054,0.078,0.083,0.034,-0.054,-0.049,-0.01
9.284,0.039,0.078,0.039,-0.059,0.0,0.059,0.068,0.068,0.029,-0.063,-0.059,-0.015
9.286,0.029,0.088,0.059,-0.059,-0.015,0.073,0.044,0.044,0.01,-0.083,-0.068,-0.02
9.288,0.02,0.093,0.073,-0.054,-0.029,0.083,0.039,0.039,0.01,-0.078,-0.059,-0.01
9.29,0.01,0.098,0.088,-0.054,-0.039,0.093,0.034,0.024,0.005,-0.078,-0.059,-0.005
9.292,0.029,0.102,0.073,-0.063,-0.024,0.088,0.029,0.024,0.0,-0.078,-0.063,-0.005
9.294,0.039,0.117,0.078,-0.078,-0.02,0.098,0.034,0.024,-0.005,-0.083,-0.054,0.0
9.296,0.01,0.088,0.078,-0.049,-0.034,0.083,0.029,0.015,-0.02,-0.093,-0.068,-0.015
9.298,-0.005,0.059,0.063,-0.024,-0.034,0.059,0.02,-0.005,-0.034,-0.107,-0.078,-0.024
9.3,-0.005,0.044,0.049,-0.02,-0.029,0.044,0.02,-0.01,-0.034,-0.107,-0.083,-0.02
9.302,0.01,0.049,0.039,-0.029,-0.015,0.044,0.02,-0.02,-0.044,-0.112,-0.088,-0.024
9.304,0.01,0.059,0.049,-0.034,-0.02,0.054,0.024,-0.02,-0.044,-0.117,-0.098,-0.029
9.306,-0.005,0.039,0.044,-0.015,-0.024,0.039,0.015,-0.029,-0.054,-0.137,-0.102,-0.049
9.308,0.01,0.039,0.029,-0.024,-0.01,0.034,0.029,-0.024,-0.049,-0.127,-0.098,-0.054
9.31,-0.005,0.029,0.034,-0.01,-0.02,0.029,0.039,-0.02,-0.044,-0.122,-0.098,-0.059
9.312,-0.005,0.029,0.034,-0.01,-0.02,0.029,0.029,-0.029,-0.059,-0.127,-0.107,-0.063
9.314,0.015,0.024,0.01,-0.02,0.0,0.015,0.034,-0.024,-0.054,-0.132,-0.107,-0.063
9.316,0.024,0.01,-0.015,-0.015,0.02,-0.005,0.024,-0.024,-0.063,-0.142,-0.112,-0.068
9.318,0.01,-0.005,-0.015,0.0,0.01,-0.01,0.024,-0.029,-0.063,-0.137,-0.117,-0.063
9.32,0.0,0.005,0.005,0.0,-0.005,0.005,0.024,-0.034,-0.063,-0.137,-0.112,-0.059
9.322,0.0,0.01,0.01,-0.005,-0.005,0.01,0.029,-0.034,-0.063,-0.137,-0.107,-0.049
9.324,-0.005,-0.005,0.0,0.005,-0.005,-0.005,0.024,-0.029,-0.059,-0.137,-0.107,-0.044
9.326,0.0,0.015,0.015,-0.005,-0.01,0.015,0.029,-0.024,-0.049,-0.127,-0.098,-0.034
9.328,0.0,0.024,0.024,-0.01,-0.015,0.024,0.034,-0.01,-0.034,-0.117,-0.088,-0.029
9.33,0.0,0.044,0.044,-0.02,-0.024,0.044,0.039,0.0,-0.029,-0.107,-0.083,-0.029
9.332,0.01,0.044,0.034,-0.024,-0.015,0.039,0.034,0.005,-0.029,-0.107,-0.088,-0.034
9.334,0.005,0.02,0.015,-0.01,-0.005,0.015,0.039,0.0,-0.039,-0.112,-0.093,-0.044
9.336,-0.015,0.01,0.024,0.005,-0.02,0.015,0.039,-0.005,-0.049,-0.127,-0.107,-0.059
9.338,-0.059,-0.02,0.039,0.039,-0.049,0.01,0.034,-0.024,-0.073,-0.151,-0.137,-0.088
9.34,-0.034,-0.01,0.024,0.024,-0.029,0.005,0.049,-0.024,-0.078,-0.156,-0.146,-0.098
9.342,-0.02,-0.005,0.015,0.015,-0.02,0.005,0.049,-0.029,-0.078,-0.166,-0.156,-0.107
9.344,-0.044,-0.029,0.015,0.039,-0.029,-0.01,0.044,-0.034,-0.088,-0.176,-0.161,-0.112
9.346,-0.039,-0.024,0.015,0.034,-0.029,-0.005,0.049,-0.039,-0.088,-0.176,-0.166,-0.112
9.348,-0.039,-0.02,0.02,0.029,-0.029,0.0,0.049,-0.044,-0.088,-0.171,-0.166,-0.112
9.35,-0.049,-0.02,0.029,0.034,-0.039,0.005,0.044,-0.044,-0.093,-0.181,-0.166,-0.112
9.352,-0.049,-0.01,0.039,0.029,-0.044,0.015,0.044,-0.044,-0.088,-0.185,-0.166,-0.117
9.354,-0.054,-0.029,0.024,0.044,-0.039,-0.005,0.039,-0.054,-0.098,-0.185,-0.171,-0.122
9.356,-0.039,-0.029,0.01,0.034,-0.024,-0.01,0.049,-0.049,-0.093,-0.19,-0.166,-0.117
9.358,-0.029,-0.015,0.015,0.024,-0.024,0.0,0.049,-0.039,-0.088,-0.185,-0.161,-0.112
9.36,-0.044,-0.02,0.024,0.034,-0.034,0.0,0.049,-0.039,-0.083,-0.185,-0.171,-0.112
9.362,-0.063,-0.029,0.034,0.049,-0.049,0.0,0.054,-0.039,-0.083,-0.181,-0.171,-0.117
9.364,-0.068,-0.039,0.029,0.054,-0.049,-0.005,0.044,-0.049,-0.098,-0.185,-0.181,-0.122
9.366,-0.068,-0.044,0.024,0.059,-0.049,-0.01,0.049,-0.049,-0.093,-0.181,-0.181,-0.122
9.368,-0.044,-0.02,0.024,0.034,-0.034,0.0,0.049,-0.044,-0.093,-0.185,-0.181,-0.117
9.37,-0.054,-0.01,0.044,0.034,-0.049,0.015,0.049,-0.049,-0.102,-0.2,-0.176,-0.117
9.372,-0.044,-0.034,0.01,0.039,-0.029,-0.015,0.044,-0.049,-0.098,-0.2,-0.171,-0.122
9.374,-0.054,-0.034,0.02,0.044,-0.039,-0.01,0.049,-0.044,-0.093,-0.195,-0.181,-0.127
9.376,-0.059,-0.024,0.034,0.044,-0.049,0.005,0.054,-0.044,-0.093,-0.19,-0.176,-0.122
9.378,-0.044,-0.02,0.024,0.034,-0.034,0.0,0.059,-0.029,-0.088,-0.185,-0.166,-0.112
9.38,-0.039,0.0,0.039,0.02,-0.039,0.02,0.059,-0.029,-0.088,-0.185,-0.171,-0.117
9.382,-0.049,-0.01,0.039,0.029,-0.044,0.015,0.063,-0.034,-0.088,-0.181,-0.171,-0.112
9.384,-0.059,-0.01,0.049,0.034,-0.054,0.02,0.054,-0.049,-0.093,-0.195,-0.176,-0.122
9.386,-0.073,-0.034,0.039,0.054,-0.059,0.0,0.044,-0.054,-0.098,-0.2,-0.19,-0.132
9.388,-0.054,-0.015,0.039,0.034,-0.049,0.01,0.049,-0.049,-0.088,-0.19,-0.185,-0.132
9.39,-0.049,-0.005,0.044,0.029,-0.049,0.02,0.054,-0.039,-0.088,-0.185,-0.181,-0.132
9.392,-0.068,-0.029,0.039,0.049,-0.054,0.005,0.054,-0.049,-0.102,-0.19,-0.19,-0.142
9.394,-0.073,-0.034,0.039,0.054,-0.059,0.0,0.063,-0.034,-0.093,-0.19,-0.195,-0.142
9.396,-0.063,-0.034,0.029,0.049,-0.049,-0.005,0.078,-0.024,-0.093,-0.2,-0.2,-0.146
9.398,-0.049,-0.039,0.01,0.044,-0.029,-0.015,0.083,-0.015,-0.098,-0.22,-0.224,-0.166
9.4,-0.054,-0.054,0.0,0.054,-0.029,-0.029,0.112,0.005,-0.107,-0.249,-0.259,-0.19
9.402,-0.083,-0.098,-0.015,0.093,-0.034,-0.059,0.151,0.02,-0.117,-0.293,-0.312,-0.229
9.404,-0.107,-0.122,-0.015,0.117,-0.049,-0.068,0.185,0.044,-0.132,-0.337,-0.366,-0.273
9.406,-0.122,-0.137,-0.015,0.132,-0.054,-0.078,0.215,0.063,-0.132,-0.371,-0.415,-0.307
9.408,-0.127,-0.107,0.02,0.117,-0.073,-0.044,0.249,0.102,-0.112,-0.386,-0.444,-0.332
9.41,-0.142,-0.093,0.049,0.117,-0.098,-0.024,0.278,0.166,-0.088,-0.39,-0.459,-0.337
9.412,-0.151,-0.073,0.078,0.112,-0.117,0.0,0.312,0.244,-0.049,-0.39,-0.478,-0.351
9.414,-0.142,-0.049,0.093,0.098,-0.117,0.02,0.351,0.376,0.039,-0.351,-0.468,-0.337
9.416,-0.137,0.0,0.137,0.068,-0.137,0.068,0.386,0.512,0.122,-0.317,-0.449,-0.312
9.418,-0.112,0.059,0.171,0.029,-0.142,0.112,0.4,0.566,0.166,-0.303,-0.415,-0.264
9.42,-0.063,0.146,0.21,-0.039,-0.137,0.176,0.376,0.542,0.229,-0.229,-0.303,-0.161
9.422,-0.024,0.244,0.268,-0.107,-0.146,0.254,0.312,0.493,0.303,-0.102,-0.146,-0.029
9.424,0.049,0.361,0.312,-0.205,-0.132,0.337,0.185,0.415,0.39,0.073,0.059,0.137
9.426,0.137,0.508,0.371,-0.322,-0.117,0.439,0.044,0.327,0.527,0.337,0.342,0.351
9.428,0.224,0.644,0.42,-0.434,-0.098,0.532,-0.122,0.21,0.683,0.678,0.698,0.605
9.43,0.327,0.771,0.444,-0.547,-0.059,0.605,-0.307,0.083,0.834,1.044,1.064,0.869
9.432,0.439,0.913,0.473,-0.673,-0.02,0.693,-0.488,-0.049,1.005,1.459,1.459,1.132
9.434,0.517,1.01,0.493,-0.761,0.01,0.752,-0.664,-0.249,1.132,1.879,1.83,1.371
9.436,0.566,1.108,0.542,-0.834,0.01,0.825,-0.834,-0.42,1.283,2.279,2.181,1.601
9.438,0.586,1.171,0.586,-0.878,0.0,0.878,-0.976,-0.551,1.42,2.65,2.469,1.791
9.44,0.62,1.108,0.488,-0.864,0.063,0.795,-1.039,-0.542,1.625,3.011,2.674,1.854
9.442,0.649,0.937,0.288,-0.791,0.181,0.61,-1.098,-0.561,1.645,3.089,2.684,1.786
9.444,0.61,0.732,0.122,-0.669,0.244,0.425,-1.093,-0.693,1.41,2.855,2.503,1.615
9.446,0.556,0.576,0.02,-0.566,0.268,0.298,-1.025,-0.756,1.186,2.606,2.294,1.444
9.448,0.508,0.478,-0.029,-0.493,0.268,0.224,-0.952,-0.791,0.991,2.391,2.089,1.303
9.45,0.434,0.351,-0.083,-0.39,0.259,0.132,-0.893,-0.947,0.62,2.015,1.825,1.147
9.452,0.356,0.205,-0.151,-0.278,0.254,0.024,-0.825,-1.137,0.068,1.396,1.484,0.966
9.454,0.273,0.083,-0.19,-0.176,0.229,-0.054,-0.722,-1.244,-0.478,0.673,1.054,0.727
9.456,0.19,0.005,-0.185,-0.098,0.185,-0.093,-0.576,-1.21,-0.781,0.083,0.6,0.459
9.458,0.117,-0.054,-0.171,-0.029,0.142,-0.112,-0.459,-1.108,-0.869,-0.293,0.215,0.229
9.46,0.063,-0.098,-0.161,0.02,0.112,-0.132,-0.386,-1.01,-0.878,-0.508,-0.054,0.059
9.462,0.01,-0.117,-0.127,0.054,0.068,-0.122,-0.342,-0.917,-0.834,-0.566,-0.22,-0.054
9.464,-0.01,-0.117,-0.107,0.063,0.049,-0.112,-0.298,-0.825,-0.766,-0.551,-0.283,-0.127
9.466,-0.015,-0.127,-0.112,0.073,0.049,-0.122,-0.273,-0.717,-0.669,-0.498,-0.283,-0.146
9.468,-0.015,-0.107,-0.093,0.063,0.039,-0.102,-0.215,-0.595,-0.556,-0.41,-0.234,-0.137
9.47,-0.024,-0.083,-0.059,0.054,0.015,-0.073,-0.166,-0.483,-0.468,-0.337,-0.2,-0.127
9.472,-0.034,-0.073,-0.039,0.054,0.0,-0.059,-0.127,-0.395,-0.395,-0.303,-0.181,-0.127
9.474,-0.034,-0.054,-0.02,0.044,-0.01,-0.039,-0.083,-0.298,-0.327,-0.249,-0.161,-0.117
9.476,-0.034,-0.029,0.005,0.034,-0.02,-0.015,-0.054,-0.224,-0.283,-0.22,-0.146,-0.112
9.478,-0.054,-0.029,0.024,0.044,-0.039,-0.005,-0.034,-0.181,-0.249,-0.215,-0.156,-0.117
9.48,-0.068,-0.02,0.049,0.044,-0.059,0.015,-0.024,-0.156,-0.229,-0.22,-0.161,-0.122
9.482,-0.063,0.02,0.083,0.024,-0.073,0.049,-0.005,-0.132,-0.205,-0.21,-0.161,-0.117
9.484,-0.059,0.02,0.078,0.02,-0.068,0.049,0.02,-0.098,-0.181,-0.19,-0.142,-0.098
9.486,-0.063,0.02,0.083,0.024,-0.073,0.049,0.039,-0.093,-0.176,-0.2,-0.146,-0.093
9.488,-0.049,0.02,0.068,0.015,-0.059,0.044,0.044,-0.078,-0.166,-0.19,-0.142,-0.098
9.49,-0.049,0.01,0.059,0.02,-0.054,0.034,0.054,-0.059,-0.161,-0.195,-0.151,-0.102
9.492,-0.059,-0.005,0.054,0.034,-0.059,0.024,0.059,-0.044,-0.156,-0.2,-0.156,-0.117
9.494,-0.049,-0.01,0.039,0.029,-0.044,0.015,0.054,-0.034,-0.156,-0.21,-0.171,-0.127
9.496,-0.044,-0.01,0.034,0.029,-0.039,0.01,0.059,-0.02,-0.156,-0.215,-0.181,-0.137
9.498,-0.073,-0.02,0.054,0.049,-0.063,0.015,0.063,-0.01,-0.142,-0.22,-0.181,-0.137
9.5,-0.068,-0.015,0.054,0.044,-0.063,0.02,0.078,0.0,-0.122,-0.215,-0.181,-0.137
9.502,-0.068,-0.024,0.044,0.049,-0.059,0.01,0.078,0.005,-0.117,-0.21,-0.185,-0.132
9.504,-0.068,-0.029,0.039,0.049,-0.054,0.005,0.068,-0.01,-0.127,-0.215,-0.195,-0.146
9.506,-0.073,-0.015,0.059,0.044,-0.068,0.02,0.073,-0.005,-0.117,-0.22,-0.185,-0.132
9.508,-0.068,-0.029,0.039,0.049,-0.054,0.005,0.093,0.0,-0.107,-0.205,-0.176,-0.122
9.51,-0.039,0.0,0.039,0.02,-0.039,0.02,0.098,0.01,-0.102,-0.195,-0.166,-0.112
9.512,-0.039,0.01,0.049,0.015,-0.044,0.029,0.093,0.015,-0.102,-0.2,-0.176,-0.122
9.514,-0.063,-0.015,0.049,0.039,-0.059,0.015,0.102,0.029,-0.102,-0.2,-0.181,-0.132
9.516,-0.054,-0.005,0.049,0.029,-0.054,0.02,0.098,0.034,-0.107,-0.19,-0.176,-0.132
9.518,-0.054,-0.024,0.029,0.039,-0.044,0.0,0.102,0.034,-0.102,-0.2,-0.185,-0.132
9.52,-0.068,-0.029,0.039,0.049,-0.054,0.005,0.088,0.024,-0.098,-0.215,-0.2,-0.151
9.522,-0.063,0.0,0.063,0.034,-0.063,0.029,0.093,0.024,-0.098,-0.21,-0.2,-0.142
9.524,-0.059,-0.005,0.054,0.034,-0.059,0.024,0.088,0.015,-0.098,-0.21,-0.195,-0.137
9.526,-0.063,-0.01,0.054,0.039,-0.059,0.02,0.088,0.02,-0.083,-0.2,-0.181,-0.122
9.528,-0.068,-0.005,0.063,0.039,-0.068,0.029,0.088,0.02,-0.088,-0.19,-0.176,-0.122
9.53,-0.068,-0.034,0.034,0.054,-0.054,0.0,0.088,0.024,-0.093,-0.181,-0.156,-0.112
9.532,-0.054,-0.034,0.02,0.044,-0.039,-0.01,0.083,0.034,-0.083,-0.181,-0.156,-0.112
9.534,-0.063,-0.034,0.029,0.049,-0.049,-0.005,0.088,0.044,-0.078,-0.176,-0.151,-0.107
9.536,-0.063,-0.039,0.024,0.054,-0.044,-0.01,0.102,0.049,-0.083,-0.171,-0.151,-0.107
9.538,-0.039,-0.015,0.024,0.029,-0.034,0.005,0.093,0.054,-0.078,-0.176,-0.161,-0.112
9.54,-0.044,-0.01,0.034,0.029,-0.039,0.01,0.083,0.044,-0.078,-0.19,-0.176,-0.127
9.542,-0.044,0.0,0.044,0.024,-0.044,0.02,0.088,0.039,-0.078,-0.19,-0.176,-0.127
9.544,-0.049,0.005,0.054,0.024,-0.054,0.029,0.093,0.029,-0.083,-0.19,-0.176,-0.132
9.546,-0.054,-0.01,0.044,0.034,-0.049,0.015,0.098,0.039,-0.068,-0.181,-0.171,-0.122
9.548,-0.054,-0.005,0.049,0.029,-0.054,0.02,0.107,0.044,-0.063,-0.171,-0.166,-0.117
9.55,-0.054,-0.015,0.039,0.034,-0.049,0.01,0.102,0.039,-0.068,-0.171,-0.161,-0.117
9.552,-0.054,-0.015,0.039,0.034,-0.049,0.01,0.093,0.039,-0.078,-0.176,-0.166,-0.122
9.554,-0.049,-0.024,0.024,0.039,-0.039,0.0,0.093,0.044,-0.073,-0.171,-0.166,-0.122
9.556,-0.063,-0.044,0.02,0.054,-0.044,-0.015,0.093,0.054,-0.073,-0.166,-0.161,-0.122
9.558,-0.049,-0.01,0.039,0.029,-0.044,0.015,0.093,0.063,-0.068,-0.166,-0.161,-0.122
9.56,-0.054,-0.01,0.044,0.034,-0.049,0.015,0.093,0.063,-0.054,-0.176,-0.166,-0.122
9.562,-0.054,-0.024,0.029,0.039,-0.044,0.0,0.098,0.059,-0.063,-0.176,-0.161,-0.122
9.564,-0.034,-0.015,0.02,0.024,-0.029,0.0,0.093,0.059,-0.054,-0.166,-0.151,-0.112
9.566,-0.054,-0.015,0.039,0.034,-0.049,0.01,0.098,0.059,-0.044,-0.161,-0.146,-0.107
9.568,-0.054,-0.02,0.034,0.039,-0.044,0.005,0.102,0.059,-0.049,-0.151,-0.137,-0.112
9.57,-0.049,-0.005,0.044,0.029,-0.049,0.02,0.098,0.063,-0.044,-0.142,-0.137,-0.102
9.572,-0.049,-0.005,0.044,0.029,-0.049,0.02,0.098,0.063,-0.054,-0.151,-0.146,-0.107
9.574,-0.039,-0.01,0.029,0.024,-0.034,0.01,0.098,0.068,-0.049,-0.142,-0.146,-0.107
9.576,-0.068,-0.039,0.029,0.054,-0.049,-0.005,0.093,0.063,-0.059,-0.156,-0.151,-0.122
9.578,-0.078,-0.039,0.039,0.059,-0.059,0.0,0.083,0.059,-0.068,-0.161,-0.151,-0.122
9.58,-0.059,-0.024,0.034,0.044,-0.049,0.005,0.088,0.073,-0.049,-0.161,-0.156,-0.117
9.582,-0.039,-0.024,0.015,0.034,-0.029,-0.005,0.093,0.078,-0.039,-0.146,-0.146,-0.112
9.584,-0.039,-0.005,0.034,0.024,-0.039,0.015,0.078,0.073,-0.039,-0.151,-0.146,-0.107
9.586,-0.063,-0.01,0.054,0.039,-0.059,0.02,0.093,0.078,-0.024,-0.137,-0.142,-0.093
9.588,-0.059,-0.015,0.044,0.039,-0.054,0.015,0.093,0.078,-0.029,-0.137,-0.137,-0.098
9.59,-0.049,-0.02,0.029,0.034,-0.039,0.005,0.088,0.068,-0.039,-0.137,-0.137,-0.102
9.592,-0.044,-0.02,0.024,0.034,-0.034,0.0,0.083,0.063,-0.039,-0.146,-0.137,-0.102
9.594,-0.029,-0.01,0.02,0.02,-0.024,0.005,0.078,0.068,-0.044,-0.151,-0.142,-0.107
9.596,-0.034,-0.029,0.005,0.034,-0.02,-0.015,0.088,0.078,-0.044,-0.146,-0.137,-0.112
9.598,-0.049,-0.024,0.024,0.039,-0.039,0.0,0.078,0.073,-0.044,-0.146,-0.146,-0.117
9.6,-0.059,-0.024,0.034,0.044,-0.049,0.005,0.073,0.073,-0.044,-0.151,-0.151,-0.122
9.602,-0.049,-0.029,0.02,0.039,-0.034,-0.005,0.083,0.083,-0.034,-0.142,-0.142,-0.112
9.604,-0.054,-0.024,0.029,0.039,-0.044,0.0,0.073,0.063,-0.039,-0.146,-0.151,-0.112
9.606,-0.054,-0.02,0.034,0.039,-0.044,0.005,0.083,0.073,-0.029,-0.132,-0.142,-0.102
9.608,-0.044,-0.01,0.034,0.029,-0.039,0.01,0.088,0.078,-0.02,-0.122,-0.132,-0.088
9.61,-0.049,-0.024,0.024,0.039,-0.039,0.0,0.078,0.078,-0.02,-0.122,-0.117,-0.083
9.612,-0.044,-0.039,0.005,0.044,-0.024,-0.02,0.078,0.083,-0.024,-0.127,-0.117,-0.078
9.614,-0.039,-0.034,0.005,0.039,-0.024,-0.015,0.073,0.088,-0.029,-0.132,-0.117,-0.088
9.616,-0.044,-0.029,0.015,0.039,-0.029,-0.01,0.068,0.083,-0.039,-0.127,-0.122,-0.098
9.618,-0.049,-0.034,0.015,0.044,-0.034,-0.01,0.063,0.093,-0.029,-0.127,-0.127,-0.102
9.62,-0.054,-0.034,0.02,0.044,-0.039,-0.01,0.063,0.093,-0.024,-0.127,-0.127,-0.102
9.622,-0.044,-0.029,0.015,0.039,-0.029,-0.01,0.073,0.093,-0.02,-0.127,-0.122,-0.102
9.624,-0.044,-0.024,0.02,0.034,-0.034,-0.005,0.078,0.088,-0.01,-0.122,-0.127,-0.102
9.626,-0.039,-0.015,0.024,0.029,-0.034,0.005,0.068,0.083,-0.02,-0.122,-0.132,-0.112
9.628,-0.039,-0.01,0.029,0.024,-0.034,0.01,0.083,0.088,-0.005,-0.102,-0.117,-0.098
9.63,-0.024,-0.015,0.01,0.02,-0.02,-0.005,0.078,0.088,-0.01,-0.098,-0.112,-0.098
9.632,-0.024,-0.029,-0.005,0.029,-0.01,-0.02,0.078,0.098,-0.005,-0.098,-0.107,-0.088
9.634,-0.02,-0.039,-0.02,0.029,0.0,-0.029,0.083,0.107,0.0,-0.093,-0.102,-0.083
9.636,-0.049,-0.034,0.015,0.044,-0.034,-0.01,0.083,0.112,0.0,-0.093,-0.098,-0.083
9.638,-0.044,-0.029,0.015,0.039,-0.029,-0.01,0.063,0.107,0.0,-0.098,-0.102,-0.093
9.64,-0.039,-0.029,0.01,0.034,-0.024,-0.01,0.063,0.117,0.005,-0.102,-0.102,-0.098
9.642,-0.034,-0.024,0.01,0.029,-0.024,-0.01,0.054,0.107,-0.01,-0.102,-0.112,-0.107
9.644,-0.02,-0.01,0.01,0.015,-0.015,0.0,0.059,0.107,0.0,-0.098,-0.102,-0.102
9.646,-0.029,-0.02,0.01,0.024,-0.02,-0.005,0.059,0.107,0.02,-0.083,-0.098,-0.093
9.648,-0.02,-0.015,0.005,0.02,-0.015,-0.005,0.063,0.107,0.02,-0.073,-0.093,-0.088
9.65,-0.029,-0.015,0.015,0.024,-0.024,0.0,0.068,0.117,0.024,-0.059,-0.083,-0.083
9.652,-0.024,-0.015,0.01,0.02,-0.02,-0.005,0.059,0.112,0.024,-0.068,-0.083,-0.088
9.654,-0.015,-0.044,-0.029,0.029,0.005,-0.039,0.068,0.137,0.034,-0.054,-0.063,-0.078
9.656,-0.02,-0.073,-0.054,0.049,0.015,-0.063,0.073,0.146,0.039,-0.044,-0.063,-0.068
9.658,-0.024,-0.078,-0.054,0.054,0.015,-0.068,0.073,0.151,0.044,-0.044,-0.068,-0.078
9.66,-0.015,-0.068,-0.054,0.044,0.02,-0.063,0.078,0.161,0.049,-0.034,-0.063,-0.073
9.662,-0.015,-0.054,-0.039,0.034,0.01,-0.049,0.068,0.156,0.049,-0.034,-0.063,-0.078
9.664,-0.005,-0.005,0.0,0.005,-0.005,-0.005,0.054,0.146,0.054,-0.029,-0.063,-0.073
9.666,-0.02,0.02,0.039,0.0,-0.029,0.029,0.049,0.142,0.059,-0.024,-0.063,-0.063
9.668,-0.024,0.01,0.034,0.01,-0.029,0.02,0.044,0.137,0.054,-0.034,-0.063,-0.068
9.67,-0.034,-0.005,0.029,0.02,-0.034,0.01,0.029,0.137,0.044,-0.024,-0.063,-0.068
9.672,-0.02,0.005,0.024,0.01,-0.024,0.015,0.029,0.142,0.059,-0.02,-0.049,-0.059
9.674,-0.01,0.005,0.015,0.005,-0.015,0.01,0.029,0.156,0.063,-0.015,-0.044,-0.054
9.676,-0.01,-0.005,0.005,0.01,-0.01,0.0,0.039,0.176,0.073,-0.005,-0.034,-0.049
9.678,-0.01,0.024,0.034,-0.005,-0.024,0.029,0.029,0.171,0.068,-0.01,-0.034,-0.049
9.68,0.0,0.02,0.02,-0.01,-0.01,0.02,0.029,0.176,0.078,-0.005,-0.024,-0.034
9.682,-0.005,-0.01,-0.005,0.01,0.0,-0.01,0.034,0.181,0.083,0.005,-0.01,-0.029
9.684,-0.01,-0.029,-0.02,0.02,0.005,-0.024,0.034,0.171,0.088,0.01,-0.005,-0.024
9.686,0.0,-0.029,-0.029,0.015,0.015,-0.029,0.039,0.176,0.107,0.029,0.005,-0.02
9.688,0.01,-0.005,-0.015,0.0,0.01,-0.01,0.044,0.19,0.122,0.049,0.02,-0.01
9.69,0.02,0.02,0.0,-0.02,0.01,0.01,0.034,0.19,0.117,0.054,0.02,-0.01
9.692,0.02,0.01,-0.01,-0.015,0.015,0.0,0.034,0.205,0.127,0.063,0.034,-0.005
9.694,0.015,-0.015,-0.029,0.0,0.02,-0.024,0.039,0.224,0.142,0.083,0.049,0.005
9.696,0.02,-0.005,-0.024,-0.005,0.02,-0.015,0.044,0.234,0.146,0.088,0.054,0.005
9.698,0.024,0.01,-0.015,-0.015,0.02,-0.005,0.02,0.224,0.142,0.083,0.039,-0.01
9.7,0.034,0.005,-0.029,-0.02,0.029,-0.015,0.024,0.234,0.161,0.107,0.054,-0.005
9.702,0.044,0.024,-0.02,-0.034,0.029,0.0,0.034,0.259,0.181,0.132,0.068,0.01
9.704,0.054,0.034,-0.02,-0.044,0.034,0.005,0.034,0.264,0.2,0.146,0.083,0.02
9.706,0.034,0.024,-0.01,-0.029,0.02,0.005,0.034,0.259,0.215,0.156,0.083,0.02
9.708,0.024,0.01,-0.015,-0.015,0.02,-0.005,0.029,0.259,0.205,0.166,0.088,0.015
9.71,0.029,0.02,-0.01,-0.024,0.02,0.005,0.024,0.254,0.205,0.185,0.098,0.024
9.712,0.034,0.005,-0.029,-0.02,0.029,-0.015,0.02,0.273,0.22,0.195,0.122,0.039
9.714,0.034,-0.005,-0.039,-0.015,0.034,-0.024,0.01,0.278,0.215,0.2,0.127,0.044
9.716,0.049,0.02,-0.029,-0.034,0.039,-0.005,0.015,0.288,0.234,0.22,0.151,0.059
9.718,0.093,0.063,-0.029,-0.078,0.059,0.015,0.01,0.307,0.259,0.239,0.166,0.068
9.72,0.078,0.044,-0.034,-0.059,0.054,0.005,0.0,0.312,0.268,0.244,0.171,0.063
9.722,0.083,0.044,-0.039,-0.063,0.059,0.0,0.0,0.312,0.278,0.264,0.181,0.068
9.724,0.102,0.054,-0.049,-0.078,0.073,0.0,0.0,0.317,0.298,0.298,0.2,0.078
9.726,0.112,0.049,-0.063,-0.078,0.088,-0.01,0.0,0.322,0.317,0.312,0.215,0.093
9.728,0.102,0.054,-0.049,-0.078,0.073,0.0,0.0,0.332,0.327,0.332,0.234,0.107
9.73,0.093,0.054,-0.039,-0.073,0.063,0.005,-0.005,0.332,0.342,0.356,0.259,0.117
9.732,0.083,0.044,-0.039,-0.063,0.059,0.0,-0.015,0.346,0.346,0.376,0.273,0.132
9.734,0.088,0.044,-0.044,-0.063,0.063,0.0,-0.005,0.361,0.366,0.4,0.293,0.146
9.736,0.088,0.029,-0.059,-0.059,0.073,-0.015,-0.015,0.371,0.371,0.42,0.307,0.156
9.738,0.093,0.039,-0.054,-0.063,0.073,-0.01,-0.024,0.371,0.376,0.429,0.312,0.156
9.74,0.102,0.044,-0.059,-0.073,0.078,-0.01,-0.029,0.376,0.395,0.439,0.322,0.166
9.742,0.107,0.049,-0.059,-0.078,0.083,-0.005,-0.039,0.376,0.4,0.459,0.342,0.166
9.744,0.112,0.073,-0.039,-0.093,0.073,0.015,-0.034,0.39,0.425,0.493,0.371,0.185
9.746,0.117,0.068,-0.049,-0.093,0.083,0.01,-0.029,0.39,0.444,0.512,0.386,0.195
9.748,0.132,0.073,-0.059,-0.102,0.093,0.005,-0.039,0.386,0.444,0.527,0.395,0.195
9.75,0.151,0.083,-0.068,-0.117,0.107,0.005,-0.044,0.39,0.454,0.547,0.415,0.21
9.752,0.142,0.063,-0.078,-0.102,0.107,-0.01,-0.049,0.4,0.464,0.561,0.434,0.22
9.754,0.161,0.049,-0.112,-0.102,0.137,-0.034,-0.054,0.405,0.478,0.581,0.444,0.234
9.756,0.156,0.024,-0.132,-0.088,0.142,-0.054,-0.049,0.425,0.493,0.61,0.468,0.254
9.758,0.142,0.01,-0.132,-0.073,0.137,-0.063,-0.054,0.425,0.498,0.615,0.483,0.254
9.76,0.156,0.063,-0.093,-0.107,0.122,-0.015,-0.068,0.42,0.498,0.615,0.478,0.259
9.762,0.176,0.098,-0.078,-0.137,0.127,0.01,-0.083,0.405,0.488,0.615,0.478,0.249
9.764,0.185,0.117,-0.068,-0.151,0.127,0.024,-0.093,0.405,0.498,0.63,0.493,0.259
9.766,0.181,0.083,-0.098,-0.132,0.137,-0.01,-0.083,0.415,0.522,0.649,0.512,0.278
9.768,0.166,0.073,-0.093,-0.117,0.127,-0.01,-0.088,0.4,0.522,0.664,0.522,0.283
9.77,0.171,0.093,-0.078,-0.132,0.122,0.005,-0.093,0.395,0.512,0.669,0.532,0.293
9.772,0.176,0.098,-0.078,-0.137,0.127,0.01,-0.098,0.405,0.522,0.678,0.542,0.303
9.774,0.176,0.083,-0.093,-0.127,0.132,-0.005,-0.107,0.4,0.522,0.683,0.556,0.303
9.776,0.156,0.068,-0.088,-0.112,0.122,-0.01,-0.107,0.405,0.527,0.693,0.566,0.307
9.778,0.185,0.093,-0.093,-0.137,0.137,0.0,-0.117,0.395,0.522,0.688,0.566,0.307
9.78,0.2,0.098,-0.102,-0.146,0.151,-0.005,-0.117,0.4,0.532,0.703,0.576,0.317
9.782,0.19,0.093,-0.098,-0.142,0.142,-0.005,-0.112,0.39,0.537,0.712,0.581,0.322
9.784,0.181,0.083,-0.098,-0.132,0.137,-0.01,-0.112,0.39,0.542,0.717,0.586,0.327
9.786,0.195,0.107,-0.088,-0.151,0.142,0.01,-0.107,0.39,0.551,0.727,0.59,0.337
9.788,0.205,0.117,-0.088,-0.161,0.146,0.015,-0.102,0.39,0.547,0.732,0.595,0.346
9.79,0.21,0.117,-0.093,-0.161,0.151,0.01,-0.107,0.376,0.537,0.727,0.595,0.342
9.792,0.22,0.127,-0.093,-0.171,0.156,0.015,-0.112,0.376,0.537,0.732,0.6,0.361
9.794,0.215,0.117,-0.098,-0.166,0.156,0.01,-0.117,0.361,0.522,0.712,0.595,0.356
9.796,0.195,0.098,-0.098,-0.146,0.146,0.0,-0.137,0.351,0.503,0.698,0.586,0.351
9.798,0.195,0.093,-0.102,-0.142,0.146,-0.005,-0.132,0.342,0.493,0.683,0.576,0.342
9.8,0.224,0.112,-0.112,-0.166,0.166,0.0,-0.127,0.342,0.503,0.683,0.576,0.351
9.802,0.2,0.112,-0.088,-0.156,0.142,0.01,-0.132,0.327,0.488,0.664,0.566,0.342
9.804,0.171,0.107,-0.063,-0.137,0.117,0.02,-0.132,0.317,0.478,0.664,0.561,0.337
9.806,0.181,0.102,-0.078,-0.142,0.127,0.01,-0.127,0.303,0.473,0.644,0.547,0.327
9.808,0.205,0.098,-0.107,-0.151,0.156,-0.005,-0.122,0.298,0.464,0.644,0.542,0.332
9.81,0.185,0.098,-0.088,-0.142,0.137,0.005,-0.112,0.288,0.459,0.63,0.537,0.332
9.812,0.181,0.107,-0.073,-0.142,0.127,0.015,-0.112,0.283,0.444,0.615,0.527,0.327
9.814,0.171,0.102,-0.068,-0.137,0.117,0.015,-0.102,0.278,0.429,0.59,0.508,0.322
9.816,0.161,0.098,-0.063,-0.127,0.112,0.015,-0.117,0.264,0.405,0.571,0.488,0.303
9.818,0.166,0.088,-0.078,-0.127,0.122,0.005,-0.112,0.244,0.381,0.542,0.464,0.293
9.82,0.161,0.083,-0.078,-0.122,0.117,0.0,-0.122,0.229,0.366,0.527,0.449,0.283
9.822,0.156,0.098,-0.059,-0.127,0.107,0.02,-0.112,0.22,0.356,0.512,0.444,0.283
9.824,0.151,0.093,-0.059,-0.122,0.102,0.015,-0.117,0.205,0.342,0.488,0.429,0.278
9.826,0.142,0.083,-0.059,-0.112,0.098,0.01,-0.112,0.195,0.332,0.468,0.41,0.268
9.828,0.137,0.083,-0.054,-0.107,0.093,0.015,-0.117,0.171,0.307,0.449,0.39,0.254
9.83,0.142,0.078,-0.063,-0.107,0.102,0.005,-0.107,0.161,0.293,0.429,0.376,0.244
9.832,0.122,0.063,-0.059,-0.093,0.088,0.0,-0.093,0.161,0.283,0.41,0.371,0.239
9.834,0.122,0.098,-0.024,-0.107,0.073,0.034,-0.102,0.146,0.254,0.376,0.337,0.22
9.836,0.117,0.068,-0.049,-0.093,0.083,0.01,-0.088,0.137,0.234,0.356,0.317,0.205
9.838,0.098,0.049,-0.049,-0.073,0.073,0.0,-0.078,0.127,0.224,0.342,0.303,0.19
9.84,0.107,0.044,-0.063,-0.073,0.083,-0.01,-0.083,0.122,0.22,0.327,0.283,0.181
9.842,0.102,0.063,-0.039,-0.083,0.068,0.01,-0.078,0.102,0.205,0.303,0.268,0.171
9.844,0.102,0.083,-0.02,-0.093,0.059,0.029,-0.078,0.088,0.185,0.283,0.249,0.166
9.846,0.083,0.054,-0.029,-0.068,0.054,0.01,-0.068,0.088,0.176,0.273,0.244,0.171
9.848,0.078,0.044,-0.034,-0.059,0.054,0.005,-0.078,0.063,0.151,0.254,0.229,0.161
9.85,0.088,0.054,-0.034,-0.068,0.059,0.01,-0.073,0.049,0.137,0.239,0.215,0.156
9.852,0.068,0.054,-0.015,-0.059,0.039,0.02,-0.068,0.049,0.127,0.22,0.2,0.142
9.854,0.049,0.039,-0.01,-0.044,0.029,0.015,-0.063,0.049,0.112,0.2,0.19,0.137
9.856,0.063,0.049,-0.015,-0.054,0.039,0.015,-0.063,0.044,0.098,0.19,0.171,0.127
9.858,0.059,0.044,-0.015,-0.049,0.034,0.015,-0.063,0.034,0.088,0.171,0.156,0.112
9.86,0.049,0.015,-0.034,-0.029,0.039,-0.01,-0.059,0.029,0.093,0.166,0.151,0.112
9.862,0.044,0.015,-0.029,-0.029,0.034,-0.01,-0.044,0.029,0.088,0.156,0.146,0.107
9.864,0.024,0.015,-0.01,-0.02,0.015,0.0,-0.054,0.015,0.068,0.137,0.132,0.093
9.866,0.024,0.005,-0.02,-0.015,0.02,-0.01,-0.054,0.0,0.054,0.112,0.107,0.083
9.868,0.024,0.005,-0.02,-0.015,0.02,-0.01,-0.054,-0.01,0.044,0.102,0.098,0.073
9.87,0.01,-0.01,-0.02,0.0,0.015,-0.015,-0.044,-0.015,0.029,0.088,0.088,0.068
9.872,0.049,0.034,-0.015,-0.039,0.029,0.01,-0.024,0.005,0.039,0.088,0.102,0.073
9.874,0.054,0.029,-0.024,-0.039,0.039,0.0,-0.029,0.0,0.029,0.073,0.083,0.063
9.876,0.034,0.015,-0.02,-0.024,0.024,-0.005,-0.034,-0.015,0.0,0.054,0.063,0.039
9.878,0.024,0.01,-0.015,-0.015,0.02,-0.005,-0.029,-0.01,0.0,0.044,0.054,0.039
9.88,0.029,0.02,-0.01,-0.024,0.02,0.005,-0.034,-0.015,0.0,0.039,0.044,0.029
9.882,0.02,0.005,-0.015,-0.01,0.015,-0.005,-0.029,-0.024,-0.01,0.034,0.034,0.029
9.884,0.015,0.005,-0.01,-0.01,0.01,-0.005,-0.02,-0.024,-0.005,0.029,0.034,0.039
9.886,0.01,-0.005,-0.015,0.0,0.01,-0.01,-0.015,-0.024,-0.015,0.02,0.034,0.034
9.888,0.015,-0.01,-0.024,0.0,0.02,-0.02,-0.015,-0.029,-0.015,0.02,0.029,0.034
9.89,0.0,-0.024,-0.024,0.015,0.01,-0.024,-0.024,-0.044,-0.034,0.0,0.02,0.029
9.892,0.015,-0.005,-0.02,-0.005,0.015,-0.015,-0.029,-0.044,-0.039,-0.01,0.015,0.029
9.894,0.015,-0.01,-0.024,0.0,0.02,-0.02,-0.02,-0.029,-0.034,-0.005,0.015,0.034
9.896,0.005,-0.005,-0.01,0.0,0.005,-0.01,-0.024,-0.039,-0.049,-0.02,0.0,0.02
9.898,-0.005,-0.01,-0.005,0.01,0.0,-0.01,-0.01,-0.029,-0.044,-0.029,-0.01,0.01
9.9,-0.015,-0.024,-0.01,0.02,-0.005,-0.02,-0.01,-0.024,-0.034,-0.029,-0.015,0.01
9.902,-0.01,-0.015,-0.005,0.015,-0.005,-0.01,0.0,-0.024,-0.039,-0.039,-0.02,0.005
9.904,0.015,-0.015,-0.029,0.0,0.02,-0.024,-0.005,-0.034,-0.044,-0.049,-0.029,-0.01
9.906,0.005,-0.034,-0.039,0.015,0.02,-0.039,-0.005,-0.039,-0.049,-0.044,-0.029,-0.01
9.908,0.0,-0.039,-0.039,0.02,0.02,-0.039,0.005,-0.024,-0.039,-0.029,-0.015,0.005
9.91,0.005,-0.029,-0.034,0.015,0.02,-0.034,0.02,-0.01,-0.039,-0.024,0.0,0.02
9.912,0.005,-0.015,-0.02,0.005,0.01,-0.02,0.01,-0.02,-0.049,-0.044,-0.01,0.0
9.914,0.015,-0.005,-0.02,-0.005,0.015,-0.015,-0.005,-0.024,-0.063,-0.054,-0.02,-0.01
9.916,0.005,-0.01,-0.015,0.005,0.01,-0.015,0.0,-0.024,-0.068,-0.059,-0.024,-0.015
9.918,-0.024,-0.005,0.02,0.015,-0.024,0.005,-0.005,-0.029,-0.073,-0.068,-0.039,-0.02
9.92,-0.024,-0.024,0.0,0.024,-0.015,-0.015,0.005,-0.02,-0.054,-0.063,-0.034,-0.015
9.922,-0.015,-0.015,0.0,0.015,-0.01,-0.01,-0.005,-0.02,-0.063,-0.063,-0.044,-0.015
9.924,-0.02,-0.01,0.01,0.015,-0.015,0.0,-0.01,-0.029,-0.063,-0.073,-0.049,-0.024
9.926,-0.024,-0.029,-0.005,0.029,-0.01,-0.02,0.0,-0.024,-0.063,-0.063,-0.049,-0.015
9.928,-0.02,-0.024,-0.005,0.024,-0.01,-0.015,0.005,-0.02,-0.049,-0.054,-0.039,-0.005
9.93,-0.005,-0.015,-0.01,0.01,0.0,-0.015,0.02,-0.005,-0.049,-0.049,-0.034,0.005
9.932,-0.005,-0.005,0.0,0.005,-0.005,-0.005,0.015,-0.01,-0.054,-0.063,-0.034,-0.005
9.934,0.0,0.005,0.005,0.0,-0.005,0.005,0.015,-0.015,-0.059,-0.068,-0.039,-0.005
9.936,-0.01,-0.01,0.0,0.01,-0.005,-0.005,0.015,-0.005,-0.059,-0.063,-0.034,-0.005
9.938,-0.015,-0.02,-0.005,0.02,-0.005,-0.015,0.01,-0.01,-0.059,-0.068,-0.044,-0.005
9.94,0.01,-0.005,-0.015,0.0,0.01,-0.01,0.005,0.0,-0.044,-0.059,-0.034,0.0
9.942,0.015,0.0,-0.015,-0.005,0.015,-0.01,0.005,0.0,-0.054,-0.059,-0.039,0.0
9.944,-0.02,-0.024,-0.005,0.024,-0.01,-0.015,0.0,-0.02,-0.054,-0.063,-0.049,-0.01
9.946,-0.02,-0.029,-0.01,0.024,-0.005,-0.02,0.01,-0.005,-0.039,-0.049,-0.034,-0.005
9.948,-0.005,-0.039,-0.034,0.024,0.015,-0.039,0.01,0.005,-0.029,-0.039,-0.024,0.005
9.95,0.0,-0.02,-0.02,0.01,0.01,-0.02,0.015,0.01,-0.029,-0.034,-0.02,0.01
9.952,0.0,-0.024,-0.024,0.015,0.01,-0.024,0.015,0.015,-0.024,-0.034,-0.015,0.01
9.954,0.0,-0.039,-0.039,0.02,0.02,-0.039,0.015,0.015,-0.02,-0.034,-0.01,0.015
9.956,0.005,-0.024,-0.029,0.01,0.015,-0.029,0.015,0.02,-0.024,-0.029,-0.005,0.01
9.958,0.0,-0.015,-0.015,0.01,0.005,-0.015,0.005,0.01,-0.029,-0.034,-0.015,0.005
9.96,-0.005,-0.024,-0.02,0.015,0.005,-0.024,0.0,0.005,-0.02,-0.029,-0.01,0.01
9.962,0.01,-0.024,-0.034,0.01,0.02,-0.029,0.0,0.02,-0.015,-0.015,-0.005,0.015
9.964,0.005,-0.02,-0.024,0.01,0.015,-0.024,0.0,0.02,-0.01,-0.01,-0.005,0.015
9.966,-0.015,-0.02,-0.005,0.02,-0.005,-0.015,0.0,0.01,-0.005,-0.01,0.0,0.02
9.968,-0.029,-0.034,-0.005,0.034,-0.015,-0.02,-0.005,0.01,-0.005,0.0,0.005,0.02
9.97,-0.024,-0.039,-0.015,0.034,-0.005,-0.029,-0.005,0.01,-0.01,0.0,0.005,0.029
9.972,0.01,-0.02,-0.029,0.005,0.02,-0.024,0.015,0.029,0.01,0.015,0.029,0.049
9.974,0.005,-0.044,-0.049,0.02,0.024,-0.049,0.015,0.029,0.01,0.015,0.034,0.054
9.976,-0.024,-0.073,-0.049,0.049,0.01,-0.063,0.005,0.024,0.0,0.01,0.024,0.039
9.978,-0.005,-0.01,-0.005,0.01,0.0,-0.01,-0.01,0.02,-0.015,0.0,0.015,0.034
9.98,0.0,0.0,0.0,0.0,0.0,0.0,-0.01,0.015,-0.005,0.01,0.02,0.039
9.982,0.005,-0.015,-0.02,0.005,0.01,-0.02,0.0,0.024,0.015,0.024,0.029,0.049
9.984,0.01,-0.005,-0.015,0.0,0.01,-0.01,-0.005,0.01,0.0,0.015,0.024,0.034
9.986,-0.01,-0.029,-0.02,0.02,0.005,-0.024,-0.01,0.005,-0.005,0.015,0.024,0.044
9.988,-0.015,-0.024,-0.01,0.02,-0.005,-0.02,0.0,0.005,0.01,0.029,0.039,0.049
9.99,-0.005,-0.024,-0.02,0.015,0.005,-0.024,-0.005,0.005,-0.005,0.024,0.034,0.044
9.992,0.02,-0.039,-0.059,0.01,0.039,-0.049,-0.015,0.0,-0.005,0.024,0.039,0.039
9.994,0.005,-0.034,-0.039,0.015,0.02,-0.039,-0.01,0.01,0.01,0.029,0.044,0.044
9.996,0.0,-0.01,-0.01,0.005,0.005,-0.01,-0.02,0.0,-0.005,0.02,0.029,0.02
9.998,0.015,-0.01,-0.024,0.0,0.02,-0.02,-0.02,0.005,-0.005,0.024,0.029,0.029
